id,last_scraped,days,host_since,country,room_type,bathrooms,bedrooms,price,number_of_reviews,review_scores_cleanliness,review_scores_location,review_scores_value,instant_bookable,Sydney
16194102,42829,489,42340,Australia,Entire home/apt,2,2,152,0,,,,t,1
16231561,42830,160,42670,Australia,Entire home/apt,1,0,95,19,10,10,9,t,1
15526112,42830,480,42350,Australia,Entire home/apt,1,3,300,4,10,10,9,f,1
4849322,42830,1486,41344,Australia,Private room,2,1,75,23,9,10,10,f,1
11537464,42829,403,42426,Australia,Entire home/apt,4,4,1000,1,10,10,8,f,1
8956578,42829,541,42288,Australia,Entire home/apt,2,3,250,4,10,10,9,f,1
15749144,42829,156,42673,Australia,Entire home/apt,1,1,85,1,10,10,10,f,1
8377514,42830,569,42261,Australia,Entire home/apt,2,2,92,2,10,10,9,f,1
14659573,42829,532,42297,Australia,Entire home/apt,1,3,395,9,10,8,9,t,1
16229346,42829,419,42410,Australia,Entire home/apt,2,2,200,1,10,10,8,f,1
9298744,42829,673,42156,Australia,Entire home/apt,1,1,99,26,10,10,10,f,1
9079745,42829,528,42301,Australia,Entire home/apt,3.5,6,950,17,10,10,9,f,1
4608308,42829,1206,41623,Australia,Entire home/apt,1,1,166,6,10,10,9,f,1
16221455,42829,444,42385,Australia,Entire home/apt,1,1,100,5,10,10,10,f,1
9959193,42829,479,42350,Australia,Entire home/apt,1,0,100,25,10,10,10,f,1
4584595,42830,872,41958,Australia,Entire home/apt,1,3,399,1,10,10,10,f,1
13629460,42830,547,42283,Australia,Private room,1,1,89,0,,,,f,1
16770866,42830,600,42230,Australia,Entire home/apt,1,1,141,0,,,,t,1
17497905,42830,202,42628,Australia,Private room,1,0,120,5,10,10,10,t,1
9243937,42830,534,42296,Australia,Entire home/apt,2,4,399,1,10,8,10,t,1
17847325,42829,13,42816,Australia,Entire home/apt,2,2,180,0,,,,t,1
13520997,42829,1043,41786,Australia,Private room,1,1,150,0,,,,f,1
15329201,42830,367,42463,Australia,Entire home/apt,1,0,75,10,10,9,10,f,1
7873019,42829,599,42230,Australia,Entire home/apt,2,3,100,10,10,9,9,f,1
11064388,42829,935,41894,Australia,Entire home/apt,3,6,1401,0,,,,f,1
9960465,42830,479,42351,Australia,Entire home/apt,2,3,200,0,,,,f,1
16182270,42829,456,42373,Australia,Entire home/apt,2,4,208,0,,,,f,1
301574,42829,2849,39980,Australia,Entire home/apt,2,3,208,0,,,,f,1
16054572,42829,135,42694,Australia,Entire home/apt,1,2,189,8,10,9,10,f,1
17496695,42829,35,42794,Australia,Entire home/apt,1.5,2,150,0,,,,f,1
15261711,42829,1291,41538,Australia,Entire home/apt,1,1,175,45,10,10,10,t,1
6546396,42829,679,42150,Australia,Entire home/apt,1,2,120,6,10,10,10,f,1
3669962,42830,1414,41416,Australia,Private room,1,1,95,41,9,10,10,f,1
8691754,42830,667,42163,Australia,Private room,1,1,169,20,10,10,10,t,1
17998724,42829,3,42826,Australia,Entire home/apt,1,3,250,0,,,,t,1
17097317,42829,60,42769,Australia,Entire home/apt,1.5,2,300,0,,,,t,1
14455472,42829,237,42592,Australia,Private room,1,1,250,0,,,,t,1
13361911,42829,476,42353,Australia,Entire home/apt,1.5,3,451,1,10,8,10,f,1
6092940,42830,716,42114,Australia,Entire home/apt,1,1,100,34,10,10,10,f,1
9829360,42830,486,42344,Australia,Entire home/apt,1,4,210,0,,,,f,1
4345073,42829,1277,41552,Australia,Entire home/apt,1,0,175,105,10,10,9,t,1
16246993,42830,121,42709,Australia,Entire home/apt,1,3,451,0,,,,t,1
16740367,42830,265,42565,Australia,Private room,1,1,148,8,10,10,10,f,1
5673520,42829,1002,41827,Australia,Private room,2,1,66,0,,,,f,1
10417407,42830,816,42014,Australia,Entire home/apt,1,1,120,61,10,10,10,f,1
9012648,42829,532,42297,Australia,Private room,1,1,275,5,10,10,10,t,1
16245554,42829,673,42156,Australia,Entire home/apt,1,1,99,4,8,10,10,t,1
16314852,42830,456,42374,Australia,Private room,1,1,197,7,9,10,9,f,1
1240947,42829,1398,41431,Australia,Private room,1,1,200,30,10,10,9,f,1
13098938,42829,512,42317,Australia,Private room,1,1,210,0,,,,f,1
16900534,42829,569,42260,Australia,Private room,1,1,71,6,10,10,8,f,1
3321966,42829,1025,41804,Australia,Entire home/apt,1,1,100,45,10,10,10,f,1
4387830,42830,928,41902,Australia,Entire home/apt,2,3,399,2,8,10,10,t,1
8906623,42830,539,42291,Australia,Entire home/apt,1,2,200,11,10,10,10,t,1
12840533,42830,779,42051,Australia,Entire home/apt,1,3,250,16,9,10,8,f,1
1700345,42829,1291,41538,Australia,Entire home/apt,1,1,110,21,10,10,10,f,1
13362491,42829,304,42525,Australia,Entire home/apt,2,3,226,0,,,,t,1
16327850,42828,926,41902,Australia,Entire home/apt,1,2,115,14,10,10,9,t,1
12057230,42830,374,42456,Australia,Entire home/apt,1,1,179,27,10,10,10,t,1
13270276,42830,1456,41374,Australia,Entire home/apt,1,1,150,19,9,10,10,t,1
15604936,42829,1577,41252,Australia,Private room,2.5,1,95,3,9,10,10,f,1
9369359,42830,513,42317,Australia,Private room,1,1,210,4,10,10,10,f,1
9670287,42829,740,42089,Australia,Private room,1,1,145,0,,,,f,1
1472836,42829,1441,41388,Australia,Private room,1,1,121,1,10,10,8,f,1
10809667,42830,573,42257,Australia,Entire home/apt,1.5,1,110,3,10,10,10,f,1
16975092,42829,481,42348,Australia,Entire home/apt,1,2,105,0,,,,t,1
85050,42829,2200,40629,Australia,Private room,1,1,150,4,9,10,8,f,1
17180014,42829,1341,41488,Australia,Entire home/apt,1,2,125,0,,,,t,1
909118,42829,1527,41302,Australia,Entire home/apt,1,1,100,82,10,10,10,f,1
4652541,42830,864,41966,Australia,Entire home/apt,1,1,83,48,9,9,9,f,1
11045671,42829,426,42403,Australia,Entire home/apt,2.5,4,390,2,10,9,9,f,1
13497494,42830,296,42534,Australia,Entire home/apt,1,2,250,3,9,10,9,f,1
5894600,42830,732,42098,Australia,Entire home/apt,1.5,2,850,0,,,,t,1
7663288,42830,613,42217,Australia,Entire home/apt,1,0,141,6,10,10,10,f,1
6278245,42829,1715,41114,Australia,Entire home/apt,2,3,1000,4,10,10,9,f,1
15525086,42829,170,42659,Australia,Entire home/apt,2,3,250,1,8,10,10,f,1
10272778,42829,702,42127,Australia,Entire home/apt,2,4,399,5,10,10,10,f,1
9494426,42829,639,42190,Australia,Entire home/apt,3,5,1000,1,10,10,10,f,1
9632154,42830,828,42002,Australia,Entire home/apt,1.5,3,570,0,,,,f,1
11532982,42830,847,41983,Australia,Entire home/apt,2.5,3,451,7,10,10,10,f,1
11722615,42829,741,42088,Australia,Entire home/apt,3.5,5,750,1,10,10,10,f,1
13099178,42829,741,42088,Australia,Entire home/apt,3,4,551,10,10,9,9,f,1
13625600,42830,1994,40836,Australia,Entire home/apt,3.5,6,487,8,9,10,10,f,1
14672423,42829,338,42491,Australia,Entire home/apt,2,3,501,3,10,10,10,t,1
15859145,42830,416,42414,Australia,Entire home/apt,2,4,300,6,10,10,10,f,1
15919108,42830,2011,40819,Australia,Entire home/apt,2,3,551,0,,,,t,1
4582454,42830,876,41954,Australia,Shared room,1,1,130,0,,,,f,1
10812656,42830,437,42393,Australia,Entire home/apt,2,3,325,2,9,10,10,f,1
7795040,42830,912,41918,Australia,Entire home/apt,1,1,200,4,10,10,9,f,1
9610800,42829,1167,41662,Australia,Entire home/apt,2,3,551,16,10,10,10,f,1
4041037,42829,996,41833,Australia,Entire home/apt,2,3,451,24,10,10,10,f,1
7076226,42830,953,41877,Australia,Entire home/apt,2,4,713,1,10,8,6,f,1
17480992,42829,2123,40706,Australia,Entire home/apt,1,0,399,0,,,,f,1
9038152,42830,1136,41694,Australia,Entire home/apt,2,3,1150,0,,,,f,1
9224012,42829,519,42310,Australia,Entire home/apt,1,3,219,0,,,,f,1
12175980,42829,368,42461,Australia,Entire home/apt,3,4,255,0,,,,f,1
3994283,42830,952,41878,Australia,Entire home/apt,1,1,120,0,,,,f,1
4868526,42829,836,41993,Australia,Entire home/apt,1,2,290,10,10,9,9,f,1
15515643,42830,182,42648,Australia,Entire home/apt,2.5,4,349,1,10,8,10,f,1
6928748,42829,1069,41760,Australia,Entire home/apt,1,2,200,13,9,8,7,f,1
15059917,42829,741,42088,Australia,Entire home/apt,3,4,850,0,,,,f,1
12766826,42829,1055,41774,Australia,Entire home/apt,2.5,4,171,0,,,,f,1
16216438,42830,953,41877,Australia,Entire home/apt,3,3,713,1,10,10,8,f,1
17560991,42829,30,42799,Australia,Entire home/apt,2.5,3,1000,0,,,,t,1
1764733,42830,1955,40875,Australia,Entire home/apt,2,4,330,16,8,10,9,f,1
10141270,42829,469,42360,Australia,Entire home/apt,1,1,219,2,8,10,8,f,1
15573885,42829,167,42662,Australia,Entire home/apt,2,2,280,1,10,10,10,f,1
6092950,42830,717,42113,Australia,Entire home/apt,1,1,120,12,10,10,10,t,1
15451635,42829,462,42367,Australia,Entire home/apt,7,5,1500,0,,,,f,1
8454503,42828,565,42263,Australia,Entire home/apt,1,1,160,21,10,10,10,f,1
8257918,42828,574,42254,Australia,Entire home/apt,2,3,194,14,10,10,10,f,1
852229,42828,1565,41263,Australia,Entire home/apt,2,3,1000,9,6,9,6,f,1
12058917,42828,583,42245,Australia,Entire home/apt,2,4,393,2,10,10,10,f,1
14614860,42828,897,41931,Australia,Entire home/apt,1,4,495,6,8,9,8,f,1
4325710,42828,904,41924,Australia,Entire home/apt,3,4,950,0,,,,f,1
9098307,42828,525,42303,Australia,Entire home/apt,2,3,524,1,,,,f,1
12256225,42828,740,42088,Australia,Entire home/apt,3,3,750,2,10,10,10,f,1
4260877,42828,1410,41418,Australia,Entire home/apt,1,3,240,36,10,10,9,f,1
853445,42828,1564,41264,Australia,Entire home/apt,1.5,3,145,133,10,10,10,f,1
12977708,42828,1059,41769,Australia,Entire home/apt,2,2,350,10,10,10,10,f,1
3167854,42828,1042,41786,Australia,Private room,1,1,66,7,10,9,10,f,1
14157479,42828,253,42575,Australia,Entire home/apt,4,4,499,0,,,,f,1
14221811,42828,740,42088,Australia,Entire home/apt,3,5,1332,1,10,10,8,f,1
10191224,42828,569,42259,Australia,Entire home/apt,1,1,121,2,10,10,10,f,1
16124062,42828,281,42547,Australia,Entire home/apt,1,3,210,8,8,10,9,f,1
2099368,42828,1201,41627,Australia,Entire home/apt,1,0,220,94,10,10,10,f,1
16517361,42828,654,42174,Australia,Entire home/apt,1,0,100,2,4,4,4,t,1
10553708,42828,506,42322,Australia,Entire home/apt,2,3,551,2,9,9,9,f,1
7421951,42828,1100,41728,Australia,Entire home/apt,4.5,5,650,1,10,10,10,f,1
15314015,42828,670,42158,Australia,Entire home/apt,1,1,176,34,10,10,10,t,1
16591989,42828,92,42736,Australia,Entire home/apt,3.5,4,1100,0,,,,f,1
12258063,42828,740,42088,Australia,Entire home/apt,2.5,4,901,0,,,,f,1
15862554,42828,599,42229,Australia,Private room,1,1,180,5,10,10,9,t,1
10464404,42828,579,42249,Australia,Entire home/apt,2,4,350,1,10,8,8,f,1
9177970,42828,639,42189,Australia,Entire home/apt,5,4,700,16,9,9,9,f,1
12258251,42828,740,42088,Australia,Entire home/apt,4,5,1000,0,,,,f,1
16976870,42828,338,42490,Australia,Entire home/apt,2.5,3,201,0,,,,t,1
5377028,42828,889,41939,Australia,Private room,1,1,180,5,10,10,10,f,1
16059408,42828,1161,41667,Australia,Entire home/apt,2,3,300,1,10,10,10,f,1
12258548,42828,740,42088,Australia,Entire home/apt,3,4,800,1,10,10,8,f,1
13569272,42828,870,41958,Australia,Entire home/apt,1,1,90,28,10,10,10,f,1
1051911,42828,1459,41369,Australia,Entire home/apt,2,2,250,4,10,10,9,f,1
16125195,42828,959,41869,Australia,Private room,1,1,100,3,10,10,10,f,1
11799778,42828,806,42022,Australia,Entire home/apt,1,1,250,38,10,10,10,f,1
14361652,42828,886,41942,Australia,Entire home/apt,1,2,269,6,10,10,9,f,1
7549109,42828,617,42211,Australia,Entire home/apt,1,2,450,5,10,10,10,f,1
5907533,42828,795,42033,Australia,Entire home/apt,2.5,4,750,13,9,9,9,f,1
8924649,42828,536,42292,Australia,Entire home/apt,3,4,1000,18,10,10,9,f,1
4662381,42828,1405,41423,Australia,Entire home/apt,1,3,400,0,,,,f,1
11538681,42828,1311,41517,Australia,Entire home/apt,2,3,220,0,,,,f,1
7999743,42828,590,42238,Australia,Private room,1,1,149,35,10,10,10,t,1
5708475,42828,754,42074,Australia,Entire home/apt,1.5,3,600,2,8,10,9,f,1
5118661,42828,803,42025,Australia,Entire home/apt,4,5,1100,1,8,10,8,f,1
15606947,42828,990,41838,Australia,Entire home/apt,1,3,250,0,,,,f,1
15148233,42828,771,42057,Australia,Entire home/apt,3,4,430,0,,,,f,1
14954105,42828,1674,41154,Australia,Entire home/apt,2,2,350,5,9,10,10,f,1
9252474,42828,951,41877,Australia,Entire home/apt,2,3,700,2,10,9,8,f,1
13116763,42828,398,42430,Australia,Private room,1,1,125,11,10,10,10,f,1
4326148,42828,1008,41820,Australia,Entire home/apt,1,3,275,11,10,10,9,f,1
12920184,42828,356,42472,Australia,Private room,1.5,1,250,18,10,10,9,t,1
11240203,42828,491,42337,Australia,Private room,1,1,73,1,8,10,8,f,1
6364143,42828,693,42135,Australia,Entire home/apt,2.5,4,400,1,10,10,10,f,1
1910165,42828,1241,41587,Australia,Private room,1,1,160,63,10,10,9,f,1
14951907,42828,1143,41685,Australia,Entire home/apt,1,2,600,30,10,10,9,t,1
12857112,42828,335,42493,Australia,Entire home/apt,3,4,558,2,10,10,10,f,1
4589145,42828,874,41954,Australia,Private room,1,1,125,8,10,9,8,f,1
929559,42828,1516,41312,Australia,Entire home/apt,2.5,5,204,41,7,9,9,f,1
9119318,42828,1034,41794,Australia,Entire home/apt,2,4,627,0,,,,f,1
10752795,42828,1714,41114,Australia,Entire home/apt,2,5,1300,4,10,10,10,f,1
11808615,42828,726,42102,Australia,Entire home/apt,1,0,121,4,7,8,8,f,1
9510074,42828,740,42088,Australia,Entire home/apt,3,3,901,0,,,,f,1
10102438,42828,707,42121,Australia,Entire home/apt,1,2,180,28,10,10,10,f,1
7808710,42828,602,42226,Australia,Entire home/apt,2,3,570,5,9,10,9,f,1
4927328,42828,825,42003,Australia,Entire home/apt,1,1,185,106,10,10,10,f,1
14359774,42828,242,42586,Australia,Entire home/apt,2,3,650,2,9,10,9,f,1
17718593,42828,20,42808,Australia,Entire home/apt,1,1,176,0,,,,f,1
9712708,42828,491,42337,Australia,Entire home/apt,2,4,292,45,9,9,9,f,1
8992184,42828,2113,40715,Australia,Entire home/apt,4,5,750,0,,,,f,1
143280,42828,2121,40707,Australia,Entire home/apt,1,3,170,18,10,10,10,f,1
3093589,42828,1050,41778,Australia,Entire home/apt,1,2,229,17,10,10,10,f,1
9318323,42828,785,42043,Australia,Entire home/apt,3,5,422,2,10,10,10,t,1
16126952,42828,524,42304,Australia,Entire home/apt,2.5,3,380,1,6,8,8,f,1
8000510,42828,590,42238,Australia,Entire home/apt,1,2,98,0,,,,f,1
10237028,42828,643,42185,Australia,Entire home/apt,1,0,90,17,9,10,9,f,1
10902870,42828,1107,41721,Australia,Entire home/apt,1.5,3,180,9,10,10,10,f,1
10366979,42828,493,42335,Australia,Entire home/apt,2,2,950,7,10,10,9,f,1
12915777,42828,971,41857,Australia,Entire home/apt,1,2,165,6,10,10,10,f,1
11806617,42828,385,42443,Australia,Entire home/apt,1.5,2,90,35,7,9,9,f,1
6292330,42828,825,42003,Australia,Entire home/apt,3,5,1000,2,9,9,9,f,1
11020285,42828,1695,41133,Australia,Entire home/apt,2,2,499,0,,,,f,1
17179548,42828,387,42441,Australia,Entire home/apt,2,5,250,0,,,,f,1
9516175,42828,502,42326,Australia,Entire home/apt,2.5,4,1100,0,,,,f,1
16651456,42828,88,42740,Australia,Entire home/apt,2,2,195,0,,,,f,1
5253206,42828,1052,41776,Australia,Entire home/apt,2,4,300,5,10,10,10,f,1
1276799,42828,1387,41441,Australia,Entire home/apt,1,3,395,9,10,10,9,f,1
4076976,42828,937,41891,Australia,Entire home/apt,1,1,220,51,10,10,9,f,1
10299532,42828,1253,41575,Australia,Entire home/apt,2,4,176,14,10,9,10,f,1
4207786,42828,919,41909,Australia,Entire home/apt,2,2,80,18,10,10,9,f,1
4988605,42828,935,41893,Australia,Entire home/apt,2,4,475,0,,,,f,1
6391071,42828,1209,41619,Australia,Entire home/apt,2,3,849,4,10,10,9,f,1
5185223,42828,1293,41535,Australia,Entire home/apt,1,2,499,38,10,10,9,f,1
7881,42828,2848,39980,Australia,Private room,2,1,80,14,9,9,9,f,1
10159395,42828,478,42350,Australia,Private room,1,1,89,0,,,,f,1
16135622,42828,135,42693,Australia,Entire home/apt,2,1,140,8,10,10,10,t,1
17574205,42828,293,42535,Australia,Private room,1,1,45,0,,,,t,1
8462233,42828,1436,41392,Australia,Entire home/apt,2,4,450,0,,,,f,1
8459881,42828,968,41860,Australia,Entire home/apt,1,1,79,19,9,9,10,t,1
5581269,42828,1153,41675,Australia,Entire home/apt,1,0,130,66,10,10,10,f,1
2496135,42828,1127,41701,Australia,Entire home/apt,2.5,3,400,5,8,9,9,t,1
17641860,42828,25,42803,Australia,Entire home/apt,1,1,220,0,,,,t,1
8925579,42828,1397,41431,Australia,Private room,1,1,201,3,9,9,9,f,1
14890454,42828,279,42549,Australia,Entire home/apt,3,4,1250,0,,,,f,1
9908228,42828,481,42347,Australia,Entire home/apt,3,4,1080,2,10,10,10,f,1
16263765,42828,1033,41795,Australia,Entire home/apt,1,1,121,1,10,10,10,f,1
8926500,42828,535,42293,Australia,Entire home/apt,3,4,830,0,,,,f,1
11147070,42828,420,42408,Australia,Entire home/apt,2,4,333,2,10,10,9,f,1
8991255,42828,970,41858,Australia,Entire home/apt,1,2,499,2,10,10,8,f,1
7482059,42828,622,42206,Australia,Entire home/apt,3,5,1100,0,,,,f,1
16003635,42828,363,42465,Australia,Private room,1,1,41,9,9,9,10,t,1
5059126,42828,2265,40563,Australia,Entire home/apt,3.5,5,1000,0,,,,f,1
9511122,42828,740,42088,Australia,Entire home/apt,3,4,950,0,,,,f,1
14692923,42828,224,42604,Australia,Private room,1,1,94,31,10,10,10,t,1
9117981,42828,951,41877,Australia,Entire home/apt,3,5,430,1,8,10,10,f,1
9827171,42828,485,42343,Australia,Entire home/apt,1,2,149,70,10,10,10,t,1
9187968,42828,1124,41704,Australia,Entire home/apt,2,4,1500,0,,,,f,1
9516367,42828,1301,41527,Australia,Entire home/apt,1,0,145,33,10,10,10,f,1
9118111,42828,951,41877,Australia,Entire home/apt,1,3,600,0,,,,f,1
13115820,42828,515,42313,Australia,Entire home/apt,2.5,5,689,22,9,10,10,f,1
1382456,42828,1359,41469,Australia,Entire home/apt,1,1,201,105,10,10,10,f,1
9844097,42828,534,42294,Australia,Entire home/apt,4,5,1350,0,,,,f,1
6889998,42828,655,42173,Australia,Entire home/apt,1.5,1,79,34,10,9,10,f,1
5581984,42828,1328,41500,Australia,Entire home/apt,2,4,425,15,9,10,9,f,1
14885484,42828,554,42274,Australia,Entire home/apt,2,4,700,3,10,10,9,t,1
11281013,42828,1340,41488,Australia,Entire home/apt,2.5,2,225,16,9,10,9,f,1
450017,42828,1802,41026,Australia,Entire home/apt,1,3,260,2,10,10,10,f,1
17048236,42828,785,42043,Australia,Private room,1.5,1,100,0,,,,t,1
7549786,42828,630,42198,Australia,Entire home/apt,1.5,4,250,1,10,10,10,f,1
17032123,42828,515,42313,Australia,Private room,1.5,1,160,7,10,10,10,f,1
11323882,42828,411,42417,Australia,Entire home/apt,2,2,199,1,6,8,8,f,1
12854129,42828,1155,41673,Australia,Entire home/apt,2,3,758,0,,,,f,1
8332175,42828,844,41984,Australia,Entire home/apt,2,2,350,8,10,10,9,f,1
6497187,42828,1209,41619,Australia,Entire home/apt,2.5,3,700,0,,,,f,1
14749768,42828,221,42607,Australia,Private room,1,1,250,0,,,,f,1
10435537,42828,452,42376,Australia,Entire home/apt,1,2,350,8,10,10,9,f,1
15425383,42828,607,42221,Australia,Entire home/apt,2,3,450,2,8,10,10,f,1
14302646,42828,245,42583,Australia,Private room,1,1,115,0,,,,f,1
9452970,42828,779,42049,Australia,Private room,1,1,118,37,10,10,9,f,1
1195527,42828,2199,40629,Australia,Private room,1,1,140,2,8,6,6,f,1
12860969,42828,356,42472,Australia,Entire home/apt,3,5,1800,15,10,10,9,t,1
9979116,42828,1155,41673,Australia,Entire home/apt,3.5,5,2597,0,,,,f,1
6045406,42828,1414,41414,Australia,Private room,2,1,149,0,,,,f,1
14390363,42828,1418,41410,Australia,Entire home/apt,1,1,201,11,10,10,9,f,1
15876086,42828,505,42323,Australia,Entire home/apt,3.5,4,1389,1,10,10,10,f,1
11722762,42828,740,42088,Australia,Entire home/apt,3.5,3,1000,0,,,,f,1
16845495,42828,568,42260,Australia,Entire home/apt,3,2,245,1,10,10,10,f,1
13320318,42828,1361,41467,Australia,Entire home/apt,1.5,3,300,0,,,,t,1
17907875,42828,8,42820,Australia,Entire home/apt,2.5,4,250,0,,,,f,1
5128349,42828,802,42026,Australia,Entire home/apt,1,1,249,46,10,10,9,f,1
2900140,42828,1071,41757,Australia,Entire home/apt,1,1,139,28,9,10,9,f,1
9322790,42828,858,41970,Australia,Entire home/apt,1,1,185,17,9,10,9,f,1
9454074,42828,553,42275,Australia,Entire home/apt,3,5,499,2,9,9,9,t,1
232188,42828,2121,40707,Australia,Entire home/apt,1,4,201,62,9,9,10,f,1
3425736,42828,1388,41440,Australia,Entire home/apt,1,0,79,54,10,9,9,f,1
17253860,42828,200,42628,Australia,Entire home/apt,2,4,450,1,8,10,8,t,1
279082,42828,1952,40876,Australia,Entire home/apt,3,4,720,0,,,,f,1
15745571,42828,1544,41284,Australia,Entire home/apt,1,0,165,7,10,10,10,f,1
14565947,42828,230,42598,Australia,Entire home/apt,3,4,849,2,10,10,10,f,1
9582219,42828,522,42306,Australia,Entire home/apt,3,5,385,0,,,,f,1
9516685,42828,740,42088,Australia,Entire home/apt,2,4,1000,0,,,,f,1
9323120,42828,858,41970,Australia,Entire home/apt,4,7,1375,2,10,10,10,f,1
2900658,42828,1071,41757,Australia,Private room,,1,145,0,,,,f,1
4342571,42828,902,41926,Australia,Entire home/apt,2,3,650,10,9,10,9,f,1
9516854,42828,740,42088,Australia,Entire home/apt,2,3,849,1,10,10,10,f,1
2245452,42828,1396,41432,Australia,Entire home/apt,2,3,796,11,8,10,8,f,1
9516933,42828,740,42088,Australia,Entire home/apt,2,4,1000,1,10,10,10,f,1
8471427,42828,562,42266,Australia,Entire home/apt,2,3,300,3,9,10,9,f,1
14762889,42828,841,41987,Australia,Private room,1,1,121,0,,,,f,1
4342679,42828,902,41926,Australia,Entire home/apt,2.5,4,700,1,10,10,6,f,1
12796839,42828,422,42406,Australia,Entire home/apt,3,4,1350,1,10,10,10,f,1
14828460,42828,1354,41474,Australia,Entire home/apt,1,0,249,18,10,10,9,f,1
11417868,42828,855,41973,Australia,Entire home/apt,1,2,165,33,10,10,10,f,1
13646296,42828,384,42444,Australia,Entire home/apt,2,2,182,2,4,7,6,f,1
9976320,42828,939,41889,Australia,Entire home/apt,1,2,180,48,10,10,10,f,1
2636367,42828,1763,41065,Australia,Entire home/apt,3.5,4,1300,0,,,,f,1
539231,42828,1753,41075,Australia,Entire home/apt,1,1,201,63,10,9,9,f,1
9190138,42828,520,42308,Australia,Private room,1,1,149,66,10,10,10,f,1
12011533,42828,745,42083,Australia,Entire home/apt,2,3,250,0,,,,f,1
4868129,42828,835,41993,Australia,Entire home/apt,1,2,180,15,10,10,10,f,1
16664624,42828,339,42489,Australia,Entire home/apt,1,1,149,4,10,10,10,t,1
16861366,42828,517,42311,Australia,Entire home/apt,1,1,121,5,10,10,9,t,1
9980125,42828,1132,41696,Australia,Private room,1,1,110,2,10,10,10,f,1
14043410,42828,261,42567,Australia,Entire home/apt,1,2,201,10,10,10,9,t,1
12077327,42828,1293,41535,Australia,Entire home/apt,1,3,350,1,8,10,6,f,1
9782987,42828,487,42341,Australia,Entire home/apt,2.5,4,800,6,8,8,9,f,1
16467707,42828,498,42330,Australia,Entire home/apt,1,1,250,4,10,10,9,f,1
4867836,42828,1285,41543,Australia,Entire home/apt,2,3,239,59,9,10,9,f,1
8800111,42828,543,42285,Australia,Entire home/apt,2,3,330,0,,,,f,1
15878022,42828,200,42628,Australia,Entire home/apt,2,4,380,6,10,10,9,t,1
14043872,42828,260,42568,Australia,Entire home/apt,2,3,350,0,,,,f,1
15485465,42828,1286,41542,Australia,Entire home/apt,1.5,3,250,13,9,10,9,t,1
7293513,42828,771,42057,Australia,Entire home/apt,3,4,1199,0,,,,f,1
10041126,42828,474,42354,Australia,Entire home/apt,2,2,750,0,,,,f,1
17910419,42828,878,41950,Australia,Entire home/apt,1,0,111,0,,,,t,1
8472994,42828,634,42194,Australia,Entire home/apt,3.5,5,600,9,9,9,9,f,1
13715902,42828,295,42533,Australia,Entire home/apt,2,3,675,0,,,,t,1
17255751,42828,200,42628,Australia,Entire home/apt,1,2,261,6,10,9,9,t,1
14831156,42828,1009,41819,Australia,Entire home/apt,1,1,140,29,10,10,10,f,1
5459315,42828,1132,41696,Australia,Entire home/apt,3,4,650,0,,,,f,1
16148383,42828,127,42701,Australia,Entire home/apt,3,4,499,0,,,,t,1
2509648,42828,1129,41699,Australia,Entire home/apt,1,0,121,13,10,10,10,f,1
11422561,42828,405,42423,Australia,Entire home/apt,3.5,7,1150,0,,,,f,1
16534974,42828,415,42413,Australia,Entire home/apt,1,1,235,10,10,10,10,t,1
5852109,42828,806,42022,Australia,Entire home/apt,1,1,125,73,10,10,10,f,1
3979088,42828,950,41878,Australia,Private room,1,1,210,9,10,10,10,f,1
16470458,42828,102,42726,Australia,Entire home/apt,2,3,570,0,,,,t,1
17846741,42828,224,42604,Australia,Entire home/apt,1,1,220,1,10,10,10,t,1
2183350,42828,1315,41513,Australia,Private room,1,1,284,70,10,10,9,f,1
13127897,42828,541,42287,Australia,Shared room,1,1,250,0,,,,t,1
4608214,42828,1209,41619,Australia,Entire home/apt,2,4,1000,29,10,10,9,f,1
15290626,42828,381,42447,Australia,Entire home/apt,1,1,85,0,,,,f,1
5853583,42828,733,42095,Australia,Entire home/apt,1,0,149,24,10,9,10,t,1
7638461,42828,612,42216,Australia,Private room,1,1,85,1,10,10,10,f,1
6902474,42828,2111,40717,Australia,Entire home/apt,1.5,5,180,9,9,10,9,f,1
10375930,42828,454,42374,Australia,Entire home/apt,1,2,115,13,10,10,10,f,1
4412505,42828,892,41936,Australia,Entire home/apt,1,1,250,37,10,10,9,t,1
10507482,42828,448,42380,Australia,Entire home/apt,5.5,5,1350,4,9,10,9,f,1
14636276,42828,856,41972,Australia,Entire home/apt,1,1,109,8,10,10,10,f,1
8869144,42828,539,42289,Australia,Entire home/apt,3,4,325,2,9,9,9,f,1
16406452,42828,504,42324,Australia,Entire home/apt,1,1,250,5,10,10,10,f,1
4674951,42828,880,41948,Australia,Entire home/apt,1,2,165,36,10,10,10,f,1
12801995,42828,740,42088,Australia,Entire home/apt,4,4,1000,0,,,,f,1
17847946,42828,491,42337,Australia,Private room,1,1,50,0,,,,f,1
14858521,42828,651,42177,Australia,Entire home/apt,4,4,300,5,8,10,8,f,1
10532048,42828,1214,41614,Australia,Entire home/apt,1.5,2,140,3,10,9,9,t,1
3429244,42828,1012,41816,Australia,Entire home/apt,2.5,4,750,0,,,,f,1
12211108,42828,366,42462,Australia,Entire home/apt,1,2,110,31,10,10,10,f,1
15029226,42828,202,42626,Australia,Entire home/apt,1,0,121,11,10,10,10,t,1
10048949,42828,1122,41706,Australia,Entire home/apt,2.5,3,250,26,10,10,10,f,1
16667642,42828,1125,41703,Australia,Private room,1,1,100,4,10,10,10,t,1
16536601,42828,124,42704,Australia,Private room,1,0,100,0,,,,t,1
9263173,42828,942,41886,Australia,Entire home/apt,1,0,125,22,10,10,9,t,1
15292553,42828,683,42145,Australia,Entire home/apt,1,3,201,0,,,,f,1
16144668,42828,705,42123,Australia,Entire home/apt,1,1,121,13,10,9,10,f,1
8476972,42829,562,42267,Australia,Entire home/apt,2.5,3,501,1,10,10,10,f,1
4872550,42828,834,41994,Australia,Entire home/apt,3,5,359,8,9,9,10,f,1
6645871,42828,857,41971,Australia,Entire home/apt,4,4,1450,1,10,10,8,t,1
7887606,42828,884,41944,Australia,Entire home/apt,2.5,4,1250,0,,,,f,1
16341847,42828,112,42716,Australia,Entire home/apt,1,1,128,1,8,8,8,t,1
9596812,42830,860,41970,Australia,Entire home/apt,2.5,3,451,0,,,,f,1
4221170,42828,2127,40701,Australia,Entire home/apt,2,4,551,1,10,10,10,f,1
9332433,42828,1428,41400,Australia,Private room,1,1,85,1,10,10,10,f,1
11825069,42830,393,42437,Australia,Entire home/apt,3,4,800,0,,,,f,1
14901822,42828,211,42617,Australia,Entire home/apt,2,4,901,0,,,,f,1
1665323,42828,1565,41263,Australia,Entire home/apt,2,3,195,84,8,10,8,f,1
15888388,42830,742,42088,Australia,Entire home/apt,3.5,4,1000,1,8,10,10,f,1
14013075,42828,948,41880,Australia,Entire home/apt,1,2,149,11,10,9,10,f,1
11361293,42828,525,42303,Australia,Entire home/apt,1.5,3,450,3,9,10,10,f,1
14379465,42828,1237,41591,Australia,Entire home/apt,1,1,105,22,10,10,10,f,1
15888489,42829,741,42088,Australia,Entire home/apt,2,4,1125,0,,,,f,1
16741736,42829,558,42271,Australia,Entire home/apt,2,4,499,0,,,,t,1
13591451,42828,1276,41552,Australia,Entire home/apt,2,4,450,2,10,9,10,f,1
8412341,42828,663,42165,Australia,Entire home/apt,1,1,100,147,10,10,10,f,1
12012009,42828,536,42292,Australia,Entire home/apt,2,2,395,30,9,10,9,f,1
15166118,42828,200,42628,Australia,Entire home/apt,1,2,180,3,9,10,10,f,1
15424796,42828,177,42651,Australia,Entire home/apt,1,3,220,0,,,,f,1
8743605,42828,545,42283,Australia,Entire home/apt,1,1,109,71,8,9,9,f,1
16278514,42828,446,42382,Australia,Entire home/apt,1,0,121,2,10,10,10,f,1
6648049,42830,870,41960,Australia,Entire home/apt,2,3,595,3,8,10,7,f,1
16676128,42829,580,42249,Australia,Entire home/apt,2,3,299,0,,,,t,1
16257195,42828,451,42377,Australia,Private room,1.5,1,75,0,,,,t,1
5922159,42828,727,42101,Australia,Entire home/apt,3,4,650,12,10,9,9,f,1
16055166,42828,1557,41271,Australia,Entire home/apt,2,3,600,0,,,,f,1
2057301,42828,1229,41599,Australia,Entire home/apt,2,1,250,1,10,10,10,f,1
6515505,42828,681,42147,Australia,Entire home/apt,1,2,248,1,8,10,10,f,1
4087271,42828,935,41893,Australia,Entire home/apt,1.5,3,475,0,,,,f,1
6251731,42828,904,41924,Australia,Private room,1,1,111,0,,,,f,1
6055151,42828,1414,41414,Australia,Private room,1,1,149,0,,,,f,1
4418460,42828,892,41936,Australia,Entire home/apt,1,3,350,91,10,10,9,f,1
12919979,42829,1687,41142,Australia,Entire home/apt,1,3,499,9,10,10,9,f,1
11105590,42829,859,41970,Australia,Entire home/apt,3,4,1608,0,,,,f,1
11265304,42828,1132,41696,Australia,Private room,1,1,85,3,10,10,10,f,1
11956827,42829,42829,,Australia,Entire home/apt,1,3,58,4,9,10,9,t,1
9333756,42828,593,42235,Australia,Private room,1,1,140,6,10,10,10,f,1
2645762,42828,1737,41091,Australia,Entire home/apt,1,1,201,2,6,9,8,f,1
8740611,42828,663,42165,Australia,Entire home/apt,2.5,5,1300,1,10,10,10,t,1
8875009,42828,538,42290,Australia,Entire home/apt,1,2,100,31,10,10,10,f,1
9137164,42828,951,41877,Australia,Entire home/apt,3,5,1143,1,10,10,10,f,1
9333855,42829,514,42315,Australia,Entire home/apt,1,1,149,42,10,10,10,f,1
15625322,42829,1411,41418,Australia,Entire home/apt,2,2,260,1,10,10,10,f,1
9330518,42828,1602,41226,Australia,Entire home/apt,1,4,700,40,10,10,9,f,1
17591456,42829,166,42663,Australia,Entire home/apt,1.5,2,149,1,8,10,10,f,1
5468934,42830,1716,41114,Australia,Entire home/apt,1,3,900,2,8,10,9,f,1
14970051,42829,207,42622,Australia,Entire home/apt,1.5,4,375,1,10,10,10,f,1
10317020,42829,458,42371,Australia,Entire home/apt,2,2,149,2,10,10,10,f,1
6840236,42828,658,42170,Australia,Private room,1,1,100,17,10,10,10,f,1
12414321,42829,445,42384,Australia,Entire home/apt,1,1,201,0,,,,f,1
16215415,42829,123,42706,Australia,Entire home/apt,1,0,139,5,10,10,10,f,1
1142151,42829,1441,41388,Australia,Entire home/apt,2,3,212,12,10,10,9,f,1
7368072,42829,629,42200,Australia,Entire home/apt,1,2,149,61,10,10,10,f,1
8940979,42829,1398,41431,Australia,Private room,1,1,201,4,10,10,9,f,1
9332490,42828,590,42238,Australia,Private room,1.5,2,149,9,10,10,10,t,1
5729730,42829,771,42058,Australia,Entire home/apt,1,1,225,29,10,10,10,f,1
11914814,42829,591,42238,Australia,Entire home/apt,1,0,149,2,10,10,9,f,1
9321440,42828,915,41913,Australia,Entire home/apt,2.5,4,849,3,10,10,10,f,1
15889515,42829,480,42349,Australia,Entire home/apt,2,4,950,7,9,10,9,f,1
9733442,42829,981,41848,Australia,Entire home/apt,1,3,435,0,,,,f,1
17657542,42829,24,42805,Australia,Entire home/apt,1,2,149,0,,,,f,1
15635317,42829,164,42665,Australia,Entire home/apt,1,3,260,4,,,,f,1
6057735,42829,2112,40717,Australia,Entire home/apt,1.5,6,650,35,,,,f,1
3648386,42829,989,41840,Australia,Entire home/apt,4,5,850,1,10,10,8,f,1
17332179,42829,783,42046,Australia,Entire home/apt,3,4,600,0,,,,f,1
15955981,42829,142,42687,Australia,Entire home/apt,2.5,4,600,1,10,10,10,f,1
13268998,42829,1455,41374,Australia,Entire home/apt,3.5,5,700,1,10,10,10,f,1
16349216,42829,113,42716,Australia,Entire home/apt,2,4,600,2,10,10,10,f,1
16578516,42830,386,42444,Australia,Entire home/apt,3.5,3,360,0,,,,t,1
5470490,42829,769,42060,Australia,Entire home/apt,1,2,220,49,10,10,10,f,1
16509318,42829,203,42626,Australia,Entire home/apt,1,3,135,0,,,,t,1
15199031,42830,1157,41673,Australia,Entire home/apt,2.5,3,349,9,10,10,10,f,1
9117473,42830,769,42061,Australia,Entire home/apt,2,4,451,1,10,10,8,f,1
14537503,42829,233,42596,Australia,Entire home/apt,1,0,91,25,10,10,9,t,1
11850609,42829,385,42444,Australia,Private room,1,1,120,28,10,9,10,f,1
11719551,42829,741,42088,Australia,Entire home/apt,3.5,3,750,0,,,,f,1
10867602,42829,1123,41706,Australia,Entire home/apt,1.5,1,130,9,10,10,10,f,1
14734333,42829,1685,41144,Australia,Entire home/apt,1,1,150,1,6,10,8,f,1
7926712,42830,596,42234,Australia,Entire home/apt,2,2,360,51,10,10,10,f,1
4379713,42829,897,41932,Australia,Entire home/apt,4.5,5,2850,1,10,10,8,f,1
15985502,42830,1347,41483,Australia,Private room,1,1,70,3,8,8,8,t,1
10343752,42829,456,42373,Australia,Entire home/apt,2,3,240,2,9,9,10,f,1
11720045,42829,741,42088,Australia,Entire home/apt,3,4,850,1,10,10,10,f,1
15455654,42829,1210,41619,Australia,Entire home/apt,3,3,1000,3,9,10,9,f,1
13531961,42829,305,42524,Australia,Entire home/apt,1,1,85,22,10,9,10,f,1
13227642,42829,325,42504,Australia,Private room,1,1,105,1,10,10,10,f,1
12113683,42829,2054,40775,Australia,Entire home/apt,2,4,418,0,,,,f,1
15956921,42829,1208,41621,Australia,Entire home/apt,2,4,551,0,,,,f,1
63795,42829,2311,40518,Australia,Entire home/apt,1,,150,35,10,10,9,f,1
9998257,42829,1127,41702,Australia,Private room,1,1,95,0,,,,f,1
7699446,42829,610,42219,Australia,Entire home/apt,2.5,4,800,4,10,10,10,f,1
17867783,42829,842,41987,Australia,Entire home/apt,2,3,296,0,,,,f,1
1743708,42829,1772,41057,Australia,Entire home/apt,1,1,240,11,9,9,8,f,1
637597,42829,2196,40633,Australia,Entire home/apt,3,3,750,0,,,,f,1
1759408,42829,1415,41414,Australia,Entire home/apt,3,3,501,0,,,,f,1
15498457,42829,1858,40971,Australia,Entire home/apt,3,6,551,0,,,,f,1
15702548,42830,953,41877,Australia,Entire home/apt,3,4,713,3,10,10,10,f,1
16086473,42829,133,42696,Australia,Entire home/apt,3,4,560,0,,,,f,1
17226123,42829,179,42650,Australia,Entire home/apt,2,4,200,0,,,,t,1
7699749,42829,609,42220,Australia,Entire home/apt,2,4,700,0,,,,f,1
12811576,42829,1186,41643,Australia,Entire home/apt,1,2,225,8,10,10,9,t,1
7203382,42829,638,42191,Australia,Entire home/apt,2,3,249,0,,,,f,1
2414043,42829,1141,41688,Australia,Entire home/apt,3.5,4,800,25,10,10,9,f,1
15847181,42829,185,42644,Australia,Entire home/apt,1.5,3,551,0,,,,t,1
13359767,42829,677,42152,Australia,Entire home/apt,3,3,374,1,,,,f,1
17029872,42829,1179,41650,Australia,Entire home/apt,3,3,526,0,,,,f,1
5298932,42829,794,42035,Australia,Entire home/apt,2.5,4,490,0,,,,f,1
9759343,42829,490,42339,Australia,Entire home/apt,1.5,1,110,15,10,10,10,f,1
16809666,42829,78,42751,Australia,Private room,1,1,60,0,,,,t,1
1104826,42829,1441,41388,Australia,Entire home/apt,1,1,169,123,10,10,10,f,1
13606830,42829,741,42088,Australia,Entire home/apt,3,4,700,0,,,,f,1
13032614,42829,357,42472,Australia,Private room,1,1,290,34,10,10,10,t,1
5078938,42829,819,42010,Australia,Entire home/apt,3,5,890,7,8,9,9,f,1
15326442,42829,860,41969,Australia,Entire home/apt,2,3,180,4,10,10,9,f,1
11698134,42829,392,42437,Australia,Entire home/apt,1,1,140,13,10,10,10,f,1
9100634,42829,526,42303,Australia,Entire home/apt,2,4,800,0,,,,f,1
646532,42829,2266,40563,Australia,Private room,1,1,150,56,10,10,10,f,1
15892586,42829,236,42593,Australia,Entire home/apt,2,4,800,0,,,,f,1
11763959,42829,388,42441,Australia,Entire home/apt,1,2,66,7,10,9,9,f,1
12157317,42829,369,42460,Australia,Entire home/apt,2.5,3,350,0,,,,f,1
11722483,42829,741,42088,Australia,Entire home/apt,3.5,3,1249,0,,,,f,1
1894061,42830,1365,41465,Australia,Entire home/apt,2,4,528,1,10,10,8,t,1
11532815,42830,415,42415,Australia,Private room,1.5,1,50,14,10,10,10,f,1
12681665,42829,1486,41343,Australia,Entire home/apt,1,2,180,4,10,10,10,f,1
9535997,42829,741,42088,Australia,Entire home/apt,2,2,499,0,,,,f,1
1469185,42829,1342,41487,Australia,Entire home/apt,1,1,201,23,10,10,9,f,1
14873381,42830,215,42615,Australia,Entire home/apt,2.5,4,930,0,,,,f,1
9536132,42829,741,42088,Australia,Entire home/apt,2,3,650,1,8,10,8,f,1
4760468,42829,867,41962,Australia,Entire home/apt,2.5,3,349,7,10,9,7,f,1
1016415,42829,1553,41276,Australia,Entire home/apt,1,2,140,107,10,10,10,t,1
17364278,42830,44,42786,Australia,Private room,3,4,687,0,,,,t,1
9742989,42830,888,41942,Australia,Entire home/apt,2,4,399,9,9,10,10,f,1
9217188,42829,520,42309,Australia,Entire home/apt,2,3,250,1,10,10,10,f,1
9667469,42829,495,42334,Australia,Entire home/apt,2,4,750,1,8,10,10,f,1
5861233,42830,737,42093,Australia,Entire home/apt,1.5,2,194,3,10,10,9,f,1
16810966,42829,296,42533,Australia,Entire home/apt,1,2,180,2,10,10,10,t,1
3535464,42830,1002,41828,Australia,Entire home/apt,2,3,579,25,10,10,9,f,1
16352578,42829,42829,,Australia,Entire home/apt,1,0,149,4,10,10,10,f,1
14776118,42829,1659,41170,Australia,Entire home/apt,2,3,526,0,,,,f,1
7439843,42829,972,41857,Australia,Entire home/apt,1,1,94,26,10,9,10,f,1
10389048,42829,455,42374,Australia,Entire home/apt,2.5,3,189,15,8,10,10,f,1
16287321,42829,201,42628,Australia,Entire home/apt,1.5,3,311,5,10,10,9,t,1
6981264,42829,943,41886,Australia,Entire home/apt,1,3,400,1,10,10,10,f,1
1747259,42830,1281,41549,Australia,Entire home/apt,1,2,407,11,9,10,9,f,1
17629475,42829,1007,41822,Australia,Entire home/apt,1.5,2,271,0,,,,t,1
17335729,42829,342,42487,Australia,Entire home/apt,1,1,141,0,,,,t,1
16221624,42829,122,42707,Australia,Entire home/apt,1,2,177,0,,,,t,1
1804682,42829,1421,41408,Australia,Entire home/apt,1,2,501,20,8,9,9,f,1
16287923,42829,118,42711,Australia,Entire home/apt,1,0,110,0,,,,t,1
4688081,42829,893,41936,Australia,Entire home/apt,2.5,5,950,4,9,9,9,t,1
16288409,42829,554,42275,Australia,Entire home/apt,2.5,3,501,0,,,,t,1
13405227,42829,312,42517,Australia,Private room,1.5,1,49,1,,,,t,1
4034847,42829,1143,41686,Australia,Entire home/apt,1,1,110,24,10,10,10,t,1
5672896,42829,952,41877,Australia,Entire home/apt,4.5,4,2140,0,,,,f,1
13537685,42829,293,42536,Australia,Entire home/apt,3,4,800,0,,,,f,1
7377137,42829,1021,41808,Australia,Entire home/apt,2,2,332,23,10,10,9,f,1
7310710,42829,631,42198,Australia,Entire home/apt,2.5,4,700,2,10,10,10,f,1
17798371,42829,1287,41542,Australia,Entire home/apt,2.5,4,191,0,,,,t,1
12817775,42829,2056,40773,Australia,Entire home/apt,2,3,551,3,10,10,9,f,1
8491821,42829,1312,41517,Australia,Entire home/apt,1.5,2,185,28,10,10,10,f,1
14128632,42829,256,42573,Australia,Private room,1,1,55,0,,,,f,1
14062674,42829,1210,41619,Australia,Entire home/apt,3,3,1100,0,,,,f,1
4560945,42829,874,41955,Australia,Entire home/apt,3,3,1090,1,10,10,10,f,1
17996004,42829,873,41956,Australia,Entire home/apt,2,3,572,0,,,,f,1
15734757,42829,839,41990,Australia,Private room,1,1,99,7,10,10,10,f,1
11769728,42829,1458,41371,Australia,Entire home/apt,2,2,395,4,8,10,9,f,1
16193945,42829,201,42628,Australia,Entire home/apt,1,2,212,6,9,10,10,t,1
17408492,42829,100,42729,Australia,Entire home/apt,1,1,120,1,10,10,10,f,1
17669827,42829,24,42805,Australia,Entire home/apt,1,0,135,2,10,10,10,t,1
13606701,42829,741,42088,Australia,Entire home/apt,1.5,3,300,0,,,,f,1
16621812,42829,949,41880,Australia,Entire home/apt,3,4,250,0,,,,f,1
16884007,42829,1101,41728,Australia,Entire home/apt,2.5,3,360,0,,,,f,1
13607236,42829,741,42088,Australia,Entire home/apt,3,4,1000,7,9,10,9,f,1
11049766,42829,1298,41531,Australia,Entire home/apt,1,3,440,2,10,10,10,t,1
16948029,42829,1303,41526,Australia,Private room,1,1,148,4,10,10,10,f,1
1090153,42829,1447,41382,Australia,Entire home/apt,2,4,501,2,6,9,7,f,1
5287956,42829,1517,41312,Australia,Entire home/apt,1,2,105,10,9,9,9,f,1
105938,42829,2165,40664,Australia,Entire home/apt,2,2,191,3,10,9,10,f,1
9352762,42829,616,42213,Australia,Entire home/apt,3,5,1000,0,,,,f,1
12762564,42829,685,42144,Australia,Entire home/apt,1,2,100,0,,,,f,1
4061470,42830,1716,41114,Australia,Entire home/apt,2,2,721,0,,,,f,1
16690157,42829,214,42615,Australia,Entire home/apt,1,2,204,3,10,10,10,t,1
4238194,42829,916,41913,Australia,Entire home/apt,2,4,501,2,10,9,8,f,1
16691236,42829,86,42743,Australia,Entire home/apt,1,2,134,2,10,10,10,f,1
4060060,42830,941,41889,Australia,Entire home/apt,1.5,2,180,17,10,10,9,f,1
7601951,42830,617,42213,Australia,Entire home/apt,1,0,239,78,9,10,9,f,1
587669,42830,1729,41101,Australia,Entire home/apt,2,3,501,40,10,10,10,f,1
14876067,42830,1318,41512,Australia,Entire home/apt,2,2,150,1,10,10,10,f,1
16315577,42830,360,42470,Australia,Entire home/apt,1,1,150,4,9,10,10,f,1
4061343,42830,1716,41114,Australia,Entire home/apt,1.5,3,1100,0,,,,f,1
10089559,42830,473,42357,Australia,Entire home/apt,1,1,451,0,,,,f,1
17593191,42830,488,42342,Australia,Entire home/apt,1,0,349,6,10,10,10,t,1
6707067,42830,1175,41655,Australia,Entire home/apt,2,4,399,1,10,10,10,f,1
12874512,42830,358,42472,Australia,Private room,1,1,290,27,10,10,9,t,1
11105823,42830,460,42370,Australia,Entire home/apt,4,4,600,8,10,10,10,f,1
7075458,42830,645,42185,Australia,Entire home/apt,1,3,150,3,8,9,9,f,1
4583751,42830,872,41958,Australia,Entire home/apt,3,5,991,3,10,10,10,t,1
15888712,42830,742,42088,Australia,Entire home/apt,2,3,825,0,,,,f,1
4320284,42830,1014,41816,Australia,Entire home/apt,1,1,151,92,9,10,9,t,1
15166461,42830,361,42469,Australia,Entire home/apt,4,4,1450,1,10,10,10,f,1
13102067,42830,742,42088,Australia,Entire home/apt,3,4,850,1,10,10,8,f,1
10146475,42830,1309,41521,Australia,Entire home/apt,2.5,4,600,0,,,,f,1
5958230,42830,727,42103,Australia,Private room,1,1,95,0,,,,f,1
5958038,42830,727,42103,Australia,Private room,1,1,95,0,,,,t,1
4582854,42830,875,41955,Australia,Entire home/apt,2,3,501,50,9,10,9,f,1
13313940,42830,308,42522,Australia,Private room,1,1,60,0,,,,t,1
4909159,42830,830,42000,Australia,Entire home/apt,1,1,120,3,10,10,9,f,1
3843731,42830,1108,41722,Australia,Entire home/apt,4,4,1850,1,10,10,10,f,1
4313316,42829,1084,41745,Australia,Entire home/apt,1,1,198,3,8,10,9,f,1
9757820,42829,490,42339,Australia,Entire home/apt,3.5,3,800,12,9,9,9,f,1
3731045,42830,982,41848,Australia,Entire home/apt,2,5,700,3,10,9,10,f,1
16246969,42830,232,42598,Australia,Entire home/apt,1,4,700,0,,,,f,1
4776917,42829,952,41877,Australia,Entire home/apt,2,3,349,9,10,10,9,f,1
9954091,42829,952,41877,Australia,Entire home/apt,2,5,600,1,10,10,10,f,1
17228105,42829,739,42090,Australia,Private room,1,1,49,2,10,10,10,f,1
9282768,42829,2849,39980,Australia,Private room,1,1,125,0,,,,f,1
7921785,42829,1303,41526,Australia,Entire home/apt,2,3,390,3,10,10,10,f,1
9100235,42829,1128,41701,Australia,Entire home/apt,2,4,191,0,,,,f,1
16039325,42829,1170,41659,Australia,Entire home/apt,1,2,501,0,,,,f,1
7986721,42829,592,42237,Australia,Entire home/apt,2,2,349,2,10,10,9,f,1
14473855,42829,502,42327,Australia,Entire home/apt,2,3,399,1,10,10,10,f,1
14735772,42829,1485,41344,Australia,Private room,2,1,85,3,9,10,10,f,1
7788891,42829,1153,41676,Australia,Entire home/apt,2,4,800,1,10,,,f,1
9492139,42829,747,42082,Australia,Private room,1,1,81,1,8,8,8,f,1
16242241,42829,123,42706,Australia,Private room,1,1,76,10,10,10,10,f,1
4903837,42829,867,41962,Australia,Entire home/apt,2,3,399,6,9,10,9,f,1
11260629,42829,810,42019,Australia,Entire home/apt,1,2,501,17,10,10,9,f,1
15651424,42829,162,42667,Australia,Entire home/apt,2.5,3,490,1,10,10,10,f,1
5231016,42829,793,42036,Australia,Private room,1.5,1,70,2,9,10,9,f,1
15847723,42829,511,42318,Australia,Private room,1,1,125,0,,,,f,1
17682547,42829,475,42354,Australia,Entire home/apt,1,1,120,2,10,10,10,f,1
16306288,42829,119,42710,Australia,Entire home/apt,1.5,2,150,0,,,,f,1
13225945,42829,313,42516,Australia,Entire home/apt,3,5,600,0,,,,f,1
9031586,42829,531,42298,Australia,Entire home/apt,2,2,380,8,10,10,10,f,1
14601990,42829,431,42398,Australia,Entire home/apt,3,3,1129,0,,,,f,1
5885652,42829,1000,41829,Australia,Entire home/apt,3,4,600,2,10,8,10,f,1
18010277,42829,4,42825,Australia,Private room,1,1,120,0,,,,f,1
5098784,42829,1696,41133,Australia,Entire home/apt,3,4,1750,20,8,10,8,f,1
10931410,42829,545,42284,Australia,Private room,1,1,85,0,,,,f,1
15060129,42829,201,42628,Australia,Entire home/apt,1,0,160,17,9,10,9,t,1
8506501,42829,598,42231,Australia,Private room,1,1,125,0,,,,f,1
2739990,42829,1093,41736,Australia,Entire home/apt,4,3,700,28,10,10,9,f,1
17944362,42829,13,42816,Australia,Entire home/apt,2,3,349,0,,,,f,1
5764929,42829,1135,41694,Australia,Entire home/apt,1,2,155,28,9,10,9,f,1
16042805,42829,136,42693,Australia,Entire home/apt,3.5,4,399,1,10,10,8,t,1
1095465,42829,2122,40707,Australia,Entire home/apt,1,2,120,20,10,9,9,f,1
8571561,42829,1398,41431,Australia,Private room,1,1,200,8,10,10,9,f,1
9094203,42829,528,42301,Australia,Entire home/apt,2,3,600,5,9,10,9,f,1
7849016,42829,920,41909,Australia,Entire home/apt,2,2,229,13,10,9,10,f,1
16433926,42829,106,42723,Australia,Entire home/apt,1,2,200,12,10,10,9,t,1
15778532,42829,329,42500,Australia,Entire home/apt,3,4,1000,1,,,,f,1
10078710,42829,618,42211,Australia,Private room,1,1,99,14,10,10,10,t,1
9980404,42829,952,41877,Australia,Entire home/apt,2.5,4,690,2,9,9,10,f,1
11127260,42829,1433,41396,Australia,Entire home/apt,3.5,4,950,0,,,,f,1
412078,42829,2207,40622,Australia,Entire home/apt,2,3,360,1,10,10,8,f,1
17942885,42829,644,42185,Australia,Entire home/apt,2,4,300,0,,,,f,1
16828583,42829,806,42023,Australia,Private room,1.5,1,75,6,10,10,9,f,1
14829674,42829,1308,41521,Australia,Entire home/apt,3,4,501,0,,,,t,1
4147205,42829,928,41901,Australia,Entire home/apt,2,2,290,13,10,10,10,t,1
16041803,42829,843,41986,Australia,Entire home/apt,1,1,130,15,10,10,10,t,1
8701756,42829,591,42238,Australia,Entire home/apt,2,3,501,3,9,10,10,t,1
13485771,42829,1355,41474,Australia,Entire home/apt,3.5,4,863,6,9,10,10,f,1
8865472,42829,959,41870,Australia,Entire home/apt,2,4,399,1,2,8,2,f,1
3917413,42829,958,41871,Australia,Private room,1,1,215,78,10,9,9,f,1
17811072,42829,342,42487,Australia,Entire home/apt,1,1,194,0,,,,f,1
16696776,42829,744,42085,Australia,Private room,1,1,141,4,10,9,9,f,1
1164589,42829,1421,41408,Australia,Entire home/apt,1,1,349,33,8,9,8,f,1
13156889,42829,951,41878,Australia,Private room,1,1,209,1,10,10,8,f,1
1098028,42829,2207,40622,Australia,Entire home/apt,2.5,3,360,5,9,10,10,f,1
9028535,42829,952,41877,Australia,Entire home/apt,1,2,169,11,9,9,8,f,1
15057845,42829,828,42001,Australia,Entire home/apt,2,4,296,7,10,10,10,f,1
8372369,42829,1316,41513,Australia,Entire home/apt,3,5,1200,0,,,,f,1
9617475,42829,1696,41133,Australia,Entire home/apt,8,8,3000,1,10,10,10,f,1
8241213,42829,772,42057,Australia,Entire home/apt,3,5,650,1,10,10,10,f,1
13287463,42829,1054,41775,Australia,Entire home/apt,2,3,700,0,,,,f,1
769911,42829,2200,40629,Australia,Entire home/apt,1,1,141,5,10,9,8,f,1
4833128,42829,989,41840,Australia,Private room,1,1,180,14,10,9,9,f,1
769873,42829,2200,40629,Australia,Entire home/apt,3,3,480,11,9,9,8,f,1
5684830,42829,861,41968,Australia,Private room,1,1,150,15,10,10,9,f,1
9420360,42829,519,42310,Australia,Entire home/apt,1,1,360,9,10,9,9,f,1
8764595,42829,646,42183,Australia,Entire home/apt,1,2,129,42,10,9,9,f,1
9419895,42829,845,41984,Australia,Entire home/apt,1,3,451,5,10,9,8,f,1
9813053,42829,487,42342,Australia,Private room,2,1,551,0,,,,f,1
5685025,42829,861,41968,Australia,Entire home/apt,3,4,750,0,,,,f,1
4617516,42829,1119,41710,Australia,Entire home/apt,1,2,160,17,10,10,9,f,1
16693884,42829,597,42232,Australia,Entire home/apt,2,2,250,11,10,10,10,f,1
9222765,42829,519,42310,Australia,Private room,1,1,210,0,,,,f,1
6076958,42829,716,42113,Australia,Entire home/apt,3,4,650,7,8,10,9,t,1
10074639,42829,1014,41815,Australia,Entire home/apt,1,1,201,39,10,10,10,f,1
2210285,42829,1177,41652,Australia,Private room,1,1,120,8,10,10,10,f,1
8134529,42829,653,42176,Australia,Entire home/apt,1,0,135,37,10,10,10,f,1
9222576,42829,800,42029,Australia,Entire home/apt,2,3,160,0,,,,f,1
12892503,42829,807,42022,Australia,Entire home/apt,4,5,1100,0,,,,f,1
17735492,42829,339,42490,Australia,Entire home/apt,1,1,185,0,,,,f,1
16949049,42829,524,42305,Australia,Entire home/apt,1,2,349,1,10,10,10,t,1
16300814,42829,456,42373,Australia,Private room,1,1,71,0,,,,t,1
16103804,42829,1086,41743,Australia,Entire home/apt,1,3,219,1,10,10,10,t,1
11515020,42829,401,42428,Australia,Entire home/apt,2,4,451,15,10,10,10,f,1
15512556,42829,1029,41800,Australia,Entire home/apt,2,4,551,0,,,,f,1
8763236,42829,1275,41554,Australia,Entire home/apt,2,4,501,0,,,,f,1
9352971,42829,512,42317,Australia,Private room,1,1,229,0,,,,f,1
14790941,42829,218,42611,Australia,Private room,1,1,99,10,10,10,10,f,1
898906,42829,1533,41296,Australia,Entire home/apt,1,1,116,330,10,10,10,t,1
7369723,42829,630,42199,Australia,Entire home/apt,3.5,4,800,9,9,10,9,f,1
15326979,42829,382,42447,Australia,Entire home/apt,2,4,600,2,10,10,10,f,1
5032261,42829,813,42016,Australia,Entire home/apt,2,3,219,0,,,,f,1
7926419,42829,1326,41503,Australia,Entire home/apt,2.5,4,501,6,10,10,10,f,1
14921505,42829,1504,41325,Australia,Entire home/apt,4,7,650,18,9,10,9,f,1
9154260,42829,1035,41794,Australia,Entire home/apt,2,3,330,0,,,,f,1
17346251,42829,44,42785,Australia,Private room,1,0,70,0,,,,f,1
765619,42829,1715,41114,Australia,Entire home/apt,3,4,1249,1,10,10,8,f,1
7058170,42829,646,42183,Australia,Entire home/apt,4.5,7,575,0,,,,f,1
16233150,42829,121,42708,Australia,Entire home/apt,2,3,349,1,10,10,10,f,1
9155251,42829,1035,41794,Australia,Entire home/apt,7,7,2008,1,10,10,8,f,1
10530354,42829,625,42204,Australia,Entire home/apt,2,3,150,18,10,9,10,f,1
10661396,42829,641,42188,Australia,Entire home/apt,1,1,585,35,10,10,9,f,1
13348368,42829,305,42524,Australia,Private room,1,1,141,30,10,10,10,f,1
5254214,42829,815,42014,Australia,Entire home/apt,1.5,3,349,0,,,,f,1
13478454,42829,461,42368,Australia,Entire home/apt,2,4,501,4,9,10,10,f,1
6276863,42829,1715,41114,Australia,Entire home/apt,3,5,1000,3,9,10,9,f,1
9481646,42829,507,42322,Australia,Entire home/apt,2,4,490,42,9,10,9,f,1
15314297,42829,292,42537,Australia,Entire home/apt,1,0,116,14,10,10,10,f,1
14658877,42829,741,42088,Australia,Entire home/apt,4,4,1500,0,,,,f,1
12234040,42829,1242,41587,Australia,Entire home/apt,2,4,650,0,,,,f,1
16166108,42829,1418,41411,Australia,Entire home/apt,2,3,501,0,,,,f,1
4959430,42829,949,41880,Australia,Entire home/apt,1,2,99,2,8,10,10,f,1
4959532,42829,821,42008,Australia,Private room,1,1,200,0,,,,f,1
1714235,42829,1287,41542,Australia,Entire home/apt,2,3,650,30,10,10,9,f,1
14788653,42829,296,42533,Australia,Entire home/apt,2,1,191,1,10,10,10,f,1
1976303,42829,1428,41401,Australia,Entire home/apt,2,4,380,1,4,10,6,f,1
15902664,42829,1384,41445,Australia,Entire home/apt,1,3,1200,0,,,,t,1
9285111,42829,516,42313,Australia,Entire home/apt,1.5,3,430,17,10,10,10,f,1
15379192,42829,417,42412,Australia,Entire home/apt,6.5,6,1500,0,,,,f,1
17738440,42829,603,42226,Australia,Entire home/apt,2.5,4,169,0,,,,t,1
2008918,42829,1221,41608,Australia,Entire home/apt,1,1,175,35,10,10,9,f,1
16164704,42829,270,42559,Australia,Entire home/apt,2,3,275,2,10,10,10,t,1
9217626,42829,1602,41227,Australia,Entire home/apt,3,4,1285,1,10,10,8,f,1
13870686,42829,1696,41133,Australia,Entire home/apt,7,6,5001,0,,,,f,1
1877472,42829,1248,41581,Australia,Entire home/apt,1,1,120,39,10,10,10,t,1
902728,42829,1531,41298,Australia,Entire home/apt,1,1,219,23,10,10,9,f,1
16164256,42829,127,42702,Australia,Entire home/apt,2,3,501,1,10,10,10,f,1
16194610,42829,391,42438,Australia,Entire home/apt,1.5,2,219,20,10,10,10,f,1
895222,42829,1536,41293,Australia,Entire home/apt,1,1,126,6,10,9,10,f,1
894300,42829,1544,41285,Australia,Entire home/apt,1,1,499,42,10,10,10,f,1
15836139,42829,150,42679,Australia,Private room,1,1,200,1,10,10,10,t,1
893899,42829,1537,41292,Australia,Private room,1,1,150,24,10,10,10,f,1
6661043,42829,1021,41808,Australia,Private room,2,1,110,16,10,10,10,f,1
17670853,42829,23,42806,Australia,Entire home/apt,1,2,130,0,,,,t,1
13607602,42829,741,42088,Australia,Entire home/apt,4,5,1200,1,10,10,10,f,1
16163465,42829,656,42173,Australia,Entire home/apt,1,1,75,7,9,9,10,f,1
3055867,42829,1141,41688,Australia,Entire home/apt,3,5,900,14,10,10,9,f,1
13607746,42829,741,42088,Australia,Entire home/apt,3,4,1000,0,,,,f,1
8691871,42829,549,42280,Australia,Entire home/apt,1,3,300,1,10,10,10,f,1
8957841,42829,811,42018,Australia,Private room,1,1,68,51,10,10,10,f,1
17018735,42829,176,42653,Australia,Entire home/apt,3,3,501,0,,,,t,1
9280287,42829,1069,41760,Australia,Entire home/apt,2,3,399,1,8,8,8,f,1
6856839,42829,658,42171,Australia,Entire home/apt,4.5,6,1249,0,,,,f,1
15638612,42829,1273,41556,Australia,Entire home/apt,2.5,4,451,6,10,10,10,t,1
17211401,42829,1108,41721,Australia,Entire home/apt,2,4,420,0,,,,f,1
13606914,42829,741,42088,Australia,Entire home/apt,3,4,2251,0,,,,f,1
1548191,42829,1404,41425,Australia,Entire home/apt,4,4,2516,1,10,10,10,f,1
11378572,42829,1397,41432,Australia,Entire home/apt,2,5,650,7,9,10,8,f,1
10526549,42829,952,41877,Australia,Entire home/apt,1,0,120,15,10,9,9,f,1
6200978,42829,707,42122,Australia,Entire home/apt,1,1,130,1,,,,f,1
11247225,42829,952,41877,Australia,Entire home/apt,1,1,250,25,10,10,10,f,1
15637510,42829,453,42376,Australia,Private room,1,1,579,0,,,,f,1
662467,42829,1687,41142,Australia,Private room,1,1,250,86,10,10,9,f,1
16160263,42829,326,42503,Australia,Entire home/apt,1.5,1,118,13,9,10,10,f,1
9738789,42829,496,42333,Australia,Entire home/apt,2.5,4,349,0,,,,t,1
8428039,42829,1108,41721,Australia,Entire home/apt,3,6,720,2,10,10,8,f,1
3971455,42829,952,41877,Australia,Entire home/apt,2,3,349,10,10,9,9,f,1
9476694,42829,952,41877,Australia,Entire home/apt,2,3,572,0,,,,f,1
13157097,42829,951,41878,Australia,Private room,1,1,210,2,10,10,10,f,1
4494752,42829,1377,41452,Australia,Entire home/apt,1,1,150,12,10,10,10,f,1
9998300,42829,492,42337,Australia,Entire home/apt,1,2,200,10,10,10,10,t,1
13930309,42829,659,42170,Australia,Entire home/apt,2.5,4,800,2,10,10,9,f,1
12095262,42829,371,42458,Australia,Entire home/apt,1,1,300,24,10,10,10,t,1
11047778,42829,594,42235,Australia,Entire home/apt,1,1,280,28,10,10,10,f,1
5606591,42829,1715,41114,Australia,Entire home/apt,4,4,1500,1,10,10,10,f,1
16354460,42829,741,42088,Australia,Entire home/apt,2,4,725,0,,,,f,1
14715972,42829,358,42471,Australia,Entire home/apt,4,4,1700,0,,,,f,1
8360138,42829,747,42082,Australia,Private room,1,1,120,0,,,,f,1
10195121,42829,846,41983,Australia,Entire home/apt,2.5,4,250,0,,,,f,1
1084000,42829,1449,41380,Australia,Entire home/apt,1.5,3,194,18,9,10,9,f,1
15240791,42829,1070,41759,Australia,Entire home/apt,1,1,150,0,,,,f,1
10521979,42829,730,42099,Australia,Entire home/apt,1,1,300,1,10,10,10,f,1
14937077,42829,1715,41114,Australia,Entire home/apt,3,4,2500,0,,,,f,1
3966804,42829,1028,41801,Australia,Entire home/apt,1,1,145,45,9,9,9,f,1
12027703,42829,398,42431,Australia,Entire home/apt,2,3,399,1,10,10,10,f,1
17140679,42829,876,41953,Australia,Entire home/apt,2,4,501,0,,,,f,1
17927105,42829,8,42821,Australia,Private room,1,1,39,0,,,,t,1
9082698,42829,1710,41119,Australia,Entire home/apt,2,5,913,0,,,,f,1
8293258,42829,574,42255,Australia,Entire home/apt,3,5,1200,0,,,,f,1
8292470,42829,1483,41346,Australia,Entire home/apt,1,2,551,9,9,9,8,f,1
16580806,42829,446,42383,Australia,Entire home/apt,1,1,100,5,10,10,10,f,1
12027015,42829,820,42009,Australia,Entire home/apt,1,2,198,37,10,10,10,f,1
14320741,42829,546,42283,Australia,Entire home/apt,2.5,4,250,0,,,,f,1
12813661,42829,338,42491,Australia,Entire home/apt,1,3,160,1,8,10,10,f,1
12740176,42829,342,42487,Australia,Entire home/apt,3.5,5,1000,2,10,10,10,f,1
9928630,42829,752,42077,Australia,Entire home/apt,2,3,391,1,8,10,8,f,1
8448644,42829,774,42055,Australia,Entire home/apt,1,2,250,1,,,,f,1
16708462,42829,85,42744,Australia,Entire home/apt,2,3,499,0,,,,f,1
7437886,42829,1151,41678,Australia,Private room,1,1,80,32,10,10,10,f,1
5405539,42829,775,42054,Australia,Entire home/apt,1,1,149,22,9,10,10,f,1
10189409,42829,507,42322,Australia,Entire home/apt,1,1,100,2,10,10,10,t,1
1669412,42829,1297,41532,Australia,Entire home/apt,1,2,160,17,9,10,10,t,1
9534640,42829,502,42327,Australia,Entire home/apt,2.5,3,391,8,10,10,10,f,1
6067300,42829,1224,41605,Australia,Entire home/apt,2,3,320,19,9,10,9,f,1
14185990,42829,258,42571,Australia,Entire home/apt,2,3,650,11,10,10,10,f,1
9532860,42829,503,42326,Australia,Entire home/apt,2,3,250,3,10,10,10,f,1
15955965,42829,780,42049,Australia,Private room,1,1,290,0,,,,f,1
5797838,42829,845,41984,Australia,Entire home/apt,1,1,149,3,10,9,9,f,1
5796607,42829,740,42089,Australia,Entire home/apt,1,4,345,0,,,,t,1
421997,42829,1821,41008,Australia,Entire home/apt,1,1,190,79,10,10,10,f,1
7563915,42828,713,42115,Australia,Entire home/apt,1,1,265,1,10,10,10,f,1
16017357,42828,738,42090,Australia,Entire home/apt,1,1,170,25,10,10,10,t,1
11363271,42828,1162,41666,Australia,Entire home/apt,1,2,220,7,10,10,9,f,1
6185826,42828,1714,41114,Australia,Entire home/apt,5,5,1199,1,10,10,8,f,1
15521170,42828,1483,41345,Australia,Entire home/apt,3,4,193,1,10,10,10,f,1
4059577,42828,1215,41613,Australia,Entire home/apt,2,3,220,0,,,,f,1
16277267,42828,848,41980,Australia,Entire home/apt,1,3,220,0,,,,f,1
4351217,42828,901,41927,Australia,Entire home/apt,1,2,130,49,10,10,9,f,1
12475671,42828,358,42470,Australia,Private room,1,1,90,3,10,10,10,f,1
8673910,42828,1714,41114,Australia,Entire home/apt,2.5,4,1199,3,10,10,9,f,1
13916730,42828,491,42337,Australia,Private room,1,1,69,1,10,8,10,f,1
9850645,42828,1530,41298,Australia,Entire home/apt,1,3,281,0,,,,f,1
16732261,42828,1125,41703,Australia,Entire home/apt,2.5,2,149,0,,,,f,1
7295066,42828,631,42197,Australia,Entire home/apt,2.5,3,160,2,10,10,10,f,1
15224903,42828,1520,41308,Australia,Entire home/apt,2,4,435,1,10,10,10,f,1
4280282,42828,922,41906,Australia,Entire home/apt,1,2,151,61,10,10,9,f,1
10108032,42828,475,42353,Australia,Entire home/apt,1,0,100,0,,,,f,1
4863996,42828,847,41981,Australia,Private room,1.5,1,88,9,10,10,10,f,1
866203,42828,1552,41276,Australia,Private room,1,1,176,8,10,10,10,f,1
14890188,42828,323,42505,Australia,Entire home/apt,3.5,4,223,4,9,10,9,f,1
13519563,42828,1454,41374,Australia,Entire home/apt,2.5,4,600,1,10,10,10,f,1
13250554,42828,1363,41465,Australia,Entire home/apt,5,5,1560,2,10,10,10,f,1
5318876,42828,984,41844,Australia,Private room,1,1,125,0,,,,f,1
7481917,42828,1209,41619,Australia,Entire home/apt,2,4,1000,0,,,,f,1
7349884,42828,681,42147,Australia,Entire home/apt,2.5,3,471,23,10,10,10,f,1
13772390,42828,771,42057,Australia,Private room,1,1,122,19,10,10,10,t,1
4138272,42828,956,41872,Australia,Entire home/apt,1,2,149,48,10,10,10,f,1
9512177,42828,503,42325,Australia,Entire home/apt,2,4,195,27,10,10,10,f,1
15877640,42828,779,42049,Australia,Entire home/apt,3,4,419,0,,,,f,1
2170953,42828,1802,41026,Australia,Entire home/apt,1,2,149,9,9,10,10,t,1
15605489,42828,579,42249,Australia,Entire home/apt,1,3,499,2,9,9,7,f,1
1317388,42828,1387,41441,Australia,Entire home/apt,1,1,290,5,10,10,9,f,1
5511193,42828,951,41877,Australia,Private room,1,1,201,22,10,10,9,f,1
11933686,42828,385,42443,Australia,Entire home/apt,2.5,4,800,0,,,,f,1
16417755,42828,252,42576,Australia,Entire home/apt,1,1,165,2,10,10,9,f,1
12458336,42828,902,41926,Australia,Entire home/apt,1,2,450,0,,,,f,1
15538500,42828,1594,41234,Australia,Entire home/apt,2.5,5,800,1,10,10,8,t,1
16780997,42828,175,42653,Australia,Entire home/apt,4.5,5,1700,1,10,10,10,f,1
8195669,42828,951,41877,Australia,Entire home/apt,2,3,572,1,10,10,10,f,1
3741609,42828,1175,41653,Australia,Entire home/apt,1,0,225,96,10,10,9,f,1
7037908,42828,646,42182,Australia,Entire home/apt,1,2,201,42,8,10,9,f,1
14749102,42828,1146,41682,Australia,Entire home/apt,1,1,126,24,10,10,10,t,1
3935637,42828,955,41873,Australia,Entire home/apt,3,4,296,2,10,8,10,f,1
16126459,42828,128,42700,Australia,Entire home/apt,2,4,530,7,9,9,10,t,1
17699245,42828,682,42146,Australia,Entire home/apt,1,1,250,1,10,10,10,t,1
17501962,42828,1535,41293,Australia,Private room,1,1,90,6,10,10,10,t,1
15011554,42828,793,42035,Australia,Entire home/apt,1,0,140,21,10,10,10,f,1
5920943,42828,1714,41114,Australia,Entire home/apt,6,6,2500,0,,,,f,1
8586649,42828,746,42082,Australia,Entire home/apt,2.5,4,250,0,,,,f,1
4719992,42828,972,41856,Australia,Entire home/apt,1,4,579,1,8,10,8,t,1
4719896,42828,854,41974,Australia,Entire home/apt,3,4,395,3,9,9,9,f,1
4130046,42828,1503,41325,Australia,Entire home/apt,3.5,5,990,22,9,10,9,f,1
918655,42828,2189,40639,Australia,Entire home/apt,1,2,201,20,10,10,9,f,1
9634922,42828,720,42108,Australia,Entire home/apt,1.5,3,350,0,,,,f,1
15858521,42828,874,41954,Australia,Entire home/apt,2,4,700,1,6,10,8,t,1
4654141,42828,862,41966,Australia,Entire home/apt,2,3,275,0,,,,f,1
3802039,42828,972,41856,Australia,Entire home/apt,3,4,1000,0,,,,f,1
8848290,42828,1150,41678,Australia,Entire home/apt,1,2,153,4,9,9,8,f,1
6292364,42828,699,42129,Australia,Private room,1,1,80,69,10,10,10,f,1
1901464,42828,1839,40989,Australia,Entire home/apt,2.5,4,950,2,9,10,8,f,1
14811741,42828,531,42297,Australia,Entire home/apt,1,2,250,15,10,10,9,t,1
14221876,42828,740,42088,Australia,Entire home/apt,3,4,1600,0,,,,f,1
10394123,42828,453,42375,Australia,Entire home/apt,1,2,295,2,10,10,10,f,1
8913396,42828,1134,41694,Australia,Entire home/apt,1,2,320,36,10,10,10,f,1
4588799,42828,870,41958,Australia,Entire home/apt,2,4,800,3,10,10,10,f,1
11796967,42828,1209,41619,Australia,Entire home/apt,2,4,600,0,,,,f,1
5308873,42828,951,41877,Australia,Entire home/apt,2,3,350,4,10,10,9,f,1
9830411,42828,484,42344,Australia,Entire home/apt,3,5,551,3,10,10,10,f,1
6533042,42829,680,42149,Australia,Entire home/apt,3.5,5,1000,38,9,10,9,f,1
307028,42829,2266,40563,Australia,Entire home/apt,1,3,160,96,10,10,10,f,1
10604953,42829,1539,41290,Australia,Private room,1,1,89,0,,,,f,1
808997,42829,1589,41240,Australia,Entire home/apt,1,2,150,8,10,10,9,f,1
1321468,42830,1602,41228,Australia,Entire home/apt,1,1,141,12,8,10,9,f,1
16232712,42829,130,42699,Australia,Private room,1,1,79,0,,,,t,1
16813516,42829,799,42030,Australia,Private room,1,1,39,0,,,,t,1
9826453,42830,1234,41596,Australia,Entire home/apt,1,1,141,0,,,,f,1
13769746,42829,279,42550,Australia,Entire home/apt,3,4,1500,5,9,10,10,f,1
16379023,42830,541,42289,Australia,Entire home/apt,2,4,501,0,,,,f,1
15443020,42829,1134,41695,Australia,Entire home/apt,2,3,380,5,9,10,10,f,1
17365494,42830,1387,41443,Australia,Private room,1,1,49,3,10,9,9,f,1
6021961,42829,1364,41465,Australia,Entire home/apt,1,2,610,1,,,,f,1
9997425,42829,596,42233,Australia,Private room,1,1,70,0,,,,f,1
15101614,42830,613,42217,Australia,Entire home/apt,3.5,4,850,0,,,,f,1
10107774,42829,923,41906,Australia,Private room,1,1,56,1,10,10,10,f,1
17408896,42829,1212,41617,Australia,Entire home/apt,1,2,185,2,8,10,10,f,1
10760037,42829,476,42353,Australia,Private room,1,1,39,1,10,8,10,f,1
16479475,42829,1050,41779,Australia,Private room,1,1,94,0,,,,t,1
11640809,42829,465,42364,Australia,Entire home/apt,2,4,430,3,10,8,9,f,1
14189717,42829,2454,40375,Australia,Entire home/apt,1,3,501,11,9,10,9,f,1
14810255,42830,1052,41778,Australia,Entire home/apt,1,2,177,1,8,10,8,f,1
16246512,42830,289,42541,Australia,Private room,1,1,235,1,,,,f,1
6813864,42830,779,42051,Australia,Private room,2,1,64,0,,,,f,1
4672015,42829,861,41968,Australia,Entire home/apt,2,4,900,0,,,,f,1
17690347,42830,259,42571,Australia,Private room,1,1,60,0,,,,f,1
15591516,42830,597,42233,Australia,Private room,1,1,95,1,8,6,6,f,1
13915307,42829,270,42559,Australia,Entire home/apt,2.5,4,800,2,10,10,10,f,1
17965601,42829,2408,40421,Australia,Private room,1,1,71,0,,,,f,1
7404524,42830,2084,40746,Australia,Private room,1,1,91,6,9,10,8,f,1
9174794,42830,1365,41465,Australia,Entire home/apt,1,2,529,0,,,,f,1
10478613,42829,450,42379,Australia,Private room,1,1,64,1,10,10,10,f,1
11460960,42829,446,42383,Australia,Entire home/apt,2,3,430,0,,,,f,1
1434778,42829,1350,41479,Australia,Entire home/apt,3,4,995,2,10,10,10,f,1
16179032,42829,855,41974,Australia,Entire home/apt,3.5,4,529,0,,,,f,1
13283765,42829,1363,41466,Australia,Entire home/apt,2,2,248,3,,,,f,1
16162853,42829,127,42702,Australia,Private room,1,1,80,0,,,,f,1
2489909,42830,1904,40926,Australia,Entire home/apt,2,2,230,2,6,8,6,f,1
9368699,42830,513,42317,Australia,Entire home/apt,2,4,250,0,,,,t,1
11658152,42829,470,42359,Australia,Entire home/apt,1,1,130,0,,,,f,1
16381944,42830,574,42256,Australia,Entire home/apt,2.5,3,1000,0,,,,f,1
13427464,42829,305,42524,Australia,Private room,3,1,60,13,8,10,9,t,1
2489887,42830,1369,41461,Australia,Entire home/apt,1,2,80,0,,,,f,1
16713138,42829,430,42399,Australia,Private room,1,1,50,9,10,10,10,t,1
4441219,42829,2161,40668,Australia,Entire home/apt,1,1,150,113,10,9,9,f,1
16625394,42829,594,42235,Australia,Entire home/apt,3,3,501,0,,,,f,1
9884498,42830,882,41948,Australia,Private room,2.5,1,64,2,10,10,10,f,1
10442001,42830,453,42377,Australia,Private room,1,1,59,19,8,9,9,t,1
10088983,42830,479,42351,Australia,Private room,1,1,120,3,10,10,10,f,1
5353892,42829,927,41902,Australia,Private room,0.5,1,80,40,9,10,10,f,1
8506353,42829,1033,41796,Australia,Private room,1,1,70,115,10,10,10,f,1
16317085,42830,437,42393,Australia,Private room,1.5,1,49,2,8,10,8,t,1
16316800,42830,1040,41790,Australia,Private room,1,1,70,7,9,9,9,t,1
16317078,42830,1421,41409,Australia,Entire home/apt,1,2,250,0,,,,t,1
15591800,42830,597,42233,Australia,Private room,0,1,95,3,9,8,8,f,1
16245239,42829,1183,41646,Australia,Private room,1,1,55,2,9,9,8,f,1
2146154,42829,1585,41244,Australia,Entire home/apt,1,1,162,1,10,10,6,t,1
12475297,42829,352,42477,Australia,Entire home/apt,1.5,2,60,0,,,,f,1
16381564,42830,389,42441,Australia,Private room,1,1,64,2,8,6,8,t,1
11190287,42829,503,42326,Australia,Entire home/apt,1,3,230,1,,,,t,1
7098889,42829,777,42052,Australia,Private room,1,1,64,0,,,,f,1
6788563,42829,663,42166,Australia,Private room,1,1,70,2,8,10,10,t,1
13626624,42830,288,42542,Australia,Private room,1,1,72,6,9,10,10,t,1
6873001,42829,739,42090,Australia,Private room,1,1,80,0,,,,f,1
3535055,42830,1002,41828,Australia,Private room,1,1,80,5,10,10,10,t,1
10087705,42830,782,42048,Australia,Entire home/apt,1.5,2,91,1,10,10,10,f,1
16506932,42829,115,42714,Australia,Private room,1,1,72,1,10,10,10,f,1
16247841,42830,122,42708,Australia,Entire home/apt,1,1,175,11,9,10,10,f,1
17349415,42829,146,42683,Australia,Private room,1,1,60,0,,,,t,1
9961181,42829,480,42349,Australia,Private room,1,1,70,1,10,10,10,f,1
2419773,42829,1141,41688,Australia,Private room,1,1,80,4,8,9,9,t,1
17497540,42830,447,42383,Australia,Private room,1,1,95,1,10,10,10,t,1
5874365,42829,733,42096,Australia,Private room,1,1,80,0,,,,f,1
14154801,42830,813,42017,Australia,Entire home/apt,3.5,7,451,3,9,10,10,f,1
9615165,42829,1043,41786,Australia,Entire home/apt,1,2,250,0,,,,f,1
7665784,42830,612,42218,Australia,Entire home/apt,1,1,191,0,,,,f,1
17944923,42829,7,42822,Australia,Private room,1,1,91,0,,,,t,1
16901504,42829,1412,41417,Australia,Private room,1,1,70,2,10,9,10,f,1
7352500,42829,629,42200,Australia,Private room,1,1,50,20,10,10,10,f,1
16210490,42828,122,42706,Australia,Private room,1,1,60,0,,,,f,1
9764558,42830,490,42340,Australia,Entire home/apt,1,3,501,0,,,,f,1
2539502,42829,2165,40664,Australia,Private room,1,1,150,0,,,,f,1
15333593,42830,1146,41684,Australia,Entire home/apt,1,1,175,0,,,,f,1
17948670,42829,230,42599,Australia,Private room,1,1,50,0,,,,t,1
4768024,42829,967,41862,Australia,Entire home/apt,1,1,142,11,10,9,9,f,1
17913594,42829,519,42310,Australia,Private room,1,1,45,0,,,,f,1
7394501,42829,627,42202,Australia,Entire home/apt,1,1,100,7,9,9,9,f,1
9140265,42830,525,42305,Australia,Private room,1,1,39,24,10,10,10,t,1
5620381,42829,1450,41379,Australia,Private room,1,1,55,0,,,,f,1
14857938,42829,965,41864,Australia,Entire home/apt,1,2,150,3,9,10,10,f,1
11227606,42829,765,42064,Australia,Entire home/apt,1,1,91,1,4,10,8,f,1
15593806,42829,565,42264,Australia,Private room,1,1,85,4,10,10,10,t,1
3732423,42830,981,41849,Australia,Private room,1,1,60,12,8,10,10,f,1
13299322,42830,309,42521,Australia,Private room,1.5,1,37,0,,,,f,1
13180729,42830,533,42297,Australia,Entire home/apt,1,0,85,3,9,9,9,f,1
9370487,42830,513,42317,Australia,Private room,1,1,70,16,8,10,9,f,1
501382,42829,1773,41056,Australia,Entire home/apt,1,1,100,44,10,9,9,f,1
7185609,42829,638,42191,Australia,Private room,1,1,60,1,10,10,10,f,1
4597622,42829,1857,40972,Australia,Private room,1,1,60,37,9,10,9,f,1
15919954,42830,145,42685,Australia,Entire home/apt,1,1,200,0,,,,t,1
12546814,42830,674,42156,Australia,Private room,1.5,1,42,0,,,,f,1
9079927,42829,1107,41722,Australia,Entire home/apt,1,1,100,5,10,10,10,f,1
9349470,42829,649,42180,Australia,Private room,1,1,80,1,10,,,f,1
16523205,42828,97,42731,Australia,Private room,1,1,85,0,,,,t,1
15920870,42830,482,42348,Australia,Entire home/apt,1,0,200,8,10,10,10,f,1
6929959,42829,804,42025,Australia,Private room,2,1,80,0,,,,f,1
17028088,42830,73,42757,Australia,Entire home/apt,1,1,198,5,10,10,10,t,1
4324337,42830,1790,41040,Australia,Entire home/apt,2,2,70,0,,,,f,1
7369467,42830,639,42191,Australia,Entire home/apt,1,2,160,2,8,10,8,f,1
6614339,42830,914,41916,Australia,Private room,1,1,49,1,10,8,10,f,1
13890882,42830,338,42492,Australia,Private room,1,1,42,0,,,,t,1
9630127,42829,497,42332,Australia,Private room,2,1,89,1,,,,f,1
16444390,42830,357,42473,Australia,Private room,1,1,100,12,9,10,9,t,1
13033944,42829,617,42212,Australia,Entire home/apt,2,2,150,3,10,10,10,f,1
9596712,42829,1210,41619,Australia,Entire home/apt,1,1,150,3,9,10,9,f,1
5022510,42829,1155,41674,Australia,Private room,1,1,95,0,,,,f,1
5621020,42829,1364,41465,Australia,Entire home/apt,3,5,624,0,,,,f,1
16248042,42830,1033,41797,Australia,Entire home/apt,1,2,300,0,,,,f,1
15692891,42829,160,42669,Australia,Private room,2,1,50,2,10,10,10,f,1
10091293,42830,968,41862,Australia,Entire home/apt,1,1,143,11,9,10,9,f,1
12970298,42830,517,42313,Australia,Private room,1,1,89,9,9,9,8,f,1
12974315,42830,329,42501,Australia,Private room,1,1,45,0,,,,f,1
17373624,42828,136,42692,Australia,Private room,1,1,90,0,,,,t,1
9943502,42829,480,42349,Australia,Private room,1,1,75,0,,,,f,1
17997042,42829,16,42813,Australia,Private room,1,1,124,0,,,,t,1
15977927,42829,566,42263,Australia,Entire home/apt,1,0,120,8,10,10,9,t,1
15120938,42829,1021,41808,Australia,Private room,1,1,80,3,10,10,10,f,1
16247511,42830,121,42709,Australia,Entire home/apt,2,3,300,1,4,10,8,t,1
16055823,42830,136,42694,Australia,Private room,3,1,91,1,10,10,10,f,1
13100339,42829,377,42452,Australia,Entire home/apt,1,1,75,0,,,,f,1
8957949,42829,640,42189,Australia,Private room,1,1,180,0,,,,f,1
11022019,42829,925,41904,Australia,Entire home/apt,1,2,250,0,,,,f,1
10089276,42830,1111,41719,Australia,Private room,1,1,64,1,10,,,f,1
6277855,42829,701,42128,Australia,Private room,1,1,95,4,10,10,9,f,1
16394419,42829,433,42396,Australia,Entire home/apt,1,2,349,12,9,9,9,t,1
9830174,42830,1354,41476,Australia,Entire home/apt,1.5,2,200,49,10,10,10,t,1
2351804,42829,1153,41676,Australia,Private room,1.5,1,112,1,8,10,6,f,1
17139463,42829,57,42772,Australia,Private room,1,1,70,0,,,,t,1
17019220,42829,63,42766,Australia,Private room,1,1,78,3,9,10,9,f,1
16579606,42830,521,42309,Australia,Private room,1,1,50,13,10,9,10,f,1
16985612,42828,820,42008,Australia,Entire home/apt,1,1,140,3,9,10,10,t,1
16949768,42829,996,41833,Australia,Entire home/apt,1,1,175,3,10,10,10,f,1
13607985,42829,288,42541,Australia,Entire home/apt,1,2,50,2,10,10,10,f,1
5872869,42829,733,42096,Australia,Entire home/apt,1,1,120,33,10,10,9,f,1
12433033,42829,1447,41382,Australia,Private room,1,1,50,0,,,,f,1
17346958,42829,1613,41216,Australia,Entire home/apt,2,3,296,0,,,,f,1
13964061,42830,278,42552,Australia,Private room,1,1,60,1,10,10,10,f,1
15329733,42830,430,42400,Australia,Entire home/apt,1,1,64,5,7,8,8,f,1
9101567,42829,675,42154,Australia,Private room,1,1,70,2,10,10,10,t,1
9928614,42830,1365,41465,Australia,Entire home/apt,1,2,250,15,8,10,9,t,1
15920432,42830,145,42685,Australia,Private room,1,1,60,0,,,,t,1
3689726,42829,1211,41618,Australia,Private room,1,1,75,49,9,10,9,f,1
592309,42828,1824,41004,Australia,Entire home/apt,1.5,2,201,29,9,10,9,f,1
7332123,42829,630,42199,Australia,Entire home/apt,1,0,191,30,10,10,9,f,1
14081562,42829,259,42570,Australia,Private room,2,1,91,11,9,9,9,f,1
4823405,42829,847,41982,Australia,Private room,1.5,1,60,3,8,8,8,f,1
8175245,42829,1529,41300,Australia,Entire home/apt,1,1,125,21,10,9,9,f,1
16248280,42829,1338,41491,Australia,Private room,2,1,79,2,10,10,10,t,1
4979813,42830,820,42010,Australia,Private room,1,1,75,2,,,,f,1
11530322,42830,402,42428,Australia,Private room,2,1,80,14,9,10,9,f,1
16709662,42830,922,41908,Australia,Entire home/apt,1,2,191,8,10,10,10,f,1
10092026,42830,719,42111,Australia,Entire home/apt,2,2,335,2,8,10,10,t,1
15855309,42830,724,42106,Australia,Entire home/apt,1,1,300,1,8,8,8,f,1
6353376,42829,694,42135,Australia,Private room,1,1,55,0,,,,f,1
12120869,42829,1692,41137,Australia,Entire home/apt,1,1,80,1,10,10,8,f,1
14672791,42829,1494,41335,Australia,Private room,1,1,70,7,10,9,9,t,1
2198282,42829,1179,41650,Australia,Entire home/apt,1,2,235,2,10,8,10,t,1
13831765,42829,331,42498,Australia,Entire home/apt,1,3,200,2,10,10,9,t,1
7703744,42829,1013,41816,Australia,Entire home/apt,1,2,233,38,10,10,10,f,1
2472337,42829,1290,41539,Australia,Private room,1,1,75,24,9,9,10,f,1
16315939,42829,438,42391,Australia,Private room,1,1,60,0,,,,f,1
520737,42829,2155,40674,Australia,Entire home/apt,1,3,349,154,9,10,9,t,1
9535757,42829,740,42089,Australia,Entire home/apt,1,2,116,0,,,,f,1
16030624,42829,305,42524,Australia,Private room,2,1,95,1,,,,f,1
16302783,42829,160,42669,Australia,Private room,1,1,64,0,,,,t,1
8670682,42828,1090,41738,Australia,Entire home/apt,1,1,121,2,10,10,9,f,1
14166263,42830,513,42317,Australia,Entire home/apt,1,2,130,58,9,10,10,t,1
7183043,42829,654,42175,Australia,Entire home/apt,1,1,155,2,10,10,9,f,1
16355515,42829,282,42547,Australia,Entire home/apt,1,2,160,1,6,10,10,t,1
8974743,42829,1615,41214,Australia,Private room,1,1,60,0,,,,f,1
9641235,42829,718,42111,Australia,Private room,1,1,91,8,8,8,8,f,1
2919863,42829,1090,41739,Australia,Entire home/apt,1,1,200,9,9,10,9,f,1
16441485,42829,863,41966,Australia,Private room,1,1,56,2,10,10,10,f,1
10087518,42830,1082,41748,Australia,Private room,2,1,80,1,10,10,10,f,1
16444600,42830,1123,41707,Australia,Entire home/apt,1,2,209,0,,,,t,1
11533132,42830,1329,41501,Australia,Private room,1,1,49,0,,,,f,1
11831572,42829,559,42270,Australia,Entire home/apt,1,0,116,59,9,9,9,t,1
16312624,42830,631,42199,Australia,Entire home/apt,1,1,99,10,9,10,9,f,1
13020479,42829,1583,41246,Australia,Private room,1,1,85,0,,,,f,1
15637991,42829,826,42003,Australia,Entire home/apt,1,3,200,4,10,10,10,f,1
2733629,42829,1093,41736,Australia,Entire home/apt,1,2,219,5,9,10,10,f,1
9283365,42830,1220,41610,Australia,Entire home/apt,1,2,209,57,9,10,10,f,1
8835688,42829,629,42200,Australia,Entire home/apt,1,2,150,2,9,10,10,f,1
9562741,42830,502,42328,Australia,Entire home/apt,1,1,145,0,,,,f,1
4700581,42829,1090,41739,Australia,Private room,1,1,60,15,9,10,9,f,1
11654124,42829,508,42321,Australia,Private room,2,1,91,3,10,10,10,f,1
12055391,42829,1368,41461,Australia,Entire home/apt,1,1,150,0,,,,f,1
4778400,42830,848,41982,Australia,Private room,1,1,133,3,10,8,8,t,1
15721578,42829,172,42657,Australia,Private room,3,1,68,27,9,9,9,t,1
15441744,42829,320,42509,Australia,Private room,1,1,45,2,10,10,10,f,1
10811550,42829,1284,41545,Australia,Entire home/apt,1.5,3,219,0,,,,f,1
15976817,42829,190,42639,Australia,Private room,1,1,91,6,9,10,10,t,1
1016739,42829,1472,41357,Australia,Private room,3.5,1,80,3,10,10,7,f,1
16481495,42830,104,42726,Australia,Private room,2,1,99,0,,,,f,1
17846819,42829,13,42816,Australia,Entire home/apt,1,2,250,0,,,,t,1
15524392,42830,449,42381,Australia,Private room,1,2,349,1,8,10,10,f,1
13198222,42829,1100,41729,Australia,Private room,1,1,55,4,10,10,9,f,1
13422924,42829,300,42529,Australia,Private room,1.5,1,35,1,10,10,10,t,1
2021434,42829,1219,41610,Australia,Private room,1,1,58,78,9,9,10,f,1
11168648,42829,469,42360,Australia,Private room,1,1,55,27,10,10,10,f,1
13714429,42829,282,42547,Australia,Private room,2,1,39,0,,,,f,1
11532246,42830,402,42428,Australia,Entire home/apt,1,1,100,28,10,10,10,f,1
7330877,42829,1396,41433,Australia,Entire home/apt,1,0,99,61,10,9,9,t,1
16523664,42829,1003,41826,Australia,Entire home/apt,1,0,2500,0,,,,f,1
6506345,42829,683,42146,Australia,Private room,1,1,50,0,,,,f,1
9598858,42829,1187,41642,Australia,Private room,1,1,139,29,10,10,10,f,1
6468369,42829,1364,41465,Australia,Entire home/apt,1,2,180,15,10,10,9,t,1
11845954,42829,1700,41129,Australia,Private room,1,1,55,1,6,2,4,f,1
2945643,42830,1327,41503,Australia,Entire home/apt,1,1,91,85,10,9,10,f,1
17148079,42829,90,42739,Australia,Entire home/apt,1,1,120,2,10,10,10,f,1
11459991,42829,863,41966,Australia,Entire home/apt,1,1,67,0,,,,f,1
17779517,42829,17,42812,Australia,Entire home/apt,1,1,250,0,,,,f,1
387130,42830,1845,40985,Australia,Entire home/apt,1,0,130,111,10,10,9,t,1
15844427,42829,1355,41474,Australia,Entire home/apt,1,2,271,1,10,10,10,f,1
10089081,42829,472,42357,Australia,Entire home/apt,1,1,180,0,,,,f,1
8447900,42830,1583,41247,Australia,Entire home/apt,1,2,349,18,10,10,9,t,1
18012282,42829,1275,41554,Australia,Private room,1,1,60,0,,,,f,1
16150457,42830,1009,41821,Australia,Entire home/apt,1,2,210,2,8,10,9,f,1
5280894,42829,788,42041,Australia,Entire home/apt,1,2,150,51,10,10,9,t,1
6731484,42829,667,42162,Australia,Entire home/apt,1,2,185,9,10,10,10,t,1
4644667,42829,1255,41574,Australia,Entire home/apt,1,2,160,15,7,9,9,f,1
17166532,42830,990,41840,Australia,Private room,1.5,1,110,1,10,8,10,f,1
16325975,42829,684,42145,Australia,Private room,1,1,29,7,9,9,10,f,1
7664512,42830,736,42094,Australia,Entire home/apt,2.5,4,700,3,9,9,9,f,1
14672510,42829,1494,41335,Australia,Private room,1,1,95,7,10,10,10,t,1
17670399,42829,24,42805,Australia,Entire home/apt,1,2,219,1,8,10,8,t,1
9084241,42829,2155,40674,Australia,Entire home/apt,1,2,180,12,9,9,9,f,1
14220191,42830,473,42357,Australia,Private room,2,1,70,1,8,10,8,f,1
8640427,42829,1259,41570,Australia,Entire home/apt,1,1,133,0,,,,f,1
11833617,42829,456,42373,Australia,Private room,1,1,20,0,,,,t,1
10457545,42829,864,41965,Australia,Private room,1,1,80,26,9,9,10,f,1
12973078,42830,584,42246,Australia,Entire home/apt,1,1,80,2,10,10,10,t,1
17756783,42829,441,42388,Australia,Entire home/apt,1,2,200,0,,,,t,1
16623516,42829,90,42739,Australia,Private room,1,1,50,0,,,,t,1
57733,42829,2781,40048,Australia,Entire home/apt,1,1,150,58,8,9,9,f,1
13280926,42829,528,42301,Australia,Entire home/apt,1,1,110,0,,,,t,1
17274880,42829,691,42138,Australia,Entire home/apt,1,2,200,0,,,,t,1
15398676,42830,1383,41447,Australia,Private room,2,1,50,0,,,,f,1
14934352,42829,1128,41701,Australia,Private room,1,1,55,2,8,,,f,1
17558577,42829,131,42698,Australia,Entire home/apt,2,2,321,0,,,,f,1
4712125,42830,856,41974,Australia,Entire home/apt,1,2,250,1,10,10,8,f,1
1171606,42829,1420,41409,Australia,Entire home/apt,1,2,198,13,10,9,10,f,1
16442855,42830,1368,41462,Australia,Entire home/apt,1,2,250,1,10,10,8,f,1
968236,42829,1494,41335,Australia,Private room,1,1,150,13,10,9,10,f,1
15847506,42829,888,41941,Australia,Entire home/apt,1,1,131,4,9,10,9,f,1
4258678,42830,1365,41465,Australia,Entire home/apt,2,3,240,17,9,9,8,t,1
3187693,42829,1040,41789,Australia,Private room,1,1,39,3,10,10,10,f,1
4318760,42830,1736,41094,Australia,Entire home/apt,2,1,349,0,,,,t,1
2920687,42829,1075,41754,Australia,Entire home/apt,1,2,175,53,10,10,10,f,1
15772800,42829,295,42534,Australia,Entire home/apt,1,2,180,9,9,9,8,f,1
13500002,42830,296,42534,Australia,Private room,1.5,1,45,13,8,10,9,f,1
17384363,42829,1581,41248,Australia,Entire home/apt,1,1,150,0,,,,f,1
16042028,42829,1444,41385,Australia,Private room,1,1,91,1,10,10,10,f,1
17740607,42828,778,42050,Australia,Private room,1,1,69,1,10,10,10,f,1
1434241,42829,1350,41479,Australia,Entire home/apt,1,1,141,30,10,9,9,f,1
2970661,42829,1162,41667,Australia,Private room,1,1,95,0,,,,f,1
17163233,42829,363,42466,Australia,Private room,1,1,91,2,4,6,6,f,1
6480351,42829,685,42144,Australia,Entire home/apt,1,2,169,13,10,10,9,f,1
16500033,42829,764,42065,Australia,Entire home/apt,2,2,200,2,10,10,10,f,1
17027606,42829,1229,41600,Australia,Entire home/apt,1,2,95,0,,,,f,1
10864037,42829,434,42395,Australia,Private room,1,1,85,62,10,10,10,f,1
17997805,42829,845,41984,Australia,Entire home/apt,1,3,200,0,,,,t,1
10087948,42829,472,42357,Australia,Private room,1,1,39,0,,,,f,1
2882594,42830,2138,40692,Australia,Entire home/apt,1,2,255,3,7,10,7,f,1
16355898,42829,197,42632,Australia,Private room,1,1,175,2,10,10,10,f,1
12313535,42829,453,42376,Australia,Entire home/apt,1,1,120,11,10,10,10,f,1
6261463,42829,709,42120,Australia,Entire home/apt,1,1,169,1,2,2,2,f,1
7844664,42829,601,42228,Australia,Private room,1,1,75,16,9,10,10,f,1
9493190,42829,1299,41530,Australia,Entire home/apt,1,1,164,12,9,10,10,f,1
16028917,42829,764,42065,Australia,Entire home/apt,1,2,349,1,8,10,10,f,1
9098315,42830,546,42284,Australia,Entire home/apt,1.5,3,399,1,8,10,8,f,1
10055299,42829,475,42354,Australia,Private room,1,1,30,0,,,,f,1
1211041,42830,1408,41422,Australia,Private room,1,1,80,2,10,9,10,f,1
14675334,42829,388,42441,Australia,Entire home/apt,3,4,399,1,10,8,10,f,1
5829557,42829,1351,41478,Australia,Entire home/apt,2,2,169,4,9,10,9,f,1
12975133,42830,1220,41610,Australia,Entire home/apt,2,3,192,21,10,10,10,t,1
15899504,42829,509,42320,Australia,Entire home/apt,1,2,100,5,10,9,10,f,1
13401135,42830,1365,41465,Australia,Entire home/apt,2,3,378,3,10,10,7,f,1
5875543,42830,735,42095,Australia,Entire home/apt,1,1,100,0,,,,f,1
5828186,42830,836,41994,Australia,Entire home/apt,1,1,81,6,10,10,10,f,1
15526830,42830,171,42659,Australia,Entire home/apt,1,2,300,0,,,,t,1
7439246,42829,1099,41730,Australia,Entire home/apt,1,2,175,18,9,10,9,f,1
9119831,42830,759,42071,Australia,Entire home/apt,2,2,225,2,8,8,8,f,1
14940428,42830,210,42620,Australia,Entire home/apt,2,3,721,0,,,,f,1
1500061,42829,1336,41493,Australia,Entire home/apt,1,2,169,7,9,9,10,f,1
4494601,42829,1087,41742,Australia,Entire home/apt,1.5,2,180,5,10,10,10,t,1
6615161,42829,880,41949,Australia,Private room,0,1,60,0,,,,f,1
12839132,42830,373,42457,Australia,Entire home/apt,1,1,120,0,,,,f,1
10442037,42830,1333,41497,Australia,Private room,1,1,30,1,10,10,10,f,1
7992354,42829,593,42236,Australia,Entire home/apt,1,1,150,3,10,9,9,f,1
15115531,42830,492,42338,Australia,Private room,1,1,55,24,8,10,10,f,1
1870087,42829,1250,41579,Australia,Entire home/apt,1,1,118,0,,,,f,1
4739144,42829,852,41977,Australia,Private room,1,1,70,2,8,9,10,f,1
12906307,42830,596,42234,Australia,Entire home/apt,2,2,148,8,10,10,10,f,1
14191947,42829,1364,41465,Australia,Entire home/apt,2,5,801,0,,,,f,1
911440,42830,1527,41303,Australia,Entire home/apt,2,2,177,14,10,10,10,f,1
16380032,42830,112,42718,Australia,Entire home/apt,2,2,200,2,10,10,10,f,1
13890147,42830,1717,41113,Australia,Entire home/apt,1,3,200,1,10,10,10,t,1
17949838,42829,764,42065,Australia,Private room,1.5,1,60,0,,,,t,1
15635315,42829,1282,41547,Australia,Entire home/apt,3.5,5,230,0,,,,f,1
8118182,42829,1364,41465,Australia,Entire home/apt,1,2,187,0,,,,f,1
9494451,42829,776,42053,Australia,Entire home/apt,1,2,139,1,10,10,10,f,1
17561497,42829,1639,41190,Australia,Entire home/apt,1.5,2,332,0,,,,f,1
8512620,42829,1807,41022,Australia,Entire home/apt,1,1,200,0,,,,f,1
9435659,42830,1323,41507,Australia,Entire home/apt,1,2,200,0,,,,f,1
17016017,42829,891,41938,Australia,Private room,1,1,99,1,10,8,6,t,1
3209265,42830,1336,41494,Australia,Entire home/apt,2.5,4,595,0,,,,f,1
15921107,42830,145,42685,Australia,Private room,2,1,196,0,,,,t,1
13690666,42830,1472,41358,Australia,Shared room,1,1,25,0,,,,f,1
651796,42830,1693,41137,Australia,Shared room,1,1,50,0,,,,f,1
13761418,42829,1364,41465,Australia,Entire home/apt,3,4,572,0,,,,f,1
17868152,42829,144,42685,Australia,Entire home/apt,1,2,180,0,,,,f,1
8584873,42829,1001,41828,Australia,Entire home/apt,1,1,130,4,6,9,8,f,1
928035,42829,1518,41311,Australia,Entire home/apt,1.5,3,300,49,9,9,9,f,1
9510305,42828,1311,41517,Australia,Entire home/apt,2,4,400,0,,,,f,1
16707313,42830,913,41917,Australia,Private room,1,1,70,0,,,,t,1
1122082,42829,1435,41394,Australia,Entire home/apt,1,1,135,0,,,,f,1
8119016,42829,1077,41752,Australia,Entire home/apt,1,1,120,3,9,10,9,f,1
8300080,42829,648,42181,Australia,Shared room,4,1,39,1,8,,,f,1
16247007,42830,982,41848,Australia,Private room,1,1,67,1,10,10,10,f,1
17287843,42830,1778,41052,Australia,Entire home/apt,1,2,185,0,,,,f,1
7011034,42830,649,42181,Australia,Shared room,7,1,18,14,6,8,7,f,1
16208471,42829,129,42700,Australia,Entire home/apt,1.5,3,99,0,,,,f,1
3404199,42830,1582,41248,Australia,Entire home/apt,2,3,225,1,10,10,10,f,1
7339283,42830,1189,41641,Australia,Private room,1,1,49,14,9,10,9,f,1
323999,42830,2235,40595,Australia,Entire home/apt,1,2,99,4,10,10,10,f,1
665632,42829,1684,41145,Australia,Private room,1,1,99,0,,,,f,1
13497241,42830,1043,41787,Australia,Private room,1,1,39,0,,,,f,1
16248475,42830,1616,41214,Australia,Entire home/apt,1,2,180,3,9,9,6,f,1
17013394,42829,1027,41802,Australia,Private room,1,1,70,5,10,9,10,f,1
6092296,42830,716,42114,Australia,Entire home/apt,1,0,148,35,10,9,9,f,1
14345006,42829,356,42473,Australia,Private room,2,1,250,1,10,10,10,f,1
7987694,42829,592,42237,Australia,Private room,1,1,59,0,,,,f,1
6613483,42830,742,42088,Australia,Entire home/apt,1,1,95,0,,,,f,1
3386888,42829,1321,41508,Australia,Private room,1,1,160,0,,,,f,1
3723320,42829,1025,41804,Australia,Private room,1,1,88,10,10,9,10,f,1
846718,42830,1577,41253,Australia,Entire home/apt,1,2,175,15,8,10,8,f,1
7721579,42829,1380,41449,Australia,Entire home/apt,1,1,120,3,10,10,9,f,1
2672108,42829,1102,41727,Australia,Entire home/apt,2,3,600,4,10,10,9,f,1
2680494,42830,1101,41729,Australia,Entire home/apt,3,4,850,0,,,,f,1
3394697,42830,1475,41355,Australia,Entire home/apt,1,3,405,3,9,10,10,f,1
16234488,42829,1018,41811,Australia,Entire home/apt,1,0,116,14,10,10,10,f,1
6812534,42829,1743,41086,Australia,Entire home/apt,3,4,311,4,10,10,10,f,1
13035723,42830,916,41914,Australia,Entire home/apt,1,2,219,1,6,8,8,t,1
7903908,42829,1736,41093,Australia,Entire home/apt,1,2,300,3,9,8,8,f,1
15061480,42830,2536,40294,Australia,Entire home/apt,2,4,780,0,,,,f,1
9582139,42830,877,41953,Australia,Entire home/apt,1,3,371,2,10,10,10,f,1
9741656,42829,895,41934,Australia,Entire home/apt,1,2,200,0,,,,f,1
10284382,42830,461,42369,Australia,Entire home/apt,1,2,141,1,10,10,10,f,1
10478745,42829,479,42350,Australia,Private room,1,1,55,0,,,,f,1
10478915,42830,1072,41758,Australia,Entire home/apt,2,3,250,4,10,10,10,f,1
7922936,42829,862,41967,Australia,Entire home/apt,1,2,399,5,10,10,8,f,1
11532234,42830,1673,41157,Australia,Entire home/apt,3,3,250,9,9,10,9,f,1
1637627,42830,1305,41525,Australia,Entire home/apt,1,2,198,103,9,9,9,f,1
16381531,42829,977,41852,Australia,Entire home/apt,1,1,130,13,10,10,10,f,1
11724634,42830,730,42100,Australia,Entire home/apt,1,1,92,3,9,9,9,f,1
14220895,42830,252,42578,Australia,Entire home/apt,1,1,120,8,10,10,10,f,1
15465029,42830,490,42340,Australia,Entire home/apt,1,2,92,0,,,,f,1
15524047,42829,713,42116,Australia,Entire home/apt,2,3,219,1,10,8,8,f,1
16114108,42829,1254,41575,Australia,Entire home/apt,1,1,120,1,10,10,10,f,1
5631664,42830,756,42074,Australia,Entire home/apt,1,2,150,4,10,10,10,t,1
16510260,42829,355,42474,Australia,Entire home/apt,1,3,300,0,,,,f,1
16965636,42829,212,42617,Australia,Entire home/apt,1,1,156,0,,,,f,1
17015022,42830,851,41979,Australia,Entire home/apt,3,4,330,0,,,,f,1
17032800,42830,1116,41714,Australia,Private room,2.5,2,70,0,,,,f,1
11849131,42829,1029,41800,Australia,Entire home/apt,2,3,349,6,10,10,10,f,1
16055084,42830,1091,41739,Australia,Entire home/apt,2,2,321,0,,,,f,1
10021878,42830,1144,41686,Australia,Entire home/apt,2,2,198,0,,,,f,1
1703679,42830,1297,41533,Australia,Entire home/apt,1,1,108,52,10,10,9,f,1
13499589,42830,1586,41244,Australia,Entire home/apt,1,2,105,0,,,,f,1
7718248,42829,608,42221,Australia,Entire home/apt,2,4,495,3,9,10,9,f,1
17906021,42828,8,42820,Australia,Entire home/apt,1,1,300,0,,,,t,1
9218616,42829,520,42309,Australia,Entire home/apt,2,2,250,14,9,10,9,f,1
6939048,42829,653,42176,Australia,Entire home/apt,1,3,315,2,9,10,10,f,1
8958562,42829,534,42295,Australia,Entire home/apt,1,1,166,4,10,10,10,f,1
4379800,42829,897,41932,Australia,Entire home/apt,2.5,2,163,14,9,10,10,t,1
8894320,42829,938,41891,Australia,Entire home/apt,1,3,280,9,10,10,9,f,1
13948769,42829,303,42526,Australia,Entire home/apt,1,1,120,1,10,8,10,f,1
9736424,42829,757,42072,Australia,Entire home/apt,1,2,399,0,,,,f,1
16445252,42829,105,42724,Australia,Entire home/apt,1,1,91,0,,,,f,1
4493839,42829,883,41946,Australia,Entire home/apt,1,2,250,4,9,10,10,t,1
9687340,42829,493,42336,Australia,Entire home/apt,1,1,100,9,8,10,9,f,1
7919737,42829,596,42233,Australia,Entire home/apt,1,2,240,1,8,8,8,t,1
8957605,42829,787,42042,Australia,Entire home/apt,1.5,3,200,4,9,9,10,f,1
10950622,42829,429,42400,Australia,Entire home/apt,1,2,160,12,10,10,10,f,1
9827248,42829,486,42343,Australia,Entire home/apt,1,1,100,0,,,,f,1
10025180,42830,554,42276,Australia,Entire home/apt,1,1,169,0,,,,f,1
9949352,42829,1212,41617,Australia,Entire home/apt,1,2,189,0,,,,f,1
5698910,42830,1434,41396,Australia,Entire home/apt,2,2,247,1,10,8,8,f,1
16045375,42829,135,42694,Australia,Entire home/apt,1,2,173,8,8,10,9,f,1
8742807,42830,548,42282,Australia,Entire home/apt,1,2,159,1,10,10,10,f,1
5898089,42830,731,42099,Australia,Entire home/apt,1,2,300,0,,,,f,1
9633233,42830,1040,41790,Australia,Entire home/apt,3,6,349,0,,,,f,1
9353477,42829,696,42133,Australia,Entire home/apt,1,2,321,0,,,,f,1
1747957,42829,1279,41550,Australia,Entire home/apt,1,2,156,59,10,9,9,t,1
16248826,42830,1036,41794,Australia,Entire home/apt,1,2,200,0,,,,f,1
7059046,42829,878,41951,Australia,Entire home/apt,1,2,125,1,10,10,10,f,1
740157,42829,1634,41195,Australia,Entire home/apt,1,2,194,51,9,10,9,f,1
11990774,42830,1297,41533,Australia,Entire home/apt,1,2,141,3,10,10,9,f,1
16019156,42830,139,42691,Australia,Entire home/apt,1,2,349,1,6,8,8,f,1
11892635,42830,388,42442,Australia,Entire home/apt,1,2,80,1,10,10,10,f,1
9221843,42829,519,42310,Australia,Entire home/apt,2,4,399,1,8,8,8,f,1
6406441,42829,690,42139,Australia,Entire home/apt,1,2,180,34,10,10,10,f,1
15778474,42829,1076,41753,Australia,Entire home/apt,1,2,300,2,10,10,10,f,1
7402470,42830,1042,41788,Australia,Entire home/apt,1,1,150,1,10,10,10,f,1
11778333,42829,965,41864,Australia,Entire home/apt,1,1,175,0,,,,f,1
17412729,42829,652,42177,Australia,Entire home/apt,2,2,240,0,,,,f,1
9391361,42829,1503,41326,Australia,Entire home/apt,3,3,551,0,,,,f,1
10411857,42829,910,41919,Australia,Entire home/apt,1,1,129,0,,,,f,1
2218225,42829,1175,41654,Australia,Entire home/apt,1,2,185,26,9,10,8,t,1
10077545,42829,1241,41588,Australia,Entire home/apt,1,2,185,2,10,10,10,f,1
9634157,42828,496,42332,Australia,Private room,1,1,69,5,7,9,8,t,1
8847401,42828,579,42249,Australia,Entire home/apt,1,2,149,1,10,8,8,f,1
13566030,42828,353,42475,Australia,Entire home/apt,1,1,100,0,,,,f,1
11927800,42828,1601,41227,Australia,Entire home/apt,1,1,117,8,8,9,8,f,1
10158471,42828,748,42080,Australia,Private room,2,1,72,0,,,,f,1
2228534,42828,1411,41417,Australia,Entire home/apt,1,2,225,19,10,10,9,f,1
9262474,42828,516,42312,Australia,Entire home/apt,1,3,400,6,8,9,9,f,1
7940829,42828,1363,41465,Australia,Entire home/apt,2,5,312,1,10,10,8,f,1
983962,42828,1854,40974,Australia,Entire home/apt,2,2,149,3,10,10,10,f,1
1584102,42828,1524,41304,Australia,Entire home/apt,1,2,170,98,10,10,10,f,1
4457541,42828,898,41930,Australia,Entire home/apt,1,2,149,3,9,9,9,t,1
8258779,42828,574,42254,Australia,Entire home/apt,2,3,499,0,,,,f,1
9701283,42828,880,41948,Australia,Entire home/apt,2,3,350,1,10,8,8,f,1
1967397,42828,1607,41221,Australia,Entire home/apt,1,1,165,6,10,10,10,f,1
16057682,42828,133,42695,Australia,Entire home/apt,1,1,1199,0,,,,t,1
9373031,42828,1341,41487,Australia,Entire home/apt,1,2,201,0,,,,f,1
15313908,42828,191,42637,Australia,Entire home/apt,2,3,176,0,,,,t,1
14221551,42828,250,42578,Australia,Private room,1,1,69,1,,,,t,1
12060619,42828,372,42456,Australia,Entire home/apt,1,1,55,0,,,,t,1
16111266,42828,494,42334,Australia,Private room,1,1,69,1,10,8,10,f,1
10618402,42828,444,42384,Australia,Entire home/apt,2,3,890,1,10,10,6,f,1
2098724,42828,1404,41424,Australia,Private room,1,1,69,1,10,10,8,f,1
4326955,42828,1653,41175,Australia,Private room,1,1,121,3,10,10,8,f,1
12453423,42828,909,41919,Australia,Entire home/apt,1,2,113,0,,,,f,1
2426842,42828,1160,41668,Australia,Entire home/apt,1,2,220,3,9,9,8,f,1
16351569,42828,668,42160,Australia,Private room,1,1,90,7,8,8,8,f,1
9963077,42828,477,42351,Australia,Private room,1,1,50,9,10,9,10,f,1
10552919,42828,552,42276,Australia,Private room,1,1,94,0,,,,f,1
5310027,42828,973,41855,Australia,Private room,1,2,100,40,10,10,9,f,1
4851289,42828,837,41991,Australia,Entire home/apt,2,2,201,4,9,10,10,f,1
10169275,42828,575,42253,Australia,Private room,2,4,495,23,9,9,8,f,1
4458086,42828,1363,41465,Australia,Entire home/apt,1,2,180,9,10,10,8,t,1
4720253,42828,854,41974,Australia,Entire home/apt,1.5,3,300,2,10,10,10,f,1
9963161,42828,558,42270,Australia,Entire home/apt,1,2,201,1,10,10,10,f,1
1422890,42828,1609,41219,Australia,Private room,1,1,92,33,10,9,9,f,1
8783603,42828,1034,41794,Australia,Entire home/apt,1,2,225,2,10,10,9,f,1
12593885,42828,399,42429,Australia,Entire home/apt,3,4,551,7,10,9,10,f,1
13436731,42828,1653,41175,Australia,Private room,1,1,50,49,9,10,9,f,1
9701199,42828,682,42146,Australia,Entire home/apt,2,3,140,0,,,,f,1
16254819,42828,119,42709,Australia,Private room,1.5,1,45,3,5,10,9,t,1
13063849,42828,1699,41129,Australia,Entire home/apt,1,4,350,25,10,10,10,f,1
16648262,42828,1951,40877,Australia,Private room,1,1,85,0,,,,f,1
9242697,42828,1497,41331,Australia,Entire home/apt,1,1,126,1,8,8,8,f,1
2951284,42828,1065,41763,Australia,Private room,1,1,68,36,9,9,9,f,1
13566601,42828,539,42289,Australia,Entire home/apt,1,1,48,1,8,10,10,f,1
16451731,42828,918,41910,Australia,Entire home/apt,1,2,125,4,10,10,10,f,1
16713881,42828,89,42739,Australia,Private room,1,1,100,6,10,10,10,f,1
15206600,42828,1007,41821,Australia,Entire home/apt,1,2,299,0,,,,f,1
11799638,42828,386,42442,Australia,Entire home/apt,1,1,115,41,9,10,9,t,1
15206634,42828,1007,41821,Australia,Private room,1,1,89,5,10,10,9,f,1
6228208,42828,703,42125,Australia,Entire home/apt,1,1,115,1,,,,f,1
6097146,42828,713,42115,Australia,Entire home/apt,1,1,149,2,4,10,8,f,1
10554522,42828,949,41879,Australia,Entire home/apt,1,2,69,1,10,10,10,f,1
9636127,42828,496,42332,Australia,Private room,2,1,60,0,,,,f,1
7735622,42828,606,42222,Australia,Entire home/apt,1,3,149,4,7,10,10,f,1
15468866,42828,174,42654,Australia,Private room,1,1,80,24,10,9,10,t,1
4674481,42828,859,41969,Australia,Private room,1,1,201,0,,,,t,1
6228329,42828,703,42125,Australia,Entire home/apt,1,2,140,8,8,10,8,t,1
8653167,42828,551,42277,Australia,Private room,1,1,100,17,10,10,10,f,1
6736746,42828,1306,41522,Australia,Entire home/apt,1,3,600,1,4,10,8,f,1
9701803,42828,1264,41564,Australia,Private room,1,1,34,1,10,10,10,f,1
16779692,42828,79,42749,Australia,Private room,2,1,33,2,10,10,10,f,1
9963962,42828,1030,41798,Australia,Private room,1,1,80,1,6,,,f,1
16058821,42828,1715,41113,Australia,Shared room,1,1,100,3,10,10,10,f,1
6228426,42828,703,42125,Australia,Private room,1,1,48,1,,,,f,1
8279826,42828,647,42181,Australia,Shared room,4,1,39,0,,,,f,1
3517547,42828,1112,41716,Australia,Private room,1,1,50,16,10,10,10,f,1
15993629,42828,1538,41290,Australia,Private room,1,1,69,0,,,,t,1
17828638,42828,415,42413,Australia,Private room,1,1,48,0,,,,t,1
9415817,42828,835,41993,Australia,Entire home/apt,1,2,250,2,10,10,8,f,1
9929183,42828,483,42345,Australia,Entire home/apt,1,2,90,1,10,10,10,t,1
16059201,42828,716,42112,Australia,Entire home/apt,1,2,300,0,,,,t,1
16124782,42828,1300,41528,Australia,Entire home/apt,2,2,400,0,,,,f,1
6097809,42828,2314,40514,Australia,Entire home/apt,1,2,94,13,9,10,9,f,1
12454827,42828,353,42475,Australia,Entire home/apt,1,2,159,16,10,10,10,f,1
15469534,42828,1546,41282,Australia,Private room,1,1,94,1,10,10,8,f,1
7015808,42828,647,42181,Australia,Private room,1,1,58,27,10,10,9,f,1
8975750,42828,532,42296,Australia,Entire home/apt,2,4,300,0,,,,f,1
15469857,42828,174,42654,Australia,Entire home/apt,1,1,149,2,10,10,10,t,1
12419636,42828,1056,41772,Australia,Entire home/apt,1,2,190,11,10,10,10,f,1
14814590,42828,238,42590,Australia,Entire home/apt,1,2,250,2,10,8,10,f,1
4795862,42828,846,41982,Australia,Shared room,2,1,25,3,8,9,9,t,1
13378629,42828,302,42526,Australia,Entire home/apt,1,1,250,12,10,10,10,f,1
2494694,42828,1363,41465,Australia,Entire home/apt,3,5,624,2,10,9,9,f,1
16589920,42828,94,42734,Australia,Private room,1,1,75,6,10,9,10,t,1
9509522,42828,747,42081,Australia,Private room,1,1,47,1,10,8,6,f,1
9116331,42828,525,42303,Australia,Private room,1,1,60,0,,,,f,1
13832472,42828,273,42555,Australia,Private room,1,1,60,0,,,,f,1
2298142,42828,1411,41417,Australia,Private room,1,1,125,8,10,10,9,f,1
8072719,42828,688,42140,Australia,Entire home/apt,3,5,700,0,,,,f,1
13116545,42828,319,42509,Australia,Private room,1,1,67,5,10,9,10,f,1
17895712,42828,310,42518,Australia,Entire home/apt,1,1,75,0,,,,f,1
15735472,42828,157,42671,Australia,Shared room,1,1,35,11,10,10,10,f,1
13643280,42828,1098,41730,Australia,Entire home/apt,2,4,480,1,10,10,10,f,1
11808963,42828,385,42443,Australia,Entire home/apt,1,2,180,0,,,,f,1
16917662,42828,130,42698,Australia,Entire home/apt,1,1,149,0,,,,t,1
10558152,42828,446,42382,Australia,Entire home/apt,1,1,81,0,,,,f,1
4199110,42828,921,41907,Australia,Private room,1,1,105,52,10,10,10,f,1
9121335,42828,852,41976,Australia,Private room,1,1,50,5,8,10,8,f,1
12720878,42828,380,42448,Australia,Private room,1,1,60,1,10,10,10,f,1
5583850,42828,757,42071,Australia,Private room,1,1,85,1,10,10,10,f,1
14429761,42828,1164,41664,Australia,Entire home/apt,1,1,210,2,10,10,10,f,1
15733144,42828,606,42222,Australia,Entire home/apt,1,1,140,1,,,,f,1
5446482,42828,770,42058,Australia,Private room,1,1,100,55,10,10,10,f,1
15607052,42828,640,42188,Australia,Private room,1,1,50,1,10,10,10,f,1
4526540,42828,1173,41655,Australia,Entire home/apt,1,2,300,12,10,10,10,f,1
9053480,42828,1527,41301,Australia,Entire home/apt,1.5,2,350,0,,,,f,1
4133350,42828,1329,41499,Australia,Private room,1,1,69,28,10,10,10,t,1
16194465,42828,1087,41741,Australia,Private room,1,1,60,11,10,10,10,t,1
2694037,42828,969,41859,Australia,Entire home/apt,1,2,229,30,10,10,10,t,1
16849861,42828,142,42686,Australia,Private room,1,1,69,5,10,10,10,t,1
13701676,42828,2126,40702,Australia,Private room,1,1,69,0,,,,t,1
13900746,42828,1050,41778,Australia,Entire home/apt,1,2,180,3,6,7,6,f,1
14954216,42828,1695,41133,Australia,Private room,1,1,85,1,,,,f,1
16932357,42828,405,42423,Australia,Private room,1,1,60,0,,,,f,1
16429692,42828,756,42072,Australia,Private room,1,1,85,3,9,10,10,t,1
1779151,42828,1271,41557,Australia,Entire home/apt,1,2,149,8,9,10,10,f,1
6694361,42828,1517,41311,Australia,Entire home/apt,1,2,180,12,9,9,9,f,1
9376389,42828,510,42318,Australia,Entire home/apt,1,1,75,0,,,,f,1
11801219,42828,818,42010,Australia,Private room,1,1,79,12,10,10,10,f,1
6296227,42828,720,42108,Australia,Entire home/apt,2.5,4,800,1,10,10,10,f,1
798470,42828,1599,41229,Australia,Private room,1,1,89,15,9,9,9,f,1
16328202,42828,462,42366,Australia,Entire home/apt,1,2,170,2,9,8,10,t,1
8393389,42828,566,42262,Australia,Shared room,1,1,41,6,9,10,10,f,1
16590354,42828,1418,41410,Australia,Entire home/apt,1,2,140,5,9,9,10,t,1
4662805,42828,861,41967,Australia,Entire home/apt,1,2,149,8,10,10,9,f,1
11087653,42828,546,42282,Australia,Private room,1,1,58,9,10,9,10,f,1
15274706,42828,993,41835,Australia,Private room,1,1,90,0,,,,f,1
2757328,42828,1584,41244,Australia,Entire home/apt,1,2,201,3,10,9,9,f,1
17502940,42828,520,42308,Australia,Entire home/apt,1,3,165,0,,,,f,1
6886116,42828,777,42051,Australia,Private room,2,3,60,10,9,10,10,f,1
4335171,42828,1363,41465,Australia,Entire home/apt,2,2,419,2,9,10,9,f,1
2553571,42828,1891,40937,Australia,Private room,1,1,110,0,,,,f,1
8327938,42828,647,42181,Australia,Shared room,4,1,39,2,6,9,10,f,1
1910366,42828,1824,41004,Australia,Entire home/apt,1,2,201,24,9,10,9,f,1
4238810,42828,915,41913,Australia,Entire home/apt,2,3,450,2,10,10,9,f,1
1910387,42828,1484,41344,Australia,Entire home/apt,1,2,165,2,10,10,10,f,1
10552938,42828,552,42276,Australia,Private room,1,1,75,1,10,10,10,f,1
11146018,42828,1123,41705,Australia,Entire home/apt,1,1,140,45,10,10,10,f,1
14553901,42828,563,42265,Australia,Entire home/apt,1,1,130,3,10,9,10,f,1
8328010,42828,647,42181,Australia,Shared room,4,1,39,2,6,10,9,f,1
594776,42828,1723,41105,Australia,Private room,1,1,56,5,10,10,9,f,1
10233525,42828,685,42143,Australia,Private room,1,1,90,4,10,10,10,f,1
12456798,42828,631,42197,Australia,Entire home/apt,1,2,121,0,,,,f,1
16328397,42828,113,42715,Australia,Private room,1,1,41,0,,,,t,1
17192291,42828,60,42768,Australia,Entire home/apt,2,3,570,0,,,,f,1
5582743,42828,1309,41519,Australia,Entire home/apt,1,2,149,0,,,,f,1
8922852,42828,749,42079,Australia,Entire home/apt,1,1,138,34,10,9,9,f,1
17966840,42828,312,42516,Australia,Entire home/apt,1,1,145,0,,,,f,1
9638808,42828,563,42265,Australia,Entire home/apt,3,2,142,2,5,10,9,f,1
16653585,42828,509,42319,Australia,Private room,1,1,66,0,,,,t,1
14554065,42828,1106,41722,Australia,Private room,1,1,110,4,10,9,10,f,1
973790,42828,1513,41315,Australia,Entire home/apt,2,4,499,2,10,10,10,t,1
13643720,42828,2142,40686,Australia,Entire home/apt,1,2,176,5,7,10,10,f,1
4663118,42828,904,41924,Australia,Entire home/apt,1,2,250,1,10,10,10,f,1
3680080,42828,1363,41465,Australia,Entire home/apt,2,3,391,0,,,,f,1
1187175,42828,1739,41089,Australia,Entire home/apt,1,1,132,30,8,10,9,f,1
77792,42828,2224,40604,Australia,Private room,1,1,94,73,10,10,10,f,1
16850326,42828,74,42754,Australia,Private room,1,1,52,3,8,8,9,f,1
16459685,42828,790,42038,Australia,Entire home/apt,1,1,110,0,,,,f,1
14559139,42828,237,42591,Australia,Entire home/apt,1,2,100,0,,,,t,1
595031,42828,1723,41105,Australia,Entire home/apt,2,3,572,0,,,,f,1
16058560,42828,988,41840,Australia,Private room,1,1,87,1,8,10,10,t,1
9117127,42828,773,42055,Australia,Entire home/apt,3,3,620,0,,,,f,1
16266373,42828,118,42710,Australia,Shared room,1,1,52,0,,,,t,1
864162,42828,1556,41272,Australia,Private room,0.5,1,80,20,9,10,10,f,1
13966810,42828,265,42563,Australia,Private room,1.5,1,80,2,10,10,10,f,1
4873751,42828,834,41994,Australia,Entire home/apt,1,2,225,2,10,10,10,f,1
7026112,42828,647,42181,Australia,Private room,7,1,66,0,,,,f,1
6563893,42828,677,42151,Australia,Private room,1,1,50,1,6,10,8,f,1
733273,42828,1636,41192,Australia,Entire home/apt,1,3,290,2,10,9,9,f,1
2961500,42828,1103,41725,Australia,Private room,1,1,149,1,8,10,8,f,1
4597819,42828,993,41835,Australia,Entire home/apt,1.5,2,160,2,9,9,9,f,1
1127577,42828,2005,40823,Australia,Entire home/apt,2,3,350,1,8,10,10,f,1
13440205,42828,298,42530,Australia,Entire home/apt,1,1,80,0,,,,f,1
16058387,42828,578,42250,Australia,Entire home/apt,1,1,250,0,,,,f,1
4663412,42828,1363,41465,Australia,Entire home/apt,2,3,250,20,8,10,9,t,1
16713411,42828,1338,41490,Australia,Private room,1,1,72,2,9,10,10,f,1
1847447,42828,1255,41573,Australia,Private room,1,1,281,1,8,10,10,f,1
4270270,42828,937,41891,Australia,Entire home/apt,1,1,60,6,9,9,9,f,1
988455,42828,1599,41229,Australia,Private room,1,1,69,12,9,9,9,f,1
17292322,42828,1630,41198,Australia,Private room,1,,48,2,10,10,10,f,1
11743412,42828,494,42334,Australia,Shared room,1,1,25,0,,,,f,1
1971529,42828,1229,41599,Australia,Private room,1,1,94,74,9,10,9,f,1
2104988,42828,1200,41628,Australia,Entire home/apt,1,1,145,3,10,10,10,f,1
275625,42828,1956,40872,Australia,Private room,1,1,75,44,10,10,10,f,1
15272138,42828,306,42522,Australia,Private room,1,1,69,6,10,10,9,f,1
8543274,42828,557,42271,Australia,Private room,1,1,69,5,9,10,10,f,1
4008182,42828,1227,41601,Australia,Entire home/apt,1,2,195,25,9,10,9,f,1
15413436,42828,1344,41484,Australia,Entire home/apt,1,1,295,2,10,10,10,t,1
10299666,42828,1061,41767,Australia,Private room,1,1,201,3,10,10,10,f,1
17236888,42828,1100,41728,Australia,Entire home/apt,1,2,149,1,10,8,10,t,1
4589603,42828,870,41958,Australia,Entire home/apt,2,3,600,6,9,10,9,f,1
2830549,42828,1080,41748,Australia,Private room,2,1,90,1,8,10,8,f,1
16329012,42828,547,42281,Australia,Entire home/apt,1.5,3,201,1,10,8,10,f,1
16242979,42828,120,42708,Australia,Private room,1,1,75,3,10,10,10,f,1
10168720,42828,465,42363,Australia,Private room,3,1,85,0,,,,f,1
7025890,42828,647,42181,Australia,Shared room,7,1,18,6,6,9,7,f,1
9513364,42828,503,42325,Australia,Entire home/apt,2,3,650,24,9,10,9,t,1
16785250,42828,79,42749,Australia,Private room,1.5,1,37,0,,,,f,1
15205692,42828,409,42419,Australia,Private room,1,1,83,0,,,,f,1
8263214,42828,2314,40514,Australia,Private room,1,1,85,6,9,10,8,f,1
6957478,42828,651,42177,Australia,Entire home/apt,1,1,121,2,9,8,9,f,1
16916335,42828,112,42716,Australia,Private room,1,1,110,2,10,10,10,f,1
16713778,42828,598,42230,Australia,Private room,1,,69,0,,,,f,1
9377343,42828,518,42310,Australia,Entire home/apt,1,1,94,6,10,10,10,f,1
13348447,42828,304,42524,Australia,Private room,2.5,1,90,5,8,9,8,t,1
2826104,42828,1080,41748,Australia,Entire home/apt,1,1,201,1,8,10,10,f,1
15804864,42828,1347,41481,Australia,Entire home/apt,3.5,3,849,0,,,,t,1
15349204,42828,893,41935,Australia,Private room,1,1,90,0,,,,f,1
10237174,42828,685,42143,Australia,Entire home/apt,1,2,360,2,9,10,9,f,1
1847623,42828,1255,41573,Australia,Entire home/apt,1,2,350,3,10,9,9,f,1
9482223,42828,1024,41804,Australia,Entire home/apt,1,1,138,1,,,,f,1
10040568,42828,652,42176,Australia,Private room,1,1,45,2,8,10,9,f,1
8328805,42828,647,42181,Australia,Shared room,4,1,39,2,2,4,4,f,1
10302718,42828,630,42198,Australia,Entire home/apt,1,2,250,15,10,10,10,f,1
16198116,42828,537,42291,Australia,Entire home/apt,1,2,380,0,,,,f,1
12072200,42828,2544,40284,Australia,Private room,1,1,66,1,,,,f,1
7549291,42828,1048,41780,Australia,Private room,1,1,66,2,9,10,10,f,1
16525825,42828,1900,40928,Australia,Private room,1,1,66,3,10,10,10,f,1
12591052,42828,629,42199,Australia,Entire home/apt,1,1,185,48,9,10,9,f,1
17793989,42828,15,42813,Australia,Entire home/apt,3,5,350,0,,,,t,1
14363147,42828,241,42587,Australia,Private room,1,1,100,7,10,10,9,f,1
7549345,42828,825,42003,Australia,Private room,1,1,60,3,10,10,10,f,1
17705490,42828,84,42744,Australia,Entire home/apt,1,2,145,2,8,10,8,f,1
15734445,42828,245,42583,Australia,Entire home/apt,2.5,4,551,0,,,,f,1
10105225,42828,511,42317,Australia,Entire home/apt,1,1,130,82,9,10,10,t,1
7940646,42828,1363,41465,Australia,Entire home/apt,3,4,800,2,10,10,9,f,1
17641930,42828,25,42803,Australia,Private room,1,1,55,0,,,,t,1
12787730,42828,338,42490,Australia,Entire home/apt,1,2,149,1,10,10,10,f,1
17510870,42828,362,42466,Australia,Entire home/apt,1,2,149,7,9,9,9,t,1
8328934,42828,647,42181,Australia,Shared room,4,1,39,0,,,,f,1
8328937,42828,647,42181,Australia,Shared room,4,1,39,1,2,8,4,f,1
8328947,42828,647,42181,Australia,Shared room,4,1,39,2,4,9,4,f,1
2011900,42828,1378,41450,Australia,Entire home/apt,1,2,220,4,10,10,10,f,1
3617248,42828,992,41836,Australia,Entire home/apt,1.5,2,250,44,10,9,10,f,1
8328968,42828,647,42181,Australia,Shared room,4,1,39,3,5,9,6,f,1
11874800,42828,382,42446,Australia,Entire home/apt,2,3,164,0,,,,f,1
15603465,42828,595,42233,Australia,Private room,1,1,125,1,10,10,10,f,1
16258829,42828,119,42709,Australia,Private room,1,1,60,1,2,6,2,t,1
73802,42828,2244,40584,Australia,Entire home/apt,5,6,1690,13,10,10,9,f,1
12751394,42828,641,42187,Australia,Entire home/apt,3,4,350,25,8,10,9,f,1
11398142,42828,1155,41673,Australia,Entire home/apt,4,5,1853,0,,,,f,1
9581052,42828,498,42330,Australia,Entire home/apt,1.5,3,190,0,,,,f,1
9120410,42828,1363,41465,Australia,Entire home/apt,3,4,700,1,8,10,8,f,1
5513327,42828,763,42065,Australia,Private room,1,1,55,4,10,10,10,f,1
8139279,42828,581,42247,Australia,Entire home/apt,1,1,80,0,,,,f,1
13982400,42828,1053,41775,Australia,Private room,1,1,50,0,,,,f,1
8280772,42828,1608,41220,Australia,Private room,1,1,75,0,,,,f,1
8329050,42828,647,42181,Australia,Shared room,4,1,39,0,,,,f,1
11874856,42828,1635,41193,Australia,Entire home/apt,1,2,180,24,10,10,10,t,1
8329075,42828,647,42181,Australia,Shared room,4,1,39,1,4,10,6,f,1
13576954,42828,2424,40404,Australia,Entire home/apt,1,2,180,8,10,10,10,f,1
5185720,42828,1327,41501,Australia,Entire home/apt,1,3,180,92,9,10,9,f,1
17309940,42828,988,41840,Australia,Private room,1.5,1,50,1,10,10,10,t,1
17962897,42828,217,42611,Australia,Entire home/apt,1,1,185,0,,,,t,1
9453918,42828,1479,41349,Australia,Private room,1,1,66,2,10,10,10,f,1
8329099,42828,647,42181,Australia,Shared room,4,1,25,1,6,10,10,f,1
16785673,42828,376,42452,Australia,Private room,1,1,68,5,8,10,10,t,1
8329113,42828,647,42181,Australia,Shared room,5,1,39,1,,,,f,1
4464899,42828,892,41936,Australia,Private room,1,1,85,43,9,10,10,f,1
14691118,42828,1363,41465,Australia,Entire home/apt,4,6,817,0,,,,f,1
8329128,42828,647,42181,Australia,Shared room,3,1,39,2,6,10,10,f,1
925890,42828,1518,41310,Australia,Entire home/apt,1,1,121,209,9,10,9,f,1
13130056,42828,322,42506,Australia,Entire home/apt,2,3,281,0,,,,t,1
15149893,42828,862,41966,Australia,Entire home/apt,2.5,3,130,0,,,,f,1
16195903,42828,1385,41443,Australia,Entire home/apt,1,1,149,6,8,9,10,f,1
18024519,42828,1273,41555,Australia,Entire home/apt,1,1,130,0,,,,f,1
7940935,42828,836,41992,Australia,Entire home/apt,1,2,165,2,9,10,8,f,1
4598602,42828,868,41960,Australia,Private room,1,1,69,0,,,,f,1
8329176,42828,647,42181,Australia,Shared room,3,1,39,0,,,,f,1
16979941,42828,1018,41810,Australia,Private room,1,1,51,0,,,,f,1
5254022,42828,851,41977,Australia,Entire home/apt,1,2,235,0,,,,f,1
16324584,42828,114,42714,Australia,Private room,1,1,50,1,8,8,8,f,1
14321773,42828,437,42391,Australia,Entire home/apt,1,2,265,16,9,10,9,f,1
7875483,42828,1754,41074,Australia,Entire home/apt,1,2,170,1,6,10,10,f,1
17640356,42828,25,42803,Australia,Private room,1,1,69,0,,,,t,1
8200593,42828,1234,41594,Australia,Entire home/apt,2,2,94,2,9,8,10,f,1
4989322,42828,956,41872,Australia,Private room,1,1,59,50,9,9,9,t,1
17642153,42828,417,42411,Australia,Entire home/apt,1,1,149,1,8,10,8,f,1
8466500,42828,573,42255,Australia,Entire home/apt,1,2,130,1,8,10,10,f,1
14033306,42828,277,42551,Australia,Private room,1,1,600,0,,,,f,1
9581239,42828,498,42330,Australia,Private room,1,1,42,1,8,10,10,f,1
10300373,42828,458,42370,Australia,Entire home/apt,1,2,100,4,10,10,10,t,1
15807182,42828,152,42676,Australia,Entire home/apt,1.5,4,300,6,9,9,10,f,1
9450858,42828,507,42321,Australia,Entire home/apt,1,0,128,1,4,10,8,f,1
16264210,42828,1394,41434,Australia,Private room,1,1,125,0,,,,f,1
10103846,42828,470,42358,Australia,Entire home/apt,1,3,201,0,,,,f,1
15041955,42828,2019,40809,Australia,Private room,1,1,90,11,10,10,10,t,1
17897588,42828,978,41850,Australia,Entire home/apt,1,1,149,0,,,,f,1
8598248,42828,553,42275,Australia,Entire home/apt,1,1,181,8,10,10,10,f,1
10688651,42828,463,42365,Australia,Private room,1,1,41,0,,,,f,1
12793224,42828,638,42190,Australia,Private room,1,1,55,1,,,,f,1
1192706,42828,1412,41416,Australia,Private room,1,1,41,3,10,10,9,t,1
4917094,42828,827,42001,Australia,Private room,1,1,75,0,,,,f,1
16134934,42828,2475,40353,Australia,Entire home/apt,2,3,250,0,,,,f,1
5511339,42828,764,42064,Australia,Entire home/apt,2.5,4,620,1,10,4,8,f,1
9995696,42828,484,42344,Australia,Private room,1,1,50,26,9,9,10,f,1
16851499,42828,956,41872,Australia,Private room,1,1,69,1,10,10,10,f,1
2547162,42828,1723,41105,Australia,Private room,1.5,1,121,1,,,,f,1
15227252,42828,1173,41655,Australia,Entire home/apt,1,2,180,1,10,10,10,f,1
16395386,42828,651,42177,Australia,Entire home/apt,1.5,1,165,0,,,,t,1
601230,42828,1720,41108,Australia,Entire home/apt,1.5,3,274,21,9,10,9,f,1
15479606,42828,173,42655,Australia,Private room,1.5,1,90,0,,,,f,1
792802,42828,1597,41231,Australia,Private room,1,1,69,21,9,10,10,f,1
923880,42828,1519,41309,Australia,Entire home/apt,1,1,149,3,10,10,10,f,1
6368444,42828,693,42135,Australia,Entire home/apt,1,1,109,6,10,10,10,f,1
6305175,42828,855,41973,Australia,Entire home/apt,1,2,149,2,7,10,10,f,1
3681462,42828,1362,41466,Australia,Private room,1,1,69,63,10,10,10,f,1
15011603,42828,203,42625,Australia,Entire home/apt,1,3,270,3,9,9,8,f,1
12657334,42828,769,42059,Australia,Entire home/apt,1.5,3,121,0,,,,f,1
15412447,42828,878,41950,Australia,Private room,1,1,75,10,10,10,10,f,1
10756786,42828,437,42391,Australia,Entire home/apt,2,2,111,1,10,10,10,f,1
7016243,42828,647,42181,Australia,Shared room,7,1,18,1,8,10,10,f,1
16783651,42828,78,42750,Australia,Entire home/apt,1,2,350,1,10,10,10,f,1
11870910,42828,518,42310,Australia,Private room,1,1,60,4,10,10,10,f,1
9448683,42828,638,42190,Australia,Entire home/apt,2.5,3,385,3,10,9,10,f,1
69428,42828,2270,40558,Australia,Entire home/apt,2.5,3,499,45,8,8,7,f,1
16128303,42828,1996,40832,Australia,Entire home/apt,1,1,97,2,10,10,10,f,1
7540572,42828,1228,41600,Australia,Private room,1,1,52,0,,,,f,1
10018006,42828,539,42289,Australia,Private room,1,1,52,1,8,10,10,f,1
11802950,42828,561,42267,Australia,Entire home/apt,1,2,128,7,10,10,10,f,1
15931723,42828,1173,41655,Australia,Private room,1,1,125,0,,,,f,1
273673,42828,1959,40869,Australia,Private room,,1,125,0,,,,f,1
16392965,42828,120,42708,Australia,Private room,1,1,75,1,6,6,6,t,1
15273863,42828,627,42201,Australia,Private room,1,1,250,0,,,,f,1
11590447,42828,414,42414,Australia,Entire home/apt,2,3,600,0,,,,f,1
16456034,42828,104,42724,Australia,Entire home/apt,1,1,102,11,9,10,9,f,1
15470485,42828,1289,41539,Australia,Entire home/apt,1,2,166,0,,,,f,1
15994778,42828,171,42657,Australia,Entire home/apt,2.5,2,288,1,,,,t,1
16135038,42828,128,42700,Australia,Private room,1,1,69,1,10,10,10,t,1
7941444,42828,1776,41052,Australia,Entire home/apt,2,2,254,3,9,9,7,f,1
12987722,42828,715,42113,Australia,Entire home/apt,1,2,114,1,10,10,10,f,1
3224457,42828,1680,41148,Australia,Entire home/apt,1,2,201,1,10,10,10,t,1
6628170,42828,1042,41786,Australia,Entire home/apt,1.5,2,350,0,,,,f,1
16193938,42828,124,42704,Australia,Entire home/apt,3.5,3,499,1,10,8,10,f,1
9973080,42828,477,42351,Australia,Private room,1.5,1,100,0,,,,f,1
6824809,42828,1207,41621,Australia,Entire home/apt,2.5,4,442,23,9,9,9,f,1
8007023,42828,717,42111,Australia,Private room,1,1,69,18,10,9,9,f,1
17703804,42828,1363,41465,Australia,Entire home/apt,3,4,338,0,,,,f,1
17703806,42828,1776,41052,Australia,Entire home/apt,1,2,170,0,,,,f,1
16193998,42828,124,42704,Australia,Entire home/apt,1,2,149,1,8,10,10,f,1
17504732,42828,33,42795,Australia,Shared room,1,1,26,0,,,,t,1
11349364,42828,854,41974,Australia,Private room,1.5,1,79,39,10,9,10,f,1
15934354,42828,1671,41157,Australia,Private room,1,1,90,4,10,10,10,f,1
15470620,42828,835,41993,Australia,Private room,1,1,80,8,10,10,9,f,1
12070271,42828,1248,41580,Australia,Private room,1,1,68,11,7,8,8,f,1
885420,42828,1541,41287,Australia,Private room,1,1,85,71,10,10,10,f,1
16205852,42828,123,42705,Australia,Private room,1,1,58,3,8,9,9,t,1
906025,42828,1902,40926,Australia,Private room,1,1,66,116,9,9,10,t,1
13048439,42828,1558,41270,Australia,Private room,1.5,1,45,0,,,,f,1
14077982,42828,841,41987,Australia,Entire home/apt,1.5,2,125,0,,,,f,1
9577443,42828,514,42314,Australia,Entire home/apt,2,2,138,0,,,,f,1
9776550,42828,742,42086,Australia,Private room,1,1,149,1,,,,f,1
6824945,42828,1604,41224,Australia,Entire home/apt,1,1,85,9,10,10,10,f,1
16650340,42828,969,41859,Australia,Entire home/apt,1,0,180,6,10,10,10,t,1
9929820,42828,749,42079,Australia,Entire home/apt,1,0,100,25,9,10,9,f,1
2928811,42828,1068,41760,Australia,Entire home/apt,1,1,125,11,8,9,9,f,1
17114119,42828,1082,41746,Australia,Private room,1,1,201,6,10,10,9,f,1
15211076,42828,665,42163,Australia,Entire home/apt,1,2,104,1,10,8,10,f,1
15806223,42828,152,42676,Australia,Entire home/apt,1,4,450,0,,,,f,1
2112330,42828,2075,40753,Australia,Entire home/apt,1,1,185,28,10,10,9,f,1
9845591,42828,484,42344,Australia,Private room,1,1,50,0,,,,f,1
2573400,42828,1763,41065,Australia,Entire home/apt,1,1,180,17,10,10,9,f,1
8374252,42828,869,41959,Australia,Private room,1,1,60,2,8,9,9,f,1
14171134,42828,1131,41697,Australia,Private room,1,1,60,0,,,,f,1
11678890,42828,1363,41465,Australia,Entire home/apt,2,3,201,1,10,8,10,f,1
6306816,42828,968,41860,Australia,Private room,1,1,145,2,8,8,9,f,1
16073855,42828,1008,41820,Australia,Private room,1,1,90,0,,,,f,1
14171163,42828,1305,41523,Australia,Entire home/apt,1.5,3,250,0,,,,f,1
801788,42828,1593,41235,Australia,Private room,1,1,100,115,9,9,9,f,1
14826532,42828,1184,41644,Australia,Entire home/apt,2,2,281,1,,,,f,1
5147144,42828,800,42028,Australia,Private room,1,1,69,11,10,10,9,f,1
16989258,42828,64,42764,Australia,Entire home/apt,2,2,190,7,10,10,10,f,1
7751185,42828,1526,41302,Australia,Entire home/apt,2.5,3,300,1,10,8,10,f,1
9929800,42828,479,42349,Australia,Private room,1,1,69,2,9,10,9,f,1
16795231,42828,922,41906,Australia,Private room,1,1,94,0,,,,t,1
13387746,42828,1174,41654,Australia,Entire home/apt,1,1,149,8,10,10,9,f,1
4406518,42828,893,41935,Australia,Entire home/apt,2,4,350,1,10,8,10,f,1
3618330,42828,1363,41465,Australia,Entire home/apt,1,3,250,9,8,9,8,t,1
1984036,42828,1226,41602,Australia,Entire home/apt,1,1,100,7,9,10,9,t,1
13516136,42828,885,41943,Australia,Entire home/apt,1,4,325,1,8,10,8,t,1
10693599,42828,449,42379,Australia,Private room,1,1,2000,13,9,9,9,f,1
14433765,42828,669,42159,Australia,Entire home/apt,1,2,149,3,,,,t,1
13517999,42828,736,42092,Australia,Private room,1,1,75,3,6,8,8,f,1
16072239,42828,988,41840,Australia,Entire home/apt,1,2,381,0,,,,f,1
4537953,42828,876,41952,Australia,Entire home/apt,3,4,689,2,10,8,9,f,1
12140139,42828,368,42460,Australia,Entire home/apt,1,2,180,0,,,,f,1
7028403,42828,672,42156,Australia,Entire home/apt,1,4,750,0,,,,f,1
10007837,42828,1141,41687,Australia,Private room,1,1,75,2,9,9,9,f,1
15025379,42828,203,42625,Australia,Private room,1,1,59,15,9,10,9,f,1
2637544,42828,1122,41706,Australia,Entire home/apt,1,1,115,42,9,9,9,f,1
5050873,42828,829,41999,Australia,Entire home/apt,1,2,140,3,9,10,9,f,1
16006921,42828,171,42657,Australia,Private room,3,1,68,22,9,9,9,t,1
13387033,42828,301,42527,Australia,Private room,1,1,90,0,,,,t,1
8118490,42828,1363,41465,Australia,Entire home/apt,2.5,3,468,1,10,10,8,f,1
4998427,42828,816,42012,Australia,Entire home/apt,1,1,140,7,9,9,9,f,1
16532770,42828,97,42731,Australia,Private room,1,1,90,0,,,,f,1
15484195,42828,944,41884,Australia,Entire home/apt,2,3,201,1,10,10,10,f,1
11027757,42828,669,42159,Australia,Private room,1,1,50,7,8,9,9,t,1
3814713,42828,1362,41466,Australia,Entire home/apt,1,2,176,5,8,9,8,f,1
9453413,42828,506,42322,Australia,Entire home/apt,1,1,66,7,9,9,10,f,1
3555199,42828,1694,41134,Australia,Private room,1,1,75,41,8,10,9,f,1
279869,42828,1951,40877,Australia,Entire home/apt,1,2,309,4,9,9,9,f,1
9977776,42828,1776,41052,Australia,Entire home/apt,2,3,425,4,10,10,10,f,1
15746381,42828,156,42672,Australia,Entire home/apt,1,0,170,3,10,10,10,t,1
15603703,42828,595,42233,Australia,Private room,1,1,125,3,7,9,7,f,1
10979999,42828,783,42045,Australia,Private room,1,1,69,37,8,10,9,t,1
7749621,42828,829,41999,Australia,Entire home/apt,1,1,115,29,9,9,9,f,1
9782610,42828,798,42030,Australia,Entire home/apt,2.5,4,299,4,10,10,10,f,1
9782622,42828,663,42165,Australia,Entire home/apt,1,2,140,0,,,,f,1
9912371,42828,964,41864,Australia,Private room,1,1,80,0,,,,f,1
15876177,42828,1385,41443,Australia,Entire home/apt,1,1,281,0,,,,f,1
16007263,42828,171,42657,Australia,Entire home/apt,3,2,288,0,,,,t,1
7095642,42828,1086,41742,Australia,Private room,1,1,90,50,9,10,9,f,1
5980358,42828,1319,41509,Australia,Entire home/apt,1,1,220,1,4,8,4,t,1
17741178,42828,1147,41681,Australia,Entire home/apt,1,1,140,0,,,,f,1
9715943,42828,1363,41465,Australia,Entire home/apt,2,3,570,1,10,10,10,f,1
17515936,42828,1089,41739,Australia,Entire home/apt,2,3,250,0,,,,f,1
16138497,42828,411,42417,Australia,Entire home/apt,1,2,400,1,10,8,10,t,1
16138514,42828,127,42701,Australia,Entire home/apt,2,3,229,2,10,8,10,f,1
8995095,42828,764,42064,Australia,Entire home/apt,1,2,100,1,,,,f,1
17383711,42828,947,41881,Australia,Entire home/apt,1,1,107,0,,,,t,1
9912627,42828,1067,41761,Australia,Entire home/apt,1,2,100,2,9,9,10,f,1
606519,42828,1718,41110,Australia,Private room,1,1,100,0,,,,f,1
7749959,42828,624,42204,Australia,Entire home/apt,1.5,3,278,0,,,,t,1
6898005,42828,918,41910,Australia,Entire home/apt,1,2,125,26,9,9,9,f,1
9979303,42828,1397,41431,Australia,Private room,1,1,250,2,10,10,8,f,1
1111328,42828,1795,41033,Australia,Private room,2,1,100,0,,,,f,1
8275383,42828,1357,41471,Australia,Entire home/apt,1,2,350,0,,,,f,1
3490148,42828,1006,41822,Australia,Entire home/apt,1,2,180,71,9,10,9,f,1
9453942,42828,506,42322,Australia,Entire home/apt,2,3,270,0,,,,f,1
15985614,42828,2504,40324,Australia,Entire home/apt,1,1,125,3,10,9,10,t,1
9847203,42828,483,42345,Australia,Private room,1,1,41,2,10,10,10,f,1
1130919,42828,1531,41297,Australia,Entire home/apt,2.5,3,600,0,,,,f,1
5185213,42828,1236,41592,Australia,Private room,1,1,100,0,,,,f,1
6916350,42828,699,42129,Australia,Private room,1,1,56,37,10,9,9,f,1
16070154,42828,455,42373,Australia,Private room,1,1,75,8,10,10,10,f,1
4211142,42828,1390,41438,Australia,Entire home/apt,1,2,180,2,10,10,10,t,1
1979927,42828,1227,41601,Australia,Entire home/apt,1,2,191,25,9,10,9,f,1
13579186,42828,502,42326,Australia,Private room,1,1,85,0,,,,f,1
9516629,42828,502,42326,Australia,Private room,1,1,66,0,,,,f,1
803334,42828,1591,41237,Australia,Private room,,1,85,5,10,9,9,f,1
9516634,42828,502,42326,Australia,Entire home/apt,1,2,220,4,10,10,9,f,1
1979970,42828,1227,41601,Australia,Entire home/apt,1,2,199,45,9,10,9,f,1
822017,42828,1582,41246,Australia,Entire home/apt,2,3,426,16,9,10,9,f,1
14890420,42828,701,42127,Australia,Entire home/apt,2,2,121,0,,,,f,1
8929912,42828,535,42293,Australia,Entire home/apt,1,3,360,1,10,10,10,f,1
13481413,42828,1202,41626,Australia,Entire home/apt,1,1,121,8,10,10,10,f,1
17057368,42828,101,42727,Australia,Private room,1,1,911,2,9,10,10,f,1
9451235,42828,507,42321,Australia,Entire home/apt,1,1,121,1,10,10,10,f,1
10106611,42828,470,42358,Australia,Entire home/apt,1,2,450,0,,,,f,1
16004859,42828,193,42635,Australia,Private room,1,1,41,2,9,9,9,t,1
3097329,42828,1052,41776,Australia,Entire home/apt,1,2,100,1,,8,8,f,1
16859918,42828,74,42754,Australia,Private room,1,1,69,2,9,10,10,t,1
2704122,42828,1539,41289,Australia,Entire home/apt,1,2,149,74,10,10,10,f,1
6633305,42828,673,42155,Australia,Private room,1,1,41,0,,,,f,1
16466785,42828,2121,40707,Australia,Private room,1,2,149,1,4,,,f,1
11024239,42828,648,42180,Australia,Entire home/apt,1,2,106,6,10,10,10,f,1
14301080,42828,557,42271,Australia,Entire home/apt,2.5,4,1049,0,,,,t,1
10634155,42828,544,42284,Australia,Private room,1.5,1,35,1,2,8,6,f,1
9049869,42828,529,42299,Australia,Private room,1,1,48,1,,,,t,1
14042066,42828,1182,41646,Australia,Entire home/apt,2,5,800,0,,,,f,1
14828508,42828,582,42246,Australia,Entire home/apt,1,3,240,4,9,10,10,f,1
4568049,42828,1173,41655,Australia,Private room,2,1,105,20,10,10,10,f,1
5388367,42828,771,42057,Australia,Private room,1,1,85,0,,,,f,1
1718371,42828,1419,41409,Australia,Entire home/apt,2.5,3,250,9,9,9,9,f,1
3115490,42828,969,41859,Australia,Entire home/apt,1,2,229,4,10,10,9,t,1
9320577,42828,513,42315,Australia,Entire home/apt,1,3,400,24,9,9,9,f,1
13646090,42828,1210,41618,Australia,Entire home/apt,1,1,125,0,,,,f,1
5981208,42828,722,42106,Australia,Private room,1,1,80,18,10,10,10,f,1
9976139,42828,490,42338,Australia,Private room,1,1,69,1,10,10,10,f,1
1128749,42828,2229,40599,Australia,Entire home/apt,1,1,110,193,10,9,9,f,1
1980879,42828,1382,41446,Australia,Entire home/apt,1,2,190,2,10,9,9,f,1
2046420,42828,1213,41615,Australia,Private room,1,1,94,2,10,10,10,f,1
9583063,42828,505,42323,Australia,Entire home/apt,2,2,300,1,10,,,f,1
4032936,42828,1363,41465,Australia,Entire home/apt,3,3,343,0,,,,f,1
15874568,42828,147,42681,Australia,Entire home/apt,2,3,250,10,8,10,9,t,1
3553812,42828,1083,41745,Australia,Entire home/apt,1,1,135,10,9,9,10,f,1
2046525,42828,1213,41615,Australia,Private room,1,1,50,4,10,10,10,f,1
16136818,42828,145,42683,Australia,Private room,1,1,100,1,10,10,10,f,1
16533008,42828,97,42731,Australia,Entire home/apt,1,1,149,1,10,10,10,f,1
17906369,42828,10,42818,Australia,Entire home/apt,2,4,700,0,,,,f,1
2243269,42828,1170,41658,Australia,Entire home/apt,1,1,115,4,10,10,8,f,1
14170863,42828,314,42514,Australia,Entire home/apt,3,4,940,0,,,,f,1
17447743,42828,145,42683,Australia,Entire home/apt,1,2,125,0,,,,t,1
12798014,42828,355,42473,Australia,Entire home/apt,1,2,119,3,10,10,10,f,1
15878213,42828,181,42647,Australia,Entire home/apt,1,1,149,2,10,10,10,f,1
16795715,42828,981,41847,Australia,Private room,1,1,56,2,10,10,10,f,1
17981795,42828,414,42414,Australia,Entire home/apt,1,2,499,0,,,,f,1
1984622,42828,1226,41602,Australia,Entire home/apt,2,4,600,3,9,10,10,f,1
7424136,42828,2065,40763,Australia,Entire home/apt,2.5,3,210,0,,,,f,1
14633133,42828,694,42134,Australia,Entire home/apt,2,2,339,0,,,,f,1
9849011,42828,1585,41243,Australia,Entire home/apt,1,2,149,3,8,8,9,f,1
17451220,42828,136,42692,Australia,Private room,1,1,90,0,,,,f,1
13453527,42828,714,42114,Australia,Entire home/apt,1,1,128,3,9,9,7,f,1
13770869,42828,278,42550,Australia,Private room,1,1,54,0,,,,t,1
16729744,42828,1110,41718,Australia,Entire home/apt,1,2,201,0,,,,t,1
6768310,42828,775,42053,Australia,Entire home/apt,1,1,121,0,,,,f,1
10045142,42828,507,42321,Australia,Entire home/apt,1,2,250,0,,,,f,1
15746765,42828,173,42655,Australia,Entire home/apt,1,1,90,3,9,9,10,t,1
2831994,42828,1096,41732,Australia,Private room,3,1,85,7,10,9,10,f,1
16533804,42828,784,42044,Australia,Private room,1,1,60,0,,,,f,1
14829296,42828,1106,41722,Australia,Entire home/apt,1.5,2,300,4,10,10,10,f,1
16485331,42828,967,41861,Australia,Entire home/apt,1,1,100,2,9,9,10,f,1
10503945,42828,448,42380,Australia,Private room,1,1,41,10,9,9,10,f,1
15026482,42828,203,42625,Australia,Shared room,1,1,30,5,9,9,10,f,1
1980127,42828,1567,41261,Australia,Entire home/apt,2,4,600,3,9,9,9,f,1
3760438,42828,987,41841,Australia,Entire home/apt,1,3,195,2,8,10,8,f,1
7227218,42828,636,42192,Australia,Entire home/apt,2,3,471,0,,,,f,1
15746903,42828,164,42664,Australia,Entire home/apt,2,5,450,0,,,,f,1
7911057,42828,595,42233,Australia,Entire home/apt,1,2,113,2,10,9,8,f,1
12666739,42828,1925,40903,Australia,Entire home/apt,1,2,180,5,9,10,10,f,1
16336777,42828,842,41986,Australia,Entire home/apt,2,2,250,0,,,,f,1
17909644,42828,8,42820,Australia,Entire home/apt,1,1,145,0,,,,t,1
7620495,42828,1771,41057,Australia,Private room,1.5,3,83,37,9,10,10,t,1
16861120,42828,721,42107,Australia,Entire home/apt,1,1,160,0,,,,f,1
8832108,42828,898,41930,Australia,Private room,1,1,100,1,10,10,10,f,1
13715407,42828,281,42547,Australia,Entire home/apt,1,2,189,5,10,10,10,f,1
17909737,42828,1363,41465,Australia,Entire home/apt,3.5,4,350,0,,,,t,1
9259533,42828,1182,41646,Australia,Entire home/apt,1,1,115,4,10,10,10,f,1
10045972,42828,474,42354,Australia,Entire home/apt,3,3,689,0,,,,f,1
8538653,42828,997,41831,Australia,Entire home/apt,2,2,165,0,,,,f,1
16075302,42828,1432,41396,Australia,Entire home/apt,1,2,100,3,9,10,10,f,1
5839380,42828,933,41895,Australia,Entire home/apt,1,1,100,0,,,,f,1
16861892,42828,529,42299,Australia,Entire home/apt,1,0,121,1,10,10,10,t,1
13689269,42828,284,42544,Australia,Shared room,1,1,25,2,10,7,9,t,1
3885771,42828,961,41867,Australia,Entire home/apt,1,2,121,1,10,10,10,f,1
7293584,42828,895,41933,Australia,Private room,1,1,89,0,,,,f,1
17779348,42828,1632,41196,Australia,Private room,1,1,60,0,,,,f,1
15223446,42828,1739,41089,Australia,Private room,1,1,80,0,,,,t,1
11642994,42828,843,41985,Australia,Entire home/apt,1,1,110,3,10,9,10,f,1
17255135,42828,536,42292,Australia,Private room,1,1,80,0,,,,t,1
10439062,42828,452,42376,Australia,Private room,1,1,100,6,10,10,10,f,1
14043572,42828,1363,41465,Australia,Entire home/apt,2.5,5,489,0,,,,f,1
4999620,42828,1695,41133,Australia,Private room,1,1,79,12,10,10,10,f,1
8867132,42828,746,42082,Australia,Entire home/apt,1,1,149,2,10,10,10,f,1
9653597,42828,495,42333,Australia,Private room,1,1,38,4,7,9,8,t,1
13481872,42828,295,42533,Australia,Entire home/apt,1,1,87,0,,,,f,1
16469351,42828,888,41940,Australia,Private room,1,1,41,8,10,10,10,f,1
13192553,42828,2534,40294,Australia,Entire home/apt,2.5,4,700,0,,,,f,1
936655,42828,1511,41317,Australia,Entire home/apt,1,1,140,45,8,9,9,f,1
8923316,42828,749,42079,Australia,Entire home/apt,1,3,210,16,9,10,9,f,1
16076192,42828,132,42696,Australia,Entire home/apt,2,4,551,0,,,,f,1
8276745,42828,583,42245,Australia,Entire home/apt,1,2,250,0,,,,f,1
4541188,42828,876,41952,Australia,Entire home/apt,1,1,121,1,10,10,10,f,1
16337722,42828,988,41840,Australia,Private room,1,1,149,0,,,,t,1
15223639,42828,455,42373,Australia,Entire home/apt,1.5,2,201,0,,,,f,1
8276807,42828,2215,40613,Australia,Entire home/apt,1,1,145,21,9,9,9,f,1
9159588,42828,677,42151,Australia,Entire home/apt,2,2,201,0,,,,f,1
15027043,42828,203,42625,Australia,Entire home/apt,1,1,77,0,,,,f,1
8376157,42828,631,42197,Australia,Private room,1,1,66,16,10,9,9,f,1
16599954,42828,594,42234,Australia,Entire home/apt,1,3,400,0,,,,f,1
15535350,42828,1218,41610,Australia,Entire home/apt,1,3,311,12,10,10,9,f,1
10177484,42828,465,42363,Australia,Entire home/apt,3,5,700,0,,,,f,1
4607436,42828,868,41960,Australia,Entire home/apt,3.5,4,300,0,,,,f,1
9718787,42828,1289,41539,Australia,Entire home/apt,1,3,400,0,,,,f,1
2089480,42828,1556,41272,Australia,Entire home/apt,1,2,140,14,9,10,9,f,1
10439777,42828,451,42377,Australia,Private room,1,1,240,0,,,,f,1
4424094,42828,891,41937,Australia,Entire home/apt,1,1,250,5,10,7,7,f,1
12209312,42828,464,42364,Australia,Entire home/apt,1,2,121,2,8,10,9,f,1
5721255,42828,860,41968,Australia,Private room,1,1,80,0,,,,f,1
8866990,42828,1021,41807,Australia,Entire home/apt,1,1,130,6,9,10,10,f,1
16797181,42828,78,42750,Australia,Entire home/apt,1,2,100,3,9,9,10,f,1
16535045,42828,1493,41335,Australia,Entire home/apt,2.5,3,300,0,,,,t,1
16469511,42828,1247,41581,Australia,Private room,1,1,110,3,10,10,10,f,1
6376649,42828,692,42136,Australia,Private room,1,1,60,1,6,10,8,f,1
15945229,42828,402,42426,Australia,Private room,1,1,59,1,10,10,10,t,1
10506704,42828,448,42380,Australia,Private room,1,1,50,8,10,9,10,f,1
17321819,42828,1268,41560,Australia,Private room,1,1,60,1,8,10,10,f,1
15290211,42828,1214,41614,Australia,Entire home/apt,1,2,288,18,10,10,10,f,1
8540649,42828,1477,41351,Australia,Private room,1,1,191,0,,,,f,1
3297133,42828,1027,41801,Australia,Entire home/apt,1,2,579,0,,,,f,1
7583828,42828,1244,41584,Australia,Entire home/apt,2,4,350,2,10,9,10,t,1
13193090,42828,736,42092,Australia,Private room,1,1,35,0,,,,f,1
16324005,42828,358,42470,Australia,Private room,2,1,100,0,,,,f,1
11227016,42828,949,41879,Australia,Entire home/apt,1,1,220,1,6,10,6,f,1
12996501,42828,1063,41765,Australia,Entire home/apt,1,2,149,10,10,10,9,f,1
4164939,42828,925,41903,Australia,Private room,1,1,60,0,,,,f,1
15749266,42828,1022,41806,Australia,Private room,1,1,100,0,,,,t,1
11554407,42828,433,42395,Australia,Entire home/apt,1,2,119,4,10,10,10,f,1
13848771,42828,1086,41742,Australia,Private room,0,1,90,2,10,10,8,f,1
6902317,42828,888,41940,Australia,Entire home/apt,2.5,3,350,11,9,9,10,f,1
10834169,42828,1114,41714,Australia,Shared room,1,1,69,9,10,10,10,f,1
12078784,42828,371,42457,Australia,Private room,1,1,94,0,,,,t,1
15487267,42828,1208,41620,Australia,Entire home/apt,1,2,159,5,10,10,10,f,1
7666953,42828,610,42218,Australia,Private room,1,1,90,3,10,9,9,f,1
15487352,42828,802,42026,Australia,Entire home/apt,1,2,180,1,,,,t,1
189195,42828,2070,40758,Australia,Entire home/apt,1,1,190,5,10,10,8,f,1
12411705,42828,894,41934,Australia,Entire home/apt,1.5,1,125,2,10,10,10,f,1
7911557,42828,595,42233,Australia,Private room,1,1,105,1,10,8,8,f,1
17781544,42828,265,42563,Australia,Entire home/apt,1,2,130,0,,,,t,1
13325022,42828,2227,40601,Australia,Entire home/apt,1,2,97,1,10,10,10,f,1
9982703,42828,573,42255,Australia,Private room,2,1,77,2,10,10,10,f,1
13929993,42828,267,42561,Australia,Private room,1,1,100,0,,,,f,1
5329987,42828,781,42047,Australia,Entire home/apt,1,1,148,1,10,10,10,f,1
2118752,42828,1556,41272,Australia,Private room,1,1,80,11,10,10,10,f,1
1135725,42828,1695,41133,Australia,Private room,1,1,75,13,9,10,9,f,1
13915259,42828,675,42153,Australia,Private room,1,1,69,0,,,,f,1
8279192,42828,647,42181,Australia,Shared room,4,1,33,0,,,,f,1
2316144,42828,1283,41545,Australia,Entire home/apt,3,3,395,5,10,10,10,f,1
3954562,42828,952,41876,Australia,Private room,1.5,1,85,2,6,8,9,f,1
9983170,42828,561,42267,Australia,Private room,1,1,85,10,10,10,10,f,1
8475855,42828,561,42267,Australia,Entire home/apt,4,5,650,1,10,10,10,f,1
11352388,42828,827,42001,Australia,Private room,1,1,59,8,8,9,9,f,1
16536840,42828,96,42732,Australia,Private room,1,1,60,0,,,,t,1
15863344,42828,773,42055,Australia,Private room,1,1,80,2,9,10,10,f,1
9721182,42828,490,42338,Australia,Private room,1,1,54,0,,,,f,1
12073189,42828,371,42457,Australia,Entire home/apt,1,2,180,1,8,10,8,f,1
15553890,42828,401,42427,Australia,Entire home/apt,1,1,90,1,8,8,10,f,1
13063545,42828,515,42313,Australia,Entire home/apt,1,1,76,2,9,10,10,f,1
4607361,42828,1685,41143,Australia,Entire home/apt,1,2,170,2,8,8,8,f,1
2315665,42828,1158,41670,Australia,Entire home/apt,1,3,700,0,,,,f,1
6903190,42828,654,42174,Australia,Entire home/apt,1,2,300,0,,,,f,1
4609445,42828,924,41904,Australia,Private room,1,1,100,1,10,10,10,f,1
7428031,42828,1377,41451,Australia,Entire home/apt,1,2,45,2,10,10,10,f,1
4609454,42828,2021,40807,Australia,Entire home/apt,1,2,100,2,8,8,8,f,1
8476093,42828,834,41994,Australia,Entire home/apt,1,1,121,6,9,10,9,f,1
8119286,42828,582,42246,Australia,Entire home/apt,1,1,149,0,,,,f,1
10769869,42828,1114,41714,Australia,Private room,1,1,59,5,10,10,10,f,1
8279545,42828,647,42181,Australia,Shared room,4,1,39,0,,,,f,1
16340477,42828,396,42432,Australia,Private room,1,1,69,0,,,,t,1
12211735,42828,364,42464,Australia,Private room,1,1,50,4,9,8,9,f,1
14046748,42828,927,41901,Australia,Private room,1,1,55,2,10,10,10,f,1
16275049,42828,551,42277,Australia,Entire home/apt,1,2,130,2,10,9,9,t,1
8279683,42828,647,42181,Australia,Shared room,4,1,39,0,,,,f,1
14046852,42828,1131,41697,Australia,Private room,1,1,50,4,10,10,10,f,1
15226552,42828,189,42639,Australia,Entire home/apt,1,1,130,4,7,9,7,f,1
8214256,42828,2534,40294,Australia,Entire home/apt,3,5,920,0,,,,f,1
9066462,42828,528,42300,Australia,Entire home/apt,2.5,4,450,14,9,9,9,f,1
9393024,42828,510,42318,Australia,Private room,1,1,201,1,10,10,10,f,1
5919639,42828,728,42100,Australia,Private room,2,1,60,7,9,8,8,f,1
16420038,42828,1338,41490,Australia,Private room,1,1,80,2,9,8,10,f,1
13063965,42828,482,42346,Australia,Entire home/apt,1,1,110,2,,,,f,1
16090518,42828,1432,41396,Australia,Private room,1,1,73,3,8,9,10,f,1
17781744,42828,1887,40941,Australia,Private room,1,1,50,0,,,,f,1
13850436,42828,959,41869,Australia,Entire home/apt,1,1,85,1,10,10,10,f,1
14995025,42828,892,41936,Australia,Private room,1,1,69,14,10,10,10,f,1
4609022,42828,867,41961,Australia,Entire home/apt,2,3,250,0,,,,t,1
13046267,42828,323,42505,Australia,Private room,2,1,80,18,10,10,10,f,1
12473349,42828,1405,41423,Australia,Private room,1,1,170,5,8,10,9,f,1
7296845,42828,631,42197,Australia,Entire home/apt,1,2,52,11,9,8,10,f,1
15225877,42828,375,42453,Australia,Entire home/apt,1,1,170,10,9,10,9,f,1
1856519,42828,1258,41570,Australia,Private room,1,1,90,80,10,9,9,f,1
13252921,42828,1245,41583,Australia,Private room,1,1,52,0,,,,f,1
8410964,42828,566,42262,Australia,Private room,1,1,125,36,10,10,9,f,1
9593881,42828,498,42330,Australia,Private room,1,1,85,14,10,10,10,f,1
16799931,42828,878,41950,Australia,Entire home/apt,1,2,300,2,6,10,8,f,1
15554770,42828,592,42236,Australia,Private room,2,1,45,1,8,10,10,t,1
8018156,42828,877,41951,Australia,Entire home/apt,1,2,149,2,7,9,8,f,1
10508526,42828,700,42128,Australia,Private room,1,1,100,0,,,,f,1
9263358,42828,735,42093,Australia,Private room,1,1,90,0,,,,f,1
16406555,42828,779,42049,Australia,Entire home/apt,1,2,201,2,10,10,10,f,1
5527617,42828,762,42066,Australia,Entire home/apt,1,2,170,25,9,10,9,f,1
16649914,42828,1008,41820,Australia,Entire home/apt,1.5,2,250,0,,,,f,1
8018049,42828,877,41951,Australia,Private room,1,1,60,11,10,10,10,f,1
481422,42828,1788,41040,Australia,Private room,,1,69,12,9,9,8,f,1
17783194,42828,15,42813,Australia,Entire home/apt,1,2,219,0,,,,t,1
3234148,42828,1034,41794,Australia,Entire home/apt,1,2,125,1,4,10,8,f,1
4610415,42828,1012,41816,Australia,Private room,1,1,48,3,10,9,10,f,1
11033052,42828,608,42220,Australia,Private room,1,1,69,8,10,9,9,f,1
2644384,42828,1105,41723,Australia,Entire home/apt,1,2,400,1,10,10,10,f,1
13720258,42828,423,42405,Australia,Shared room,1,1,22,0,,,,t,1
15167306,42829,1554,41275,Australia,Entire home/apt,2,2,275,1,8,10,10,f,1
9203524,42830,900,41930,Australia,Entire home/apt,2.5,3,451,1,10,10,10,f,1
17655936,42828,1112,41716,Australia,Entire home/apt,1,1,149,0,,,,f,1
9465653,42829,2056,40773,Australia,Entire home/apt,1,2,195,1,,,,f,1
9529496,42828,987,41841,Australia,Entire home/apt,1.5,2,104,1,8,10,6,f,1
17000611,42828,172,42656,Australia,Private room,1,1,102,0,,,,t,1
9464022,42828,506,42322,Australia,Private room,1,1,100,2,8,10,10,f,1
13116277,42828,319,42509,Australia,Private room,1,1,80,7,10,10,9,f,1
7311738,42828,890,41938,Australia,Private room,1,1,100,24,8,10,9,t,1
17656048,42828,24,42804,Australia,Entire home/apt,1,1,90,0,,,,t,1
16738554,42828,458,42370,Australia,Entire home/apt,1,2,100,0,,,,f,1
8556638,42828,788,42040,Australia,Private room,1,1,62,4,10,10,10,f,1
16328566,42828,361,42467,Australia,Private room,1,1,72,3,9,9,9,t,1
6317788,42828,719,42109,Australia,Entire home/apt,1.5,3,149,1,10,8,10,f,1
2710421,42828,1096,41732,Australia,Entire home/apt,2.5,4,790,2,9,9,6,f,1
9464125,42828,669,42159,Australia,Entire home/apt,1,1,121,1,8,8,8,f,1
10055650,42830,1323,41507,Australia,Entire home/apt,1,1,180,2,10,9,9,f,1
17982048,42828,3,42825,Australia,Entire home/apt,1,4,523,0,,,,t,1
9722809,42828,490,42338,Australia,Private room,1,1,66,26,9,9,9,f,1
4152255,42828,1769,41059,Australia,Entire home/apt,1,2,220,13,8,9,9,f,1
16147053,42828,956,41872,Australia,Entire home/apt,1,2,299,1,6,10,10,f,1
5663066,42828,757,42071,Australia,Entire home/apt,1,3,315,2,10,10,10,f,1
4609773,42828,991,41837,Australia,Entire home/apt,4.5,5,700,3,9,10,9,f,1
9465905,42829,506,42323,Australia,Entire home/apt,1,1,100,0,,,,f,1
17000829,42828,111,42717,Australia,Entire home/apt,1,3,298,3,10,10,10,f,1
13853330,42828,272,42556,Australia,Entire home/apt,1,1,90,24,10,10,10,f,1
13392904,42828,715,42113,Australia,Private room,1,1,80,8,9,10,10,f,1
14859331,42828,403,42425,Australia,Entire home/apt,1,2,180,18,10,10,10,f,1
17259560,42828,658,42170,Australia,Private room,1,1,52,0,,,,f,1
7956943,42828,1187,41641,Australia,Entire home/apt,1,1,199,2,10,10,10,t,1
7827542,42829,601,42228,Australia,Private room,1.5,1,42,1,,,,f,1
7901220,42828,596,42232,Australia,Entire home/apt,2,3,400,1,10,10,10,f,1
17980488,42828,326,42502,Australia,Entire home/apt,1.5,3,551,0,,,,f,1
9333232,42828,1589,41239,Australia,Entire home/apt,1,2,138,2,10,10,8,f,1
10140175,42828,595,42233,Australia,Private room,1,1,85,1,,,,f,1
12344418,42828,358,42470,Australia,Entire home/apt,2,2,149,0,,,,f,1
13591302,42828,513,42315,Australia,Entire home/apt,1,2,90,6,10,9,10,t,1
5594221,42828,756,42072,Australia,Private room,1,1,176,0,,,,f,1
811736,42828,1587,41241,Australia,Private room,1,1,66,136,9,9,9,f,1
15819540,42828,1218,41610,Australia,Entire home/apt,1,1,210,0,,,,t,1
14969368,42828,498,42330,Australia,Entire home/apt,1,1,180,1,10,10,10,f,1
11168313,42828,1699,41129,Australia,Private room,1,1,90,14,10,10,9,f,1
9264305,42828,557,42271,Australia,Entire home/apt,1,2,149,0,,,,f,1
9671101,42828,493,42335,Australia,Entire home/apt,2,4,380,3,9,9,9,f,1
14703821,42828,813,42015,Australia,Entire home/apt,1,2,180,2,10,10,10,t,1
15228128,42828,356,42472,Australia,Shared room,1.5,1,35,0,,,,f,1
17592522,42829,1191,41638,Australia,Entire home/apt,2,3,350,0,,,,f,1
11951330,42828,491,42337,Australia,Entire home/apt,4,4,1000,1,10,10,10,f,1
5992666,42829,42829,,Australia,Entire home/apt,1,1,176,0,,,,f,1
9203912,42829,580,42249,Australia,Private room,1,1,50,1,,,,f,1
4549297,42828,1635,41193,Australia,Entire home/apt,2.5,4,499,7,7,9,9,f,1
8545246,42828,557,42271,Australia,Private room,1,1,38,0,,,,f,1
15222227,42829,692,42137,Australia,Entire home/apt,1,2,260,2,8,10,9,f,1
17283925,42828,883,41945,Australia,Private room,1,1,79,0,,,,t,1
15359316,42828,721,42107,Australia,Entire home/apt,1,0,110,5,9,9,10,f,1
16018146,42828,969,41859,Australia,Entire home/apt,1,1,121,1,10,10,10,f,1
12939558,42829,42829,,Australia,Private room,1,1,80,0,,,,f,1
9067896,42828,969,41859,Australia,Private room,1,1,130,11,10,10,10,t,1
16473468,42828,134,42694,Australia,Private room,1,1,50,0,,,,t,1
4942571,42828,823,42005,Australia,Entire home/apt,1,2,190,38,10,10,10,f,1
8805777,42828,1209,41619,Australia,Entire home/apt,1,1,149,0,,,,f,1
3366309,42828,1019,41809,Australia,Entire home/apt,1,1,100,0,,,,f,1
15429945,42829,1203,41626,Australia,Private room,1,1,54,4,10,10,10,f,1
9537389,42828,1363,41465,Australia,Entire home/apt,1,2,325,1,,,,t,1
9333532,42828,1585,41243,Australia,Private room,2,1,50,0,,,,f,1
16085316,42829,42829,,Australia,Private room,1,1,66,0,,,,t,1
7038072,42828,647,42181,Australia,Private room,7,1,59,1,,,,f,1
12280936,42828,1699,41129,Australia,Private room,1,1,90,17,10,10,10,f,1
9331867,42828,1690,41138,Australia,Entire home/apt,1,1,98,0,,,,f,1
10445993,42828,463,42365,Australia,Private room,1,1,41,0,,,,f,1
17720497,42828,1776,41052,Australia,Entire home/apt,1,2,170,0,,,,f,1
5796232,42830,741,42089,Australia,Entire home/apt,3,4,349,0,,,,f,1
17853294,42828,356,42472,Australia,Private room,1,1,66,0,,,,f,1
12281051,42828,1699,41129,Australia,Private room,1,1,90,17,10,10,10,f,1
16508163,42828,1028,41800,Australia,Entire home/apt,1,2,241,1,10,10,10,f,1
8831721,42828,540,42288,Australia,Entire home/apt,1,1,90,57,10,9,10,f,1
10972021,42828,595,42233,Australia,Private room,1,1,138,1,10,10,10,f,1
2780016,42828,1103,41725,Australia,Entire home/apt,2.5,3,499,1,2,10,6,t,1
17655336,42828,1804,41024,Australia,Entire home/apt,2,3,325,0,,,,f,1
9463082,42828,852,41976,Australia,Private room,1,1,149,0,,,,f,1
11891179,42829,2535,40294,Australia,Entire home/apt,3,4,849,1,10,10,10,f,1
6918366,42828,658,42170,Australia,Private room,1,1,89,18,10,10,9,f,1
13338837,42828,736,42092,Australia,Entire home/apt,1,1,315,4,10,10,9,t,1
15164745,42828,1371,41457,Australia,Entire home/apt,1,2,140,0,,,,f,1
4941136,42828,1784,41044,Australia,Private room,2,1,45,0,,,,f,1
8940470,42828,535,42293,Australia,Entire home/apt,1,2,350,1,2,6,6,f,1
17001429,42828,1089,41739,Australia,Entire home/apt,1,1,90,0,,,,f,1
10973763,42829,42829,,Australia,Private room,1,1,135,4,10,10,10,f,1
15757907,42829,42829,,Australia,Private room,1,1,85,0,,,,t,1
15556269,42828,509,42319,Australia,Private room,1,1,89,1,10,10,10,f,1
14717715,42829,1510,41319,Australia,Private room,1,1,80,1,10,10,10,f,1
2911207,42828,1187,41641,Australia,Entire home/apt,1,1,115,8,9,9,8,f,1
8240294,42828,617,42211,Australia,Private room,1,1,79,26,9,9,9,t,1
13723071,42828,332,42496,Australia,Private room,1,1,42,4,7,10,9,t,1
16151880,42829,307,42522,Australia,Private room,1,1,85,0,,,,f,1
13792860,42830,1365,41465,Australia,Entire home/apt,2,4,343,1,4,10,10,t,1
7171129,42828,638,42190,Australia,Entire home/apt,2,4,149,0,,,,f,1
11211274,42828,517,42311,Australia,Private room,1,1,50,0,,,,f,1
16801586,42828,1419,41409,Australia,Private room,1,1,100,3,10,10,9,t,1
4153147,42828,926,41902,Australia,Entire home/apt,1,2,100,2,9,9,9,f,1
14573374,42828,753,42075,Australia,Private room,1,1,79,0,,,,f,1
16936028,42829,1081,41748,Australia,Private room,1.5,1,69,4,10,10,10,f,1
4712424,42829,1429,41400,Australia,Entire home/apt,1,2,140,4,10,10,10,f,1
16801621,42828,400,42428,Australia,Entire home/apt,2,3,284,5,10,9,10,f,1
13398782,42829,1219,41610,Australia,Private room,1,1,41,0,,,,f,1
13724841,42829,851,41978,Australia,Entire home/apt,1,1,80,0,,,,t,1
8740711,42828,546,42282,Australia,Entire home/apt,1,1,135,45,10,10,10,t,1
14773445,42829,226,42603,Australia,Entire home/apt,2.5,3,499,1,10,10,10,f,1
7367888,42829,629,42200,Australia,Private room,2,1,80,0,,,,f,1
5862720,42829,779,42050,Australia,Entire home/apt,1,3,220,11,9,10,9,t,1
16084179,42829,1421,41408,Australia,Private room,1,1,69,7,10,10,10,f,1
15860749,42829,148,42681,Australia,Private room,1,1,80,1,10,10,10,t,1
4874450,42829,896,41933,Australia,Entire home/apt,1,1,131,10,9,9,9,f,1
6055546,42828,717,42111,Australia,Private room,1,1,100,3,10,10,9,f,1
17394942,42829,512,42317,Australia,Private room,1,1,60,0,,,,f,1
12545275,42829,444,42385,Australia,Entire home/apt,2.5,4,303,2,9,10,10,f,1
10686449,42828,1363,41465,Australia,Entire home/apt,3,4,700,0,,,,f,1
15625483,42829,418,42411,Australia,Entire home/apt,1.5,2,201,14,10,10,10,f,1
10253666,42830,1091,41739,Australia,Entire home/apt,1,2,300,3,10,10,9,f,1
4943119,42829,824,42005,Australia,Entire home/apt,1,1,100,2,10,10,9,f,1
3829034,42829,970,41859,Australia,Entire home/apt,1,2,229,3,10,10,10,t,1
4810392,42828,1087,41741,Australia,Private room,1,1,135,9,10,10,10,t,1
9923911,42829,1539,41290,Australia,Private room,1,1,89,0,,,,f,1
7761208,42829,1375,41454,Australia,Entire home/apt,1,1,180,49,10,10,10,f,1
16146385,42828,209,42619,Australia,Private room,2,1,45,0,,,,t,1
14902974,42828,1050,41778,Australia,Entire home/apt,1,2,225,2,8,10,6,f,1
9683443,42828,561,42267,Australia,Entire home/apt,1,2,201,0,,,,f,1
16278862,42828,1229,41599,Australia,Entire home/apt,2,3,320,1,10,,,f,1
7041928,42830,862,41968,Australia,Private room,1,1,150,0,,,,f,1
17981423,42828,572,42256,Australia,Entire home/apt,1,2,250,0,,,,f,1
226202,42830,2297,40533,Australia,Entire home/apt,1,2,129,2,10,10,10,f,1
13768757,42828,1363,41465,Australia,Entire home/apt,2,4,624,9,9,9,8,t,1
10710444,42829,1029,41800,Australia,Private room,1,1,80,23,10,10,10,t,1
15486290,42829,1554,41275,Australia,Private room,1,1,115,0,,,,f,1
4550123,42829,1730,41099,Australia,Private room,2,1,176,0,,,,f,1
12547060,42830,351,42479,Australia,Entire home/apt,1,2,150,6,9,10,9,f,1
9137618,42829,667,42162,Australia,Private room,1,1,66,1,8,10,10,f,1
15889743,42829,1100,41729,Australia,Private room,1,1,89,1,10,10,10,f,1
9465373,42829,517,42312,Australia,Private room,1,1,48,0,,,,f,1
4843436,42829,967,41862,Australia,Entire home/apt,1,1,142,13,10,10,10,f,1
14639219,42828,422,42406,Australia,Entire home/apt,1,2,201,4,10,10,10,f,1
6581790,42829,712,42117,Australia,Entire home/apt,1,2,149,5,8,8,8,f,1
945675,42829,1588,41241,Australia,Entire home/apt,1,2,149,4,,,,f,1
10970965,42828,595,42233,Australia,Entire home/apt,1,2,128,4,8,8,7,f,1
16277644,42828,658,42170,Australia,Private room,1,1,55,4,8,10,10,t,1
16520045,42829,835,41994,Australia,Entire home/apt,2.5,3,600,0,,,,f,1
10122392,42829,470,42359,Australia,Entire home/apt,1,1,180,1,8,10,10,f,1
17659041,42829,849,41980,Australia,Entire home/apt,1,2,250,0,,,,t,1
1007871,42828,1479,41349,Australia,Private room,1,2,140,2,9,9,10,f,1
16741727,42829,171,42658,Australia,Private room,1,1,100,6,10,10,10,t,1
7565001,42829,748,42081,Australia,Private room,2,1,66,11,9,9,9,f,1
11626471,42828,395,42433,Australia,Entire home/apt,1.5,3,201,2,10,10,10,f,1
3829484,42829,2393,40436,Australia,Entire home/apt,1,2,229,11,10,9,9,f,1
16605498,42828,1188,41640,Australia,Entire home/apt,3,4,450,7,10,10,10,f,1
4617417,42829,1247,41582,Australia,Private room,1,1,55,32,10,10,9,f,1
7403055,42828,744,42084,Australia,Entire home/apt,1,1,88,48,9,10,9,f,1
13133816,42828,317,42511,Australia,Private room,1,1,28,0,,,,t,1
9203490,42829,736,42093,Australia,Entire home/apt,1,2,339,0,,,,f,1
8677408,42828,549,42279,Australia,Entire home/apt,3,4,700,0,,,,f,1
7368509,42829,631,42198,Australia,Private room,1,1,42,0,,,,f,1
8741263,42828,1655,41173,Australia,Entire home/apt,1,3,233,0,,,,f,1
15360397,42828,181,42647,Australia,Entire home/apt,1,2,149,1,10,10,10,f,1
14903626,42830,212,42618,Australia,Entire home/apt,1,2,184,2,9,10,9,f,1
948126,42829,1568,41261,Australia,Private room,1,1,75,22,10,10,10,f,1
8280985,42829,574,42255,Australia,Entire home/apt,2,2,290,9,10,10,10,f,1
10216310,42829,463,42366,Australia,Entire home/apt,1,2,180,0,,,,f,1
2124873,42830,1217,41613,Australia,Entire home/apt,1,2,191,2,10,10,7,f,1
948133,42829,1568,41261,Australia,Private room,1,1,75,47,9,10,10,f,1
9137264,42830,1439,41391,Australia,Entire home/apt,1,2,219,2,10,10,10,f,1
15628270,42829,1352,41477,Australia,Private room,1,1,80,2,10,10,10,t,1
10478760,42829,450,42379,Australia,Entire home/apt,1,2,210,1,10,10,10,f,1
5354563,42829,787,42042,Australia,Private room,1,1,106,1,10,10,10,f,1
16694103,42830,172,42658,Australia,Entire home/apt,3,3,980,1,10,10,10,f,1
15510800,42829,172,42657,Australia,Private room,3,1,68,24,9,10,9,t,1
9416125,42830,513,42317,Australia,Entire home/apt,2,3,480,0,,,,f,1
8506494,42829,2535,40294,Australia,Entire home/apt,3,3,1110,0,,,,f,1
6581260,42830,933,41897,Australia,Entire home/apt,1,2,169,1,10,8,8,f,1
1210431,42829,1621,41208,Australia,Private room,1,1,66,4,10,9,10,f,1
12438855,42830,355,42475,Australia,Entire home/apt,1,1,116,0,,,,f,1
2062458,42829,1211,41618,Australia,Entire home/apt,1,2,174,47,9,9,9,f,1
9735717,42829,1387,41442,Australia,Private room,1,1,42,0,,,,f,1
5885390,42830,735,42095,Australia,Entire home/apt,1,1,70,0,,,,f,1
7025724,42829,648,42181,Australia,Shared room,7,1,18,2,6,10,8,f,1
1494567,42829,1391,41438,Australia,Entire home/apt,4,4,991,2,9,10,6,f,1
9795780,42829,488,42341,Australia,Entire home/apt,1,2,499,1,10,10,6,f,1
13334711,42829,306,42523,Australia,Private room,1,1,50,19,9,9,9,f,1
9829478,42829,909,41920,Australia,Private room,1,1,69,9,10,9,10,f,1
8747220,42829,1476,41353,Australia,Entire home/apt,1,2,250,15,10,10,10,f,1
4590323,42829,981,41848,Australia,Entire home/apt,2,2,160,6,8,8,9,t,1
10320098,42829,1075,41754,Australia,Private room,1,1,90,9,10,10,10,f,1
3796285,42830,974,41856,Australia,Entire home/apt,2,2,96,6,9,9,10,f,1
751585,42830,1625,41205,Australia,Entire home/apt,1,2,210,0,,,,f,1
15956241,42829,1204,41625,Australia,Entire home/apt,1,1,148,22,9,9,9,t,1
2357231,42830,1484,41346,Australia,Entire home/apt,2.5,3,399,2,,,,t,1
15625327,42830,810,42020,Australia,Private room,1,1,75,11,10,9,10,f,1
16691807,42829,835,41994,Australia,Entire home/apt,1.5,2,279,3,9,10,9,f,1
5763874,42830,764,42066,Australia,Entire home/apt,1,2,200,12,9,10,9,t,1
17725878,42829,652,42177,Australia,Entire home/apt,1,1,145,0,,,,f,1
12548572,42829,1840,40989,Australia,Entire home/apt,1,2,195,2,10,10,10,t,1
9140692,42829,629,42200,Australia,Entire home/apt,1,1,80,1,4,6,8,f,1
6352331,42830,695,42135,Australia,Entire home/apt,2,2,185,0,,,,f,1
9686177,42829,493,42336,Australia,Private room,1,1,41,2,9,8,9,f,1
16115063,42829,1322,41507,Australia,Entire home/apt,1,3,200,1,10,8,10,t,1
13400617,42830,332,42498,Australia,Private room,1,1,70,0,,,,f,1
10549367,42830,1093,41737,Australia,Entire home/apt,1,2,100,0,,,,f,1
6869776,42829,658,42171,Australia,Private room,1,1,39,0,,,,f,1
9497019,42829,922,41907,Australia,Entire home/apt,1,2,149,2,9,9,10,f,1
17224482,42829,448,42381,Australia,Entire home/apt,1,2,120,0,,,,f,1
6607663,42829,1018,41811,Australia,Entire home/apt,2.5,4,349,1,8,10,10,f,1
16044848,42829,612,42217,Australia,Entire home/apt,1,2,221,9,10,10,10,f,1
4969295,42829,1356,41473,Australia,Private room,1,1,45,91,9,9,9,f,1
13816670,42829,1085,41744,Australia,Private room,1,1,100,0,,,,f,1
11066915,42829,818,42011,Australia,Entire home/apt,1,1,130,2,10,10,10,f,1
10709443,42829,1374,41455,Australia,Entire home/apt,1,2,80,0,,,,f,1
10343385,42829,1540,41289,Australia,Private room,1,1,70,0,,,,f,1
16176110,42829,126,42703,Australia,Entire home/apt,1,2,250,0,,,,f,1
9337006,42830,514,42316,Australia,Private room,1,1,91,0,,,,f,1
17421319,42829,158,42671,Australia,Entire home/apt,1,1,91,0,,,,f,1
14472243,42829,353,42476,Australia,Entire home/apt,1,2,194,0,,,,t,1
15279275,42829,203,42626,Australia,Private room,2.5,2,95,8,9,9,9,f,1
15258727,42829,265,42564,Australia,Entire home/apt,1,2,300,1,10,10,10,f,1
13816933,42829,275,42554,Australia,Entire home/apt,1,3,191,1,8,10,10,f,1
1276633,42829,1388,41441,Australia,Entire home/apt,2,4,380,5,10,10,10,f,1
1434484,42829,1671,41158,Australia,Entire home/apt,1.5,2,150,11,10,10,10,f,1
8312006,42829,573,42256,Australia,Private room,1,1,60,3,10,9,10,f,1
15848682,42829,149,42680,Australia,Private room,1,1,70,0,,,,t,1
16280021,42829,684,42145,Australia,Private room,1,1,45,3,9,10,10,f,1
1365253,42829,1364,41465,Australia,Entire home/apt,2,2,210,7,9,9,8,f,1
12178753,42829,1444,41385,Australia,Entire home/apt,1,2,250,4,10,10,10,f,1
14996841,42829,1616,41213,Australia,Entire home/apt,2,4,501,0,,,,f,1
7722416,42829,794,42035,Australia,Entire home/apt,1,3,349,2,9,8,8,f,1
16045531,42829,1346,41483,Australia,Entire home/apt,1,2,219,2,8,8,9,f,1
12572147,42829,490,42339,Australia,Private room,1.5,1,64,1,10,8,10,f,1
16831968,42829,1579,41250,Australia,Private room,1,1,79,1,10,10,10,f,1
4484837,42830,885,41945,Australia,Entire home/apt,2,2,169,0,,,,f,1
15849095,42829,1115,41714,Australia,Private room,1,1,110,0,,,,f,1
9993092,42829,994,41835,Australia,Private room,1,1,47,9,9,9,10,f,1
11261673,42829,1214,41615,Australia,Entire home/apt,1,1,150,0,,,,f,1
13555521,42829,1338,41491,Australia,Entire home/apt,2,2,160,1,6,10,8,f,1
17593624,42830,1169,41661,Australia,Private room,1,1,55,0,,,,f,1
9862120,42829,1307,41522,Australia,Entire home/apt,2,2,270,0,,,,f,1
13156177,42829,1019,41810,Australia,Entire home/apt,1,1,100,0,,,,f,1
16088049,42829,425,42404,Australia,Entire home/apt,1,1,105,0,,,,f,1
6346694,42829,1829,41000,Australia,Entire home/apt,1,2,239,1,10,10,10,f,1
10043218,42829,1457,41372,Australia,Entire home/apt,1,2,149,25,8,10,9,f,1
16177087,42829,846,41983,Australia,Entire home/apt,2,4,501,1,10,10,10,f,1
17907542,42829,20,42809,Australia,Entire home/apt,1.5,2,135,0,,,,t,1
4577393,42829,1011,41818,Australia,Entire home/apt,1,1,200,0,,,,f,1
7989487,42830,598,42232,Australia,Entire home/apt,5,5,1700,0,,,,f,1
12155972,42829,369,42460,Australia,Entire home/apt,1,1,90,1,10,10,10,f,1
16242826,42829,1220,41609,Australia,Entire home/apt,3,3,430,0,,,,f,1
7961674,42829,593,42236,Australia,Private room,1,1,50,1,10,10,10,t,1
10025328,42830,1216,41614,Australia,Entire home/apt,1,1,188,23,9,10,9,f,1
9993326,42829,1153,41676,Australia,Entire home/apt,2,3,384,2,6,10,10,f,1
13162696,42829,451,42378,Australia,Private room,1,1,91,1,10,10,10,f,1
9337987,42829,513,42316,Australia,Shared room,1,1,18,10,9,9,10,f,1
16104261,42829,938,41891,Australia,Entire home/apt,1,3,166,2,10,10,10,f,1
8354995,42829,1406,41423,Australia,Entire home/apt,3,4,450,1,,,,t,1
5405880,42829,838,41991,Australia,Private room,1,1,56,0,,,,f,1
4541907,42829,1008,41821,Australia,Private room,1,1,110,66,9,10,9,t,1
14670128,42829,1722,41107,Australia,Entire home/apt,1,2,263,3,7,9,8,f,1
16481537,42829,103,42726,Australia,Entire home/apt,1.5,3,379,0,,,,f,1
13270312,42829,309,42520,Australia,Private room,1,1,50,1,2,8,6,t,1
14777653,42829,1003,41826,Australia,Private room,1,1,41,0,,,,f,1
9755077,42829,490,42339,Australia,Private room,1,1,125,1,10,10,10,f,1
2415074,42829,1595,41234,Australia,Entire home/apt,1,1,200,6,9,10,9,f,1
17192913,42829,1621,41208,Australia,Private room,1,1,100,0,,,,f,1
15957313,42829,265,42564,Australia,Entire home/apt,2,2,204,5,10,10,10,t,1
15498568,42829,1244,41585,Australia,Entire home/apt,1,1,201,0,,,,f,1
884057,42829,1542,41287,Australia,Entire home/apt,1,2,187,4,10,9,9,t,1
11659833,42829,512,42317,Australia,Entire home/apt,1,0,130,77,10,10,10,t,1
11594299,42829,784,42045,Australia,Private room,1,1,104,3,8,8,7,t,1
2480702,42829,1130,41699,Australia,Entire home/apt,1,2,135,0,,,,f,1
17671268,42829,389,42440,Australia,Private room,1,,66,0,,,,f,1
9534888,42829,502,42327,Australia,Private room,1,1,75,7,10,10,10,f,1
9600427,42829,778,42051,Australia,Entire home/apt,1,3,135,1,4,8,6,f,1
9034399,42830,1048,41782,Australia,Entire home/apt,1,3,300,3,10,10,10,f,1
14253542,42829,596,42233,Australia,Private room,1,1,100,1,10,10,10,f,1
9034423,42829,872,41957,Australia,Entire home/apt,3,4,349,2,9,10,10,t,1
17593839,42829,1289,41540,Australia,Private room,1,1,90,0,,,,f,1
13549483,42829,368,42461,Australia,Entire home/apt,1,2,119,2,8,10,9,t,1
8690834,42829,887,41942,Australia,Private room,1,1,85,11,10,9,10,f,1
8944082,42830,1547,41283,Australia,Entire home/apt,1,2,168,36,9,10,9,f,1
6716959,42829,1326,41503,Australia,Private room,1,1,250,0,,,,f,1
16162454,42829,1043,41786,Australia,Entire home/apt,2,3,501,1,8,8,8,f,1
16123615,42829,130,42699,Australia,Entire home/apt,2,3,495,2,10,10,10,f,1
13467258,42829,630,42199,Australia,Entire home/apt,1,1,149,0,,,,f,1
7134065,42829,1225,41604,Australia,Entire home/apt,1,1,173,1,6,10,10,f,1
15105713,42829,1247,41582,Australia,Private room,1,1,69,31,10,10,9,t,1
12351010,42829,360,42469,Australia,Entire home/apt,1,2,100,2,9,9,9,f,1
3063401,42830,1055,41775,Australia,Entire home/apt,1,1,120,31,9,10,9,t,1
15526540,42829,1165,41664,Australia,Entire home/apt,2,3,395,1,10,10,10,f,1
17292398,42829,131,42698,Australia,Private room,2,1,75,2,9,10,10,f,1
11763540,42829,596,42233,Australia,Entire home/apt,1.5,4,270,5,10,10,10,f,1
15974375,42829,141,42688,Australia,Entire home/apt,2,3,250,3,10,10,10,f,1
14933103,42829,268,42561,Australia,Shared room,3,1,102,1,10,8,10,f,1
15892323,42829,146,42683,Australia,Entire home/apt,2,4,400,0,,,,t,1
17643239,42829,1192,41637,Australia,Entire home/apt,1,1,115,0,,,,t,1
15957889,42829,621,42208,Australia,Private room,1,1,88,3,10,10,10,f,1
16416639,42829,1310,41519,Australia,Private room,1,1,60,2,9,10,9,f,1
5750513,42830,1365,41465,Australia,Entire home/apt,3,5,749,1,10,8,8,f,1
16440518,42829,106,42723,Australia,Shared room,1,1,105,0,,,,t,1
16479980,42830,1852,40978,Australia,Entire home/apt,1,1,175,3,10,10,9,f,1
14843904,42829,883,41946,Australia,Entire home/apt,6,5,1350,0,,,,t,1
16178620,42829,126,42703,Australia,Private room,1,1,55,2,10,10,10,t,1
7462338,42829,1019,41810,Australia,Entire home/apt,3,4,600,0,,,,f,1
7331273,42829,890,41939,Australia,Private room,1,1,75,9,10,10,10,f,1
14015973,42829,1434,41395,Australia,Entire home/apt,1,2,120,2,10,10,10,f,1
17465499,42829,36,42793,Australia,Entire home/apt,1,2,149,0,,,,f,1
17882624,42829,871,41958,Australia,Entire home/apt,1,2,150,0,,,,t,1
15719970,42829,307,42522,Australia,Entire home/apt,1,2,141,1,10,10,10,f,1
14975210,42829,1153,41676,Australia,Entire home/apt,1.5,0,97,16,10,10,10,t,1
17948377,42829,353,42476,Australia,Private room,1,1,64,2,10,10,10,t,1
6914414,42829,655,42174,Australia,Private room,1,1,84,0,,,,f,1
14081761,42829,259,42570,Australia,Private room,1,1,180,1,8,10,8,f,1
16548266,42829,695,42134,Australia,Private room,1,1,50,2,8,9,10,f,1
3925690,42830,1620,41210,Australia,Entire home/apt,2.5,4,451,0,,,,f,1
17837463,42829,13,42816,Australia,Private room,1,1,69,0,,,,t,1
1217951,42829,1420,41409,Australia,Entire home/apt,1,1,180,11,10,9,10,f,1
12121638,42830,1013,41817,Australia,Entire home/apt,1,3,169,1,10,10,10,f,1
9500200,42830,862,41968,Australia,Entire home/apt,1,0,99,1,10,10,10,f,1
5924916,42830,827,42003,Australia,Entire home/apt,3,4,600,0,,,,t,1
5750381,42829,1364,41465,Australia,Entire home/apt,3,4,1020,8,10,10,10,f,1
15893019,42829,146,42683,Australia,Entire home/apt,1,2,140,2,9,10,8,f,1
10191399,42829,714,42115,Australia,Entire home/apt,1,1,249,1,,,,f,1
6944632,42830,731,42099,Australia,Private room,1,1,75,82,10,10,10,f,1
17269325,42829,1777,41052,Australia,Entire home/apt,1,2,195,1,10,10,10,f,1
9011856,42829,1056,41773,Australia,Entire home/apt,1,2,89,1,8,10,10,f,1
13402776,42829,301,42528,Australia,Entire home/apt,5,6,1150,3,10,10,10,f,1
4424370,42829,1003,41826,Australia,Entire home/apt,1,1,149,10,9,10,10,f,1
17269442,42829,954,41875,Australia,Entire home/apt,1,1,149,1,10,10,10,t,1
14186156,42829,1364,41465,Australia,Entire home/apt,2.5,4,595,1,2,8,6,t,1
17335002,42829,443,42386,Australia,Private room,1.5,1,79,0,,,,t,1
11989117,42830,379,42451,Australia,Private room,1,1,49,5,10,10,10,f,1
13927229,42829,989,41840,Australia,Entire home/apt,1,1,79,2,9,9,9,t,1
16483172,42829,102,42727,Australia,Entire home/apt,1,1,250,3,9,10,9,f,1
16367759,42829,1008,41821,Australia,Private room,1,1,119,8,10,10,10,f,1
4407103,42829,2066,40763,Australia,Private room,1,1,106,45,10,9,10,f,1
11641699,42829,780,42049,Australia,Entire home/apt,1,1,198,4,10,10,10,f,1
12231914,42829,365,42464,Australia,Private room,1,1,50,7,8,10,9,f,1
17335171,42829,515,42314,Australia,Private room,1,1,100,1,10,10,10,f,1
12157851,42829,1029,41800,Australia,Entire home/apt,2,3,650,1,10,8,8,f,1
8299816,42829,648,42181,Australia,Shared room,4,1,39,0,,,,f,1
8487855,42829,2767,40062,Australia,Entire home/apt,1,3,250,2,3,10,5,f,1
17269681,42829,1777,41052,Australia,Entire home/apt,1,2,195,0,,,,f,1
9536441,42829,502,42327,Australia,Entire home/apt,1,1,128,1,8,10,8,f,1
5980320,42829,758,42071,Australia,Private room,1,1,80,0,,,,f,1
14058448,42829,1132,41697,Australia,Entire home/apt,2,3,350,2,10,10,10,f,1
14919604,42830,1052,41778,Australia,Entire home/apt,1,2,194,3,9,10,9,f,1
16021011,42830,405,42425,Australia,Private room,1,1,150,1,10,8,8,t,1
3179486,42829,42829,,Australia,Entire home/apt,1,2,85,2,10,10,10,f,1
8972858,42830,535,42295,Australia,Entire home/apt,3,4,2500,2,9,10,8,f,1
9237852,42830,1030,41800,Australia,Private room,2.5,1,39,0,,,,f,1
1700095,42830,2164,40666,Australia,Entire home/apt,3,4,900,3,9,10,9,f,1
2233896,42829,1942,40887,Australia,Private room,1,1,100,1,10,10,10,f,1
4949243,42829,1211,41618,Australia,Entire home/apt,2,2,201,0,,,,f,1
17139012,42829,1926,40903,Australia,Private room,1,1,80,4,9,9,8,f,1
15959366,42829,948,41881,Australia,Private room,1,1,149,1,10,10,10,f,1
4359509,42829,1126,41703,Australia,Entire home/apt,1,2,199,0,,,,f,1
6453036,42829,687,42142,Australia,Private room,1,1,41,18,9,9,9,f,1
13101983,42829,320,42509,Australia,Entire home/apt,1,3,100,0,,,,f,1
15135413,42829,1386,41443,Australia,Private room,1,1,69,7,,,,f,1
14579318,42830,1778,41052,Australia,Entire home/apt,3,3,800,0,,,,f,1
16680423,42829,887,41942,Australia,Private room,1,1,41,0,,,,t,1
12682740,42829,1220,41609,Australia,Private room,1,1,55,3,10,10,10,f,1
16336958,42829,114,42715,Australia,Entire home/apt,1,1,149,0,,,,t,1
13010473,42829,701,42128,Australia,Entire home/apt,1,1,121,9,10,10,10,f,1
14190123,42829,1940,40889,Australia,Entire home/apt,1,1,110,2,10,10,9,t,1
3966576,42829,1662,41167,Australia,Entire home/apt,1,2,60,0,,,,f,1
15959687,42829,755,42074,Australia,Entire home/apt,1,2,149,0,,,,f,1
16352904,42829,703,42126,Australia,Private room,1,1,66,4,10,10,10,f,1
16152354,42830,1942,40888,Australia,Entire home/apt,1,1,310,1,10,10,8,f,1
17108767,42829,1008,41821,Australia,Private room,1,1,70,0,,,,f,1
16023590,42829,960,41869,Australia,Private room,1.5,1,49,2,6,9,9,f,1
16220549,42829,1014,41815,Australia,Entire home/apt,1,2,200,0,,,,t,1
17465954,42829,36,42793,Australia,Private room,2,3,45,0,,,,f,1
15762138,42829,1054,41775,Australia,Private room,1,1,200,0,,,,f,1
16221356,42829,379,42450,Australia,Entire home/apt,1,4,349,0,,,,t,1
12059942,42829,1269,41560,Australia,Private room,1,1,80,6,10,10,9,f,1
15041941,42829,502,42327,Australia,Entire home/apt,2,4,399,0,,,,f,1
7636379,42829,959,41870,Australia,Entire home/apt,1,1,150,8,8,8,9,f,1
17467711,42829,595,42234,Australia,Private room,1,1,150,0,,,,f,1
12093887,42829,814,42015,Australia,Private room,1,1,39,0,,,,t,1
5146627,42829,1103,41726,Australia,Entire home/apt,1,2,183,3,7,9,9,f,1
7440980,42829,1423,41406,Australia,Entire home/apt,1,1,100,2,10,10,9,f,1
14256139,42829,1686,41143,Australia,Entire home/apt,1,1,100,4,10,10,10,f,1
15042839,42829,725,42104,Australia,Entire home/apt,2,3,300,4,10,10,10,f,1
4032888,42829,1364,41465,Australia,Entire home/apt,2,4,529,0,,,,f,1
17533933,42829,1364,41465,Australia,Entire home/apt,2,3,572,0,,,,f,1
10142176,42829,1098,41731,Australia,Entire home/apt,1,2,110,1,,,,f,1
17482275,42829,286,42543,Australia,Entire home/apt,1,3,99,0,,,,t,1
9014148,42829,532,42297,Australia,Entire home/apt,3,3,451,0,,,,f,1
16223442,42829,1084,41745,Australia,Private room,1,1,60,12,10,10,10,f,1
17370001,42829,550,42279,Australia,Private room,1,1,99,0,,,,f,1
12880541,42829,1700,41129,Australia,Private room,1,1,91,10,10,9,10,f,1
1084358,42829,1482,41347,Australia,Entire home/apt,2,3,330,7,9,9,9,f,1
4754379,42829,995,41834,Australia,Private room,1,1,110,0,,,,f,1
5606669,42829,758,42071,Australia,Private room,1,1,125,8,10,10,10,f,1
14715575,42829,596,42233,Australia,Entire home/apt,1,2,155,2,8,9,6,f,1
6917765,42829,654,42175,Australia,Entire home/apt,1,1,70,0,,,,f,1
4582642,42829,872,41957,Australia,Private room,1,1,250,0,,,,t,1
13930187,42829,828,42001,Australia,Entire home/apt,1,2,399,1,10,10,10,f,1
11243899,42829,1765,41064,Australia,Private room,1,1,80,0,,,,f,1
7441921,42829,624,42205,Australia,Entire home/apt,1,1,141,8,10,10,10,f,1
13864916,42829,273,42556,Australia,Entire home/apt,1,1,200,10,10,10,10,f,1
5739080,42829,745,42084,Australia,Entire home/apt,1.5,3,250,7,10,9,10,f,1
16354838,42829,1013,41816,Australia,Private room,1,1,200,0,,,,f,1
889424,42829,1599,41230,Australia,Private room,1,1,58,25,10,10,9,f,1
14127710,42829,1025,41804,Australia,Entire home/apt,1,2,169,1,,,,f,1
9802149,42829,487,42342,Australia,Entire home/apt,1.5,3,141,0,,,,f,1
5607393,42829,1571,41258,Australia,Entire home/apt,1,1,240,2,10,9,10,f,1
4297397,42829,1205,41624,Australia,Entire home/apt,1,2,148,3,8,9,9,f,1
10456623,42829,452,42377,Australia,Entire home/apt,2,3,171,0,,,,f,1
9801258,42829,782,42047,Australia,Private room,1,1,99,12,10,9,10,f,1
5608127,42829,925,41904,Australia,Private room,1,1,59,0,,,,f,1
430526,42829,1816,41013,Australia,Entire home/apt,3,4,698,4,10,9,9,f,1
11243314,42829,1311,41518,Australia,Entire home/apt,1,2,166,4,10,9,10,f,1
4165892,42829,1314,41515,Australia,Entire home/apt,1,2,194,5,10,10,10,f,1
4035060,42829,948,41881,Australia,Entire home/apt,2,2,296,9,10,9,10,f,1
8556155,42829,807,42022,Australia,Private room,1,1,100,0,,,,f,1
10778367,42829,1233,41596,Australia,Entire home/apt,1,2,100,0,,,,f,1
11703602,42829,806,42023,Australia,Entire home/apt,1,2,200,9,10,10,9,f,1
4101560,42829,1475,41354,Australia,Entire home/apt,2.5,3,340,3,9,9,10,f,1
16290952,42829,918,41911,Australia,Private room,1,1,80,0,,,,t,1
17470227,42829,144,42685,Australia,Entire home/apt,2.5,2,551,0,,,,f,1
15831837,42829,182,42647,Australia,Entire home/apt,1,1,150,4,10,10,10,f,1
15504460,42829,172,42657,Australia,Private room,1.5,1,64,1,10,10,10,t,1
15635735,42829,298,42531,Australia,Private room,1,1,160,3,10,10,10,t,1
16815760,42829,479,42350,Australia,Private room,1,1,68,1,10,10,10,t,1
5740575,42829,1666,41163,Australia,Entire home/apt,2,3,349,1,10,10,10,f,1
12293890,42829,714,42115,Australia,Entire home/apt,1,3,501,0,,,,t,1
17537283,42829,295,42534,Australia,Entire home/apt,1,2,150,1,10,10,10,f,1
1939057,42829,1557,41272,Australia,Private room,1,1,70,5,9,10,9,f,1
3872676,42829,964,41865,Australia,Private room,1,1,70,1,,,,t,1
9738265,42829,947,41882,Australia,Entire home/apt,1.5,2,100,3,10,9,10,f,1
15507921,42829,172,42657,Australia,Private room,1,1,56,4,10,10,10,f,1
9891646,42829,482,42347,Australia,Entire home/apt,2,2,160,4,10,9,10,f,1
12709969,42829,1268,41561,Australia,Entire home/apt,2,3,501,0,,,,f,1
14916529,42829,1695,41134,Australia,Private room,1,1,74,1,10,10,10,f,1
8690650,42829,1182,41647,Australia,Private room,1,1,56,19,10,9,9,f,1
17079491,42829,989,41840,Australia,Entire home/apt,1.5,2,141,2,10,10,10,f,1
17080850,42829,989,41840,Australia,Private room,1.5,1,85,0,,,,f,1
10460578,42829,451,42378,Australia,Entire home/apt,1,2,155,0,,,,f,1
13803075,42829,1116,41713,Australia,Entire home/apt,1,1,110,4,9,10,10,f,1
1678988,42829,1364,41465,Australia,Entire home/apt,2,3,1030,0,,,,f,1
17997572,42829,1115,41714,Australia,Private room,4,1,49,0,,,,t,1
15441689,42829,1051,41778,Australia,Entire home/apt,1,1,200,1,10,8,8,f,1
13606740,42829,652,42177,Australia,Entire home/apt,1,2,180,2,10,10,9,t,1
9412540,42829,546,42283,Australia,Private room,1,1,60,1,8,8,8,f,1
10002994,42829,1081,41748,Australia,Entire home/apt,1,2,183,0,,,,t,1
2662565,42829,1103,41726,Australia,Entire home/apt,1,2,185,3,9,10,9,f,1
16294236,42829,309,42520,Australia,Private room,3.5,1,49,2,8,9,8,f,1
12820843,42829,337,42492,Australia,Shared room,1,1,35,4,9,10,10,f,1
15773759,42829,170,42659,Australia,Entire home/apt,1,2,150,1,10,10,10,f,1
9378544,42829,1364,41465,Australia,Entire home/apt,3,3,598,1,10,10,8,f,1
10197774,42829,464,42365,Australia,Private room,1,1,100,0,,,,t,1
5086028,42829,808,42021,Australia,Entire home/apt,1,1,70,1,10,10,10,f,1
14950980,42829,1156,41673,Australia,Entire home/apt,3,5,1670,0,,,,f,1
16032188,42829,1007,41822,Australia,Entire home/apt,1,1,150,2,10,10,9,t,1
6495066,42829,839,41990,Australia,Private room,1,1,100,0,,,,f,1
4762030,42829,849,41980,Australia,Entire home/apt,1,2,275,0,,,,f,1
9285693,42829,516,42313,Australia,Entire home/apt,1,2,100,0,,,,f,1
9846981,42829,1233,41596,Australia,Entire home/apt,1,1,280,0,,,,f,1
10208535,42829,470,42359,Australia,Entire home/apt,2,4,900,0,,,,f,1
8996597,42829,532,42297,Australia,Private room,2,1,80,4,10,10,10,f,1
15257517,42829,1278,41551,Australia,Private room,1,1,100,21,10,10,10,f,1
12570925,42829,349,42480,Australia,Entire home/apt,1,1,175,2,8,9,9,f,1
7664129,42829,612,42217,Australia,Entire home/apt,2,3,600,1,,,,f,1
15313881,42829,1464,41365,Australia,Private room,1,1,64,8,10,10,9,f,1
17560058,42829,343,42486,Australia,Entire home/apt,1,1,200,0,,,,f,1
16625712,42829,1546,41283,Australia,Private room,1,0,60,0,,,,t,1
13611020,42829,1089,41740,Australia,Entire home/apt,1,1,155,0,,,,f,1
1945596,42829,1235,41594,Australia,Entire home/apt,1,2,141,2,10,10,10,f,1
13021163,42829,325,42504,Australia,Entire home/apt,2,2,244,1,10,10,10,f,1
12098897,42829,1364,41465,Australia,Entire home/apt,4.5,5,1200,1,10,10,10,f,1
5373846,42830,941,41889,Australia,Entire home/apt,1,1,91,2,9,10,10,t,1
10103423,42830,472,42358,Australia,Private room,1,1,78,0,,,,f,1
2653856,42830,1105,41725,Australia,Entire home/apt,1,2,265,25,9,10,9,f,1
15399944,42830,560,42270,Australia,Entire home/apt,1,0,130,25,8,10,9,t,1
10812378,42830,1353,41477,Australia,Entire home/apt,1,2,50,0,,,,f,1
9829221,42830,502,42328,Australia,Entire home/apt,1,1,141,1,10,8,8,f,1
9828860,42830,1089,41741,Australia,Private room,1,1,200,1,10,10,10,f,1
17595133,42830,134,42696,Australia,Entire home/apt,1,2,129,0,,,,t,1
10544680,42830,754,42076,Australia,Entire home/apt,1,2,250,0,,,,f,1
14154459,42830,717,42113,Australia,Entire home/apt,1,2,219,0,,,,f,1
10026752,42830,1216,41614,Australia,Entire home/apt,1,2,288,64,10,10,9,f,1
10681627,42830,465,42365,Australia,Private room,1,1,91,0,,,,f,1
9698559,42830,1478,41352,Australia,Private room,1,1,80,47,10,10,9,f,1
17563308,42830,31,42799,Australia,Entire home/apt,1,2,290,0,,,,f,1
948065,42830,1569,41261,Australia,Private room,1,1,75,22,10,10,10,f,1
2161945,42830,1558,41272,Australia,Entire home/apt,2,4,340,97,8,10,9,f,1
3274040,42830,1031,41799,Australia,Private room,1,1,162,8,10,9,9,f,1
2094354,42830,2536,40294,Australia,Entire home/apt,2,3,770,2,10,10,10,f,1
15987944,42830,145,42685,Australia,Entire home/apt,1,2,180,3,9,9,7,f,1
13564136,42830,653,42177,Australia,Entire home/apt,1,2,35,0,,,,t,1
8583289,42830,829,42001,Australia,Entire home/apt,1,1,109,0,,,,f,1
8572059,42830,597,42233,Australia,Private room,1,1,85,1,10,10,10,f,1
16085809,42830,993,41837,Australia,Entire home/apt,2,3,230,5,10,10,10,f,1
2160385,42830,1279,41551,Australia,Private room,2,1,70,107,9,9,9,f,1
2750227,42830,1093,41737,Australia,Entire home/apt,3,4,671,19,9,9,9,f,1
8910566,42830,1110,41720,Australia,Private room,1,1,55,18,9,9,9,f,1
1439099,42830,1350,41480,Australia,Entire home/apt,1.5,2,180,6,8,9,8,f,1
16044949,42830,136,42694,Australia,Entire home/apt,1,1,150,1,8,10,10,f,1
9793958,42830,597,42233,Australia,Entire home/apt,1,2,124,1,6,10,10,f,1
11001995,42830,428,42402,Australia,Entire home/apt,1,1,130,6,9,9,9,f,1
6615309,42830,986,41844,Australia,Entire home/apt,1,1,110,1,10,10,8,f,1
16150638,42830,128,42702,Australia,Private room,1,1,64,5,10,10,10,t,1
3076195,42830,1053,41777,Australia,Private room,1,1,60,1,10,10,8,f,1
17690713,42830,562,42268,Australia,Entire home/apt,1,1,80,0,,,,f,1
10579913,42830,500,42330,Australia,Private room,0.5,1,38,1,10,10,10,f,1
9829852,42830,1301,41529,Australia,Entire home/apt,2,3,451,1,10,10,10,f,1
17657767,42830,951,41879,Australia,Private room,1,1,80,2,9,10,9,f,1
11956117,42830,389,42441,Australia,Private room,3,1,85,0,,,,f,1
9138056,42830,581,42249,Australia,Entire home/apt,2,4,208,1,,,,t,1
14577412,42830,631,42199,Australia,Entire home/apt,1,2,275,22,10,10,9,f,1
1961720,42830,1363,41467,Australia,Entire home/apt,1,1,105,6,9,10,10,f,1
11071185,42830,533,42297,Australia,Private room,1,1,100,2,9,10,10,f,1
9464729,42830,612,42218,Australia,Entire home/apt,1,2,219,1,10,10,10,f,1
15198768,42830,610,42220,Australia,Entire home/apt,1,3,200,2,8,10,10,f,1
12709386,42830,1741,41089,Australia,Entire home/apt,1,1,100,0,,,,f,1
9465159,42830,508,42322,Australia,Entire home/apt,1.5,2,250,3,10,9,9,f,1
9760055,42830,596,42234,Australia,Entire home/apt,1,3,399,0,,,,f,1
14674204,42830,581,42249,Australia,Entire home/apt,1,2,399,13,10,10,10,f,1
3565667,42830,1206,41624,Australia,Private room,1,1,75,33,10,10,9,f,1
1763341,42830,1277,41553,Australia,Entire home/apt,2,3,286,7,10,10,9,f,1
4646883,42830,872,41958,Australia,Entire home/apt,1,2,275,1,10,10,10,f,1
3534391,42830,1365,41465,Australia,Entire home/apt,3,4,579,0,,,,f,1
6943776,42830,680,42150,Australia,Entire home/apt,1,2,300,2,10,10,10,f,1
13626011,42830,1263,41567,Australia,Entire home/apt,1,2,130,7,9,10,9,f,1
15590782,42829,596,42233,Australia,Private room,1,1,130,2,5,9,6,f,1
75702,42830,2235,40595,Australia,Entire home/apt,1,1,120,150,10,10,10,t,1
1763514,42830,1277,41553,Australia,Entire home/apt,1,3,169,54,9,9,9,f,1
5366833,42829,1426,41403,Australia,Entire home/apt,1,2,191,1,10,10,10,f,1
17425398,42829,1110,41719,Australia,Entire home/apt,1,1,80,3,9,10,10,t,1
4776791,42829,848,41981,Australia,Entire home/apt,1,2,150,0,,,,f,1
16115185,42830,1463,41367,Australia,Entire home/apt,1,2,209,1,10,10,10,f,1
648654,42830,1695,41135,Australia,Shared room,1,1,39,1,8,6,6,f,1
7207893,42830,638,42192,Australia,Entire home/apt,2.5,3,300,5,10,10,10,f,1
5826286,42830,1365,41465,Australia,Entire home/apt,2,2,175,13,9,10,10,f,1
2352842,42830,1153,41677,Australia,Entire home/apt,1,2,189,18,10,10,9,f,1
13885358,42829,1158,41671,Australia,Private room,1.5,1,35,1,,10,10,f,1
4513667,42829,880,41949,Australia,Entire home/apt,1,2,230,3,9,10,9,f,1
16113367,42829,131,42698,Australia,Entire home/apt,3,3,200,1,10,10,10,t,1
8052827,42829,1231,41598,Australia,Entire home/apt,1,0,150,0,,,,t,1
10476048,42829,464,42365,Australia,Private room,1,1,96,0,,,,f,1
16966671,42829,1052,41777,Australia,Entire home/apt,1.5,2,150,0,,,,t,1
7652847,42829,612,42217,Australia,Entire home/apt,1,1,75,2,9,7,8,f,1
13555435,42829,355,42474,Australia,Entire home/apt,1,2,250,1,10,10,10,f,1
16635617,42829,1171,41658,Australia,Entire home/apt,1,1,110,1,10,10,10,f,1
10736854,42829,439,42390,Australia,Private room,1,1,50,0,,,,f,1
11260240,42829,828,42001,Australia,Private room,1,1,49,1,8,8,10,f,1
5415649,42829,2122,40707,Australia,Private room,4,1,129,2,6,8,8,f,1
3461441,42829,1083,41746,Australia,Entire home/apt,3.5,5,765,1,10,10,6,f,1
15257846,42829,1268,41561,Australia,Private room,1,1,75,9,10,10,10,f,1
5492972,42829,1301,41528,Australia,Private room,1,1,79,8,10,10,10,f,1
12570740,42829,663,42166,Australia,Entire home/apt,1,2,150,1,8,10,10,t,1
15060324,42829,1763,41066,Australia,Entire home/apt,2,3,300,1,10,10,10,f,1
9687101,42829,493,42336,Australia,Entire home/apt,1,2,250,1,10,10,8,f,1
11718708,42829,747,42082,Australia,Private room,1,1,64,8,10,9,10,f,1
9687019,42829,1682,41147,Australia,Entire home/apt,1,2,148,33,9,9,9,f,1
16797596,42829,1008,41821,Australia,Entire home/apt,1,2,145,12,10,10,10,t,1
16338821,42829,1051,41778,Australia,Entire home/apt,1,1,145,0,,,,f,1
10048013,42829,474,42355,Australia,Entire home/apt,2,3,501,0,,,,f,1
14995943,42829,1325,41504,Australia,Entire home/apt,1.5,3,430,12,10,10,9,t,1
9654068,42829,495,42334,Australia,Private room,1,1,80,8,9,9,8,f,1
16371393,42829,111,42718,Australia,Entire home/apt,1,2,179,2,8,8,2,f,1
17813102,42829,15,42814,Australia,Private room,1.5,1,99,0,,,,t,1
7228983,42829,839,41990,Australia,Entire home/apt,2,3,250,1,10,10,8,f,1
9096774,42829,1006,41823,Australia,Entire home/apt,2.5,1,300,1,8,10,10,f,1
12504618,42829,692,42137,Australia,Entire home/apt,1,2,235,8,10,9,8,f,1
10341894,42829,673,42156,Australia,Entire home/apt,1,2,219,6,8,10,8,f,1
18009592,42829,1740,41089,Australia,Entire home/apt,1,0,70,0,,,,t,1
17354214,42829,652,42177,Australia,Entire home/apt,1,2,141,2,8,8,8,f,1
4869602,42829,1066,41763,Australia,Entire home/apt,1,2,150,1,10,10,10,f,1
10341845,42829,673,42156,Australia,Entire home/apt,1,2,185,36,10,10,10,f,1
9686488,42829,493,42336,Australia,Entire home/apt,1,1,85,0,,,,f,1
15257032,42829,537,42292,Australia,Private room,1,1,200,0,,,,f,1
13946103,42829,1364,41465,Australia,Entire home/apt,2,3,728,0,,,,f,1
15453288,42829,181,42648,Australia,Entire home/apt,1,2,141,1,10,10,10,f,1
13520684,42829,294,42535,Australia,Entire home/apt,1,3,300,2,6,10,6,t,1
15453156,42829,176,42653,Australia,Private room,1,1,43,1,,,,t,1
11127779,42829,508,42321,Australia,Entire home/apt,1,1,150,8,10,9,10,f,1
17288153,42829,1777,41052,Australia,Entire home/apt,1,2,185,1,,8,8,f,1
14076870,42829,790,42039,Australia,Private room,1,1,63,22,10,10,10,f,1
15747993,42829,1322,41507,Australia,Entire home/apt,1,2,240,1,10,10,8,f,1
14732172,42829,1334,41495,Australia,Entire home/apt,1,2,150,1,,,,f,1
8473447,42829,1192,41637,Australia,Private room,1,1,64,2,8,10,8,f,1
3001178,42829,1092,41737,Australia,Entire home/apt,1,1,85,4,9,10,10,f,1
11193142,42829,418,42411,Australia,Private room,1,1,39,0,,,,f,1
15566702,42829,355,42474,Australia,Entire home/apt,1,2,240,0,,,,f,1
18008804,42829,371,42458,Australia,Private room,1,1,70,0,,,,t,1
14044573,42829,1132,41697,Australia,Entire home/apt,1,2,141,6,10,10,10,f,1
13531035,42829,715,42114,Australia,Entire home/apt,1,0,129,3,9,9,9,f,1
773492,42829,1610,41219,Australia,Private room,1,1,112,19,10,9,10,f,1
7849180,42829,718,42111,Australia,Private room,1,1,78,28,9,9,9,f,1
3654812,42829,1010,41819,Australia,Entire home/apt,1,2,200,1,8,8,8,f,1
14142488,42829,792,42037,Australia,Entire home/apt,1,2,250,0,,,,f,1
12766207,42829,443,42386,Australia,Private room,1,1,45,1,,,,f,1
9683952,42829,494,42335,Australia,Entire home/apt,1,1,100,0,,,,f,1
6603744,42829,722,42107,Australia,Private room,1,1,116,6,10,10,10,f,1
9552782,42829,856,41973,Australia,Entire home/apt,2,0,99,8,10,9,10,f,1
10273575,42829,1777,41052,Australia,Entire home/apt,2,2,373,1,10,10,10,f,1
2867952,42829,1104,41725,Australia,Entire home/apt,1,2,244,41,9,10,9,f,1
969510,42829,1860,40969,Australia,Private room,1,1,64,4,10,9,10,f,1
4702855,42829,856,41973,Australia,Entire home/apt,1,2,180,2,9,9,9,f,1
10340953,42829,573,42256,Australia,Entire home/apt,1,2,191,0,,,,f,1
13453887,42829,2535,40294,Australia,Entire home/apt,3,4,900,0,,,,f,1
4442619,42829,889,41940,Australia,Entire home/apt,1,1,95,0,,,,f,1
11848069,42829,385,42444,Australia,Private room,1,1,150,0,,,,f,1
5753219,42829,1178,41651,Australia,Entire home/apt,2,3,300,0,,,,f,1
17287464,42829,1777,41052,Australia,Entire home/apt,1,2,185,0,,,,f,1
13416144,42829,814,42015,Australia,Entire home/apt,2,3,300,0,,,,f,1
7763682,42829,606,42223,Australia,Entire home/apt,1,1,219,0,,,,f,1
12175525,42829,1678,41151,Australia,Entire home/apt,1,1,110,16,10,10,10,f,1
15255715,42829,1376,41453,Australia,Private room,1,1,64,1,10,10,10,f,1
15648880,42829,174,42655,Australia,Entire home/apt,1.5,1,160,0,,,,f,1
13191211,42829,935,41894,Australia,Entire home/apt,1,1,91,2,8,8,10,f,1
15988400,42829,508,42321,Australia,Private room,1,1,85,9,10,10,10,f,1
13420524,42829,300,42529,Australia,Entire home/apt,1,2,150,4,8,10,9,t,1
9882252,42829,483,42346,Australia,Entire home/apt,1,3,371,8,10,10,9,f,1
8505967,42829,561,42268,Australia,Private room,1,1,60,33,10,10,10,f,1
11913153,42829,1568,41261,Australia,Entire home/apt,1,2,106,0,,,,f,1
4835256,42829,841,41988,Australia,Entire home/apt,1,3,225,5,9,10,9,f,1
17287058,42829,1777,41052,Australia,Entire home/apt,1,2,185,0,,,,f,1
9553770,42829,501,42328,Australia,Private room,1,1,75,0,,,,f,1
8177495,42829,580,42249,Australia,Entire home/apt,1,2,215,5,10,10,10,f,1
9221748,42829,519,42310,Australia,Private room,1,1,67,0,,,,f,1
14600012,42829,1745,41084,Australia,Entire home/apt,3,4,750,0,,,,f,1
16369474,42829,113,42716,Australia,Entire home/apt,1,3,214,8,9,10,10,f,1
837407,42829,1576,41253,Australia,Private room,1,1,64,30,9,9,9,f,1
13944513,42829,778,42051,Australia,Private room,2.5,1,34,0,,,,f,1
4605620,42829,915,41914,Australia,Entire home/apt,2,4,850,0,,,,f,1
17286835,42829,1777,41052,Australia,Entire home/apt,1,2,185,1,10,10,10,f,1
11781802,42829,890,41939,Australia,Entire home/apt,1,1,349,10,8,10,9,f,1
3098150,42829,1050,41779,Australia,Private room,1,1,91,14,10,10,10,f,1
4834733,42829,916,41913,Australia,Entire home/apt,1.5,4,750,0,,,,f,1
9684391,42829,1240,41589,Australia,Entire home/apt,1,2,265,1,10,10,10,f,1
17286564,42829,550,42279,Australia,Private room,1,1,99,1,10,10,10,f,1
11781529,42829,1254,41575,Australia,Entire home/apt,1,2,200,0,,,,f,1
10077588,42829,472,42357,Australia,Entire home/apt,1,2,250,0,,,,f,1
15779123,42829,1981,40848,Australia,Entire home/apt,1,2,85,0,,,,f,1
4113015,42829,933,41896,Australia,Entire home/apt,1,1,75,0,,,,f,1
4702820,42829,856,41973,Australia,Private room,1,1,80,1,10,10,10,f,1
4768317,42829,849,41980,Australia,Private room,1,1,60,7,7,8,7,f,1
16695740,42829,694,42135,Australia,Private room,1,1,95,0,,,,f,1
14867205,42829,1856,40973,Australia,Private room,1,1,60,6,10,10,10,f,1
13552356,42829,611,42218,Australia,Entire home/apt,1,2,130,0,,,,f,1
6277850,42829,701,42128,Australia,Entire home/apt,3,3,451,8,9,10,9,f,1
4768703,42829,848,41981,Australia,Entire home/apt,1,1,225,0,,,,f,1
7585846,42829,616,42213,Australia,Private room,1,1,70,0,,,,f,1
15974379,42829,222,42607,Australia,Entire home/apt,1,2,184,0,,,,f,1
3194787,42829,1701,41128,Australia,Private room,1,1,180,0,,,,f,1
11380739,42829,640,42189,Australia,Private room,1,1,66,10,9,9,9,f,1
1818440,42829,1263,41566,Australia,Entire home/apt,1,1,145,75,10,10,10,f,1
15974995,42829,603,42226,Australia,Private room,1,1,75,1,10,8,8,t,1
8175241,42829,1529,41300,Australia,Entire home/apt,1,1,120,12,9,9,9,f,1
9813613,42829,486,42343,Australia,Entire home/apt,1,2,141,0,,,,f,1
4701779,42829,2189,40640,Australia,Entire home/apt,1,2,120,1,10,10,10,f,1
10599898,42829,1540,41289,Australia,Private room,1,1,70,7,10,10,10,f,1
9620040,42829,497,42332,Australia,Private room,1,1,80,0,,,,f,1
10141082,42829,596,42233,Australia,Private room,1,1,85,1,10,8,10,f,1
9576343,42829,500,42329,Australia,Entire home/apt,1,1,60,0,,,,f,1
13549759,42829,537,42292,Australia,Entire home/apt,1,2,501,0,,,,f,1
10338476,42829,464,42365,Australia,Private room,1,1,99,0,,,,f,1
9715887,42829,492,42337,Australia,Entire home/apt,1,2,600,0,,,,f,1
11779286,42829,508,42321,Australia,Entire home/apt,1,1,110,1,8,6,6,f,1
10140880,42829,596,42233,Australia,Private room,1,1,91,2,4,6,6,f,1
15633137,42829,164,42665,Australia,Entire home/apt,1,1,80,1,10,10,10,f,1
17611929,42829,732,42097,Australia,Private room,1,1,45,2,10,10,10,t,1
9223312,42829,519,42310,Australia,Private room,1,1,100,0,,,,f,1
11127313,42829,421,42408,Australia,Private room,1,1,50,1,6,10,8,f,1
16432223,42829,329,42500,Australia,Private room,1,1,100,0,,,,f,1
4701230,42829,1218,41611,Australia,Entire home/apt,1,2,198,13,10,10,10,f,1
10075152,42829,473,42356,Australia,Entire home/apt,1,2,120,0,,,,f,1
10140685,42829,596,42233,Australia,Private room,1,1,105,0,,,,f,1
6733603,42829,681,42148,Australia,Entire home/apt,1,1,110,2,9,9,9,f,1
5095161,42829,1811,41018,Australia,Private room,1,1,60,30,10,10,10,f,1
1949398,42829,1234,41595,Australia,Private room,1,1,79,86,10,9,9,f,1
15186622,42829,193,42636,Australia,Entire home/apt,1,2,501,0,,,,t,1
12831155,42829,2017,40812,Australia,Entire home/apt,1,1,120,0,,,,f,1
10415332,42829,630,42199,Australia,Private room,1,1,59,4,10,10,10,f,1
7846383,42829,614,42215,Australia,Private room,1,1,60,11,10,9,9,f,1
17495119,42829,2201,40628,Australia,Entire home/apt,2,2,150,0,,,,f,1
3258803,42829,1532,41297,Australia,Private room,1,1,100,0,,,,f,1
13090110,42829,1985,40844,Australia,Private room,1.5,1,39,0,,,,f,1
12434709,42829,434,42395,Australia,Entire home/apt,1,2,120,2,10,10,10,f,1
13417748,42829,301,42528,Australia,Private room,1,2,120,2,9,10,9,t,1
9353641,42829,585,42244,Australia,Entire home/apt,1,1,100,0,,,,f,1
12630348,42829,1172,41657,Australia,Entire home/apt,2,3,300,0,,,,f,1
7813443,42829,1346,41483,Australia,Private room,1,1,60,9,9,9,9,f,1
17669855,42829,24,42805,Australia,Private room,1,1,100,1,10,10,8,t,1
9943353,42829,1573,41256,Australia,Entire home/apt,2,2,116,0,,,,f,1
9419034,42829,1528,41301,Australia,Private room,2,1,80,0,,,,f,1
10991886,42829,1342,41487,Australia,Private room,1,1,70,4,9,10,9,f,1
10860716,42829,434,42395,Australia,Private room,1,1,100,20,10,10,10,t,1
15972490,42829,876,41953,Australia,Entire home/apt,1,2,160,1,8,8,8,f,1
16169096,42829,662,42167,Australia,Entire home/apt,2.5,2,260,0,,,,f,1
13416548,42829,1364,41465,Australia,Entire home/apt,2,4,744,0,,,,f,1
15707297,42829,583,42246,Australia,Entire home/apt,1,1,130,0,,,,t,1
16562244,42829,877,41952,Australia,Private room,1,1,78,3,10,10,9,t,1
17610812,42829,295,42534,Australia,Private room,1,1,91,0,,,,t,1
15845725,42829,447,42382,Australia,Entire home/apt,1,1,127,1,10,10,10,f,1
7911465,42829,596,42233,Australia,Private room,1,1,91,0,,,,f,1
17906549,42829,65,42764,Australia,Private room,1,1,39,0,,,,t,1
15907674,42829,146,42683,Australia,Private room,1,1,70,0,,,,f,1
11385688,42829,828,42001,Australia,Private room,1,1,60,1,10,10,10,f,1
16300879,42829,1462,41367,Australia,Private room,1,1,88,6,10,10,10,f,1
15179215,42829,194,42635,Australia,Private room,1,1,80,16,10,10,10,t,1
10140471,42829,596,42233,Australia,Private room,1,1,70,2,8,7,7,f,1
12630790,42829,1115,41714,Australia,Private room,1,1,81,0,,,,f,1
15317013,42829,1088,41741,Australia,Entire home/apt,1,2,219,1,10,10,10,f,1
13966936,42829,567,42262,Australia,Private room,1,1,70,13,10,9,10,f,1
9614855,42829,737,42092,Australia,Entire home/apt,2,2,389,0,,,,f,1
16233964,42829,1046,41783,Australia,Entire home/apt,2,3,141,0,,,,f,1
15873504,42829,1050,41779,Australia,Entire home/apt,1,1,150,1,4,10,8,f,1
701914,42829,1749,41080,Australia,Entire home/apt,1.5,3,399,3,9,10,10,f,1
1816009,42829,1268,41561,Australia,Entire home/apt,2,2,148,0,,,,f,1
12891556,42829,736,42093,Australia,Private room,1,1,45,0,,,,f,1
16653887,42829,680,42149,Australia,Private room,1,1,91,5,10,10,9,t,1
9352501,42829,2235,40594,Australia,Entire home/apt,1,1,160,1,10,10,10,f,1
16004378,42829,139,42690,Australia,Private room,1,1,43,2,4,8,6,f,1
9155855,42829,1649,41180,Australia,Entire home/apt,1,3,290,6,7,10,8,f,1
15512812,42829,172,42657,Australia,Private room,1,1,78,2,9,9,9,f,1
10138859,42829,469,42360,Australia,Entire home/apt,1,1,96,0,,,,f,1
16233653,42829,121,42708,Australia,Private room,1,1,75,1,8,10,8,t,1
16233615,42829,1395,41434,Australia,Entire home/apt,1,1,175,3,10,9,9,f,1
8003086,42829,2252,40577,Australia,Private room,1,1,110,6,9,10,10,f,1
16091317,42829,1099,41730,Australia,Entire home/apt,1,2,210,3,9,9,8,t,1
16167917,42829,790,42039,Australia,Entire home/apt,1,1,250,2,10,10,10,f,1
14070760,42829,1364,41465,Australia,Entire home/apt,3,5,598,1,10,10,10,f,1
1684425,42829,1542,41287,Australia,Private room,1,1,95,2,10,8,9,f,1
5288902,42829,786,42043,Australia,Private room,1,1,120,0,,,,f,1
4158278,42829,927,41902,Australia,Entire home/apt,2,5,750,4,10,10,10,f,1
9221985,42829,1413,41416,Australia,Entire home/apt,1,1,230,10,10,10,10,f,1
13416162,42829,301,42528,Australia,Private room,1,1,55,3,10,10,10,f,1
16430805,42829,1012,41817,Australia,Private room,1,1,200,0,,,,f,1
7583428,42829,1385,41444,Australia,Entire home/apt,1,1,83,11,9,10,9,f,1
898700,42829,1534,41295,Australia,Entire home/apt,1,2,171,36,9,10,9,f,1
1881746,42829,1248,41581,Australia,Entire home/apt,2,3,700,1,10,10,10,f,1
3585674,42829,996,41833,Australia,Entire home/apt,2.5,4,300,5,10,10,10,f,1
6731385,42829,959,41870,Australia,Private room,2,1,70,1,10,10,10,f,1
2274843,42829,1165,41664,Australia,Entire home/apt,1,2,219,116,10,10,10,f,1
11989751,42829,378,42451,Australia,Private room,1,1,50,0,,,,t,1
10858936,42829,437,42392,Australia,Private room,1,1,63,6,9,9,10,f,1
10531251,42829,448,42381,Australia,Entire home/apt,1,2,200,10,8,10,9,f,1
16232819,42829,1559,41270,Australia,Private room,1,1,75,4,9,10,10,f,1
15905142,42829,280,42549,Australia,Entire home/apt,1,2,501,0,,,,f,1
13349202,42829,304,42525,Australia,Entire home/apt,1,1,150,0,,,,f,1
6467915,42829,1188,41641,Australia,Private room,1,1,64,9,10,10,10,f,1
17215815,42829,252,42577,Australia,Entire home/apt,1,2,166,1,10,10,10,f,1
13380947,42829,957,41872,Australia,Entire home/apt,3,4,780,1,10,10,10,f,1
16948941,42829,333,42496,Australia,Private room,1,1,56,1,10,8,8,t,1
4174023,42829,1294,41535,Australia,Entire home/apt,2,4,349,1,10,10,10,f,1
6124235,42829,909,41920,Australia,Entire home/apt,1,2,130,4,10,9,9,f,1
12367810,42829,358,42471,Australia,Private room,1,1,50,0,,,,f,1
9353128,42829,793,42036,Australia,Entire home/apt,2,4,800,5,8,9,8,f,1
9794540,42829,488,42341,Australia,Entire home/apt,1,3,230,47,9,9,9,f,1
16151417,42829,132,42697,Australia,Private room,1,1,91,0,,,,f,1
17347787,42829,1008,41821,Australia,Entire home/apt,1,1,141,4,10,9,9,t,1
9352316,42829,512,42317,Australia,Entire home/apt,1,0,130,139,10,10,10,t,1
2666620,42829,1829,41000,Australia,Entire home/apt,2.5,3,501,4,9,10,8,f,1
8761134,42829,1092,41737,Australia,Private room,1,1,55,1,10,10,10,f,1
13348646,42829,305,42524,Australia,Private room,2.5,3,60,3,8,8,7,t,1
9567427,42829,823,42006,Australia,Entire home/apt,2.5,3,100,0,,,,f,1
7057062,42829,651,42178,Australia,Entire home/apt,1,1,250,0,,,,t,1
5287557,42829,1004,41825,Australia,Entire home/apt,1.5,2,141,0,,,,f,1
13611713,42829,288,42541,Australia,Private room,1,1,50,2,10,10,10,f,1
10367761,42829,464,42365,Australia,Private room,1,1,96,0,,,,f,1
8106459,42829,1540,41289,Australia,Entire home/apt,1,2,225,8,10,9,9,f,1
9416247,42829,784,42045,Australia,Entire home/apt,2,2,700,1,,,,f,1
15379619,42829,181,42648,Australia,Entire home/apt,3,5,650,3,10,10,9,t,1
15969448,42829,1364,41465,Australia,Entire home/apt,1,1,135,8,8,8,8,t,1
16231514,42829,1425,41404,Australia,Entire home/apt,2.5,3,300,1,10,10,10,f,1
15182934,42829,1652,41177,Australia,Entire home/apt,1,3,235,0,,,,f,1
15707165,42829,172,42657,Australia,Entire home/apt,1,2,120,2,10,10,10,f,1
7907993,42829,610,42219,Australia,Private room,1.5,1,49,0,,,,f,1
17214069,42829,235,42594,Australia,Private room,1,1,194,0,,,,t,1
4041316,42829,943,41886,Australia,Entire home/apt,2,2,175,0,,,,f,1
13609569,42829,969,41860,Australia,Entire home/apt,1,1,148,1,10,10,10,f,1
13398456,42829,875,41954,Australia,Entire home/apt,1,1,120,2,9,9,8,f,1
14395943,42829,875,41954,Australia,Entire home/apt,1,1,99,17,10,9,9,f,1
16230947,42829,2201,40628,Australia,Entire home/apt,1,1,135,2,10,10,10,f,1
10547629,42829,464,42365,Australia,Private room,1,1,91,0,,,,f,1
3844594,42829,967,41862,Australia,Entire home/apt,2,3,114,2,,,,t,1
4106650,42829,1126,41703,Australia,Private room,1,1,70,26,9,10,9,f,1
3713438,42829,982,41847,Australia,Entire home/apt,1,3,141,0,,,,f,1
16100764,42829,527,42302,Australia,Private room,1,2,74,5,10,10,10,f,1
6466946,42829,686,42143,Australia,Private room,1,2,66,12,10,10,10,f,1
15707442,42829,1090,41739,Australia,Entire home/apt,1,2,285,0,,,,f,1
4893946,42829,849,41980,Australia,Shared room,2,1,60,0,,,,f,1
8957151,42829,2152,40677,Australia,Entire home/apt,1,1,106,24,10,10,10,f,1
6925526,42829,1717,41112,Australia,Entire home/apt,1.5,2,300,17,9,10,9,t,1
6466741,42829,790,42039,Australia,Entire home/apt,1,2,135,0,,,,f,1
13300253,42829,1090,41739,Australia,Entire home/apt,1,1,430,0,,,,f,1
10791068,42829,805,42024,Australia,Entire home/apt,1,0,110,4,10,10,10,f,1
13609114,42829,663,42166,Australia,Private room,1,1,55,0,,,,t,1
9152637,42829,524,42305,Australia,Private room,1,1,39,0,,,,f,1
17016940,42829,307,42522,Australia,Private room,1,1,89,1,8,10,10,f,1
15312988,42829,412,42417,Australia,Private room,1,1,42,22,10,9,10,f,1
16754741,42829,412,42417,Australia,Shared room,1,1,26,0,,,,t,1
9283606,42829,1332,41497,Australia,Entire home/apt,1,2,108,1,10,10,10,f,1
14919688,42829,1051,41778,Australia,Entire home/apt,1,2,163,0,,,,f,1
4106246,42829,1246,41583,Australia,Entire home/apt,1,1,290,1,10,8,8,f,1
2795514,42829,1364,41465,Australia,Entire home/apt,3,4,861,1,10,10,6,f,1
9349098,42829,546,42283,Australia,Private room,1,1,64,14,8,10,9,f,1
698337,42829,1662,41167,Australia,Entire home/apt,4,5,975,0,,,,f,1
17082301,42829,219,42610,Australia,Private room,2,2,158,1,10,10,10,f,1
4926960,42829,1071,41758,Australia,Entire home/apt,1,2,300,4,10,10,10,f,1
16099195,42829,132,42697,Australia,Entire home/apt,2,3,399,0,,,,t,1
16230038,42829,346,42483,Australia,Private room,1,1,60,0,,,,f,1
501265,42829,1773,41056,Australia,Entire home/apt,1,1,91,73,10,9,10,f,1
14919106,42829,829,42000,Australia,Entire home/apt,1.5,2,250,0,,,,t,1
5481912,42829,1364,41465,Australia,Entire home/apt,2,3,445,0,,,,f,1
13870507,42829,921,41908,Australia,Private room,1,1,75,18,10,10,10,f,1
1594413,42829,1314,41515,Australia,Entire home/apt,1,1,244,0,,,,f,1
13281532,42829,1777,41052,Australia,Entire home/apt,2,3,315,4,9,10,9,f,1
13805807,42829,1301,41528,Australia,Entire home/apt,1,1,120,1,10,10,10,f,1
5286070,42829,787,42042,Australia,Entire home/apt,1,2,159,1,10,10,10,f,1
13608117,42829,288,42541,Australia,Private room,1,1,47,1,10,10,10,t,1
15574176,42829,702,42127,Australia,Private room,1,2,108,8,9,9,9,t,1
16163965,42829,127,42702,Australia,Entire home/apt,1,2,85,0,,,,t,1
2860080,42829,1202,41627,Australia,Private room,1,1,39,0,,,,f,1
17933352,42829,891,41938,Australia,Private room,1,1,60,0,,,,f,1
16229384,42829,122,42707,Australia,Entire home/apt,1,2,200,2,8,10,10,f,1
16150694,42829,881,41948,Australia,Private room,1,1,45,0,,,,f,1
8889288,42829,547,42282,Australia,Private room,1.5,1,49,3,9,10,9,f,1
15311804,42829,1124,41705,Australia,Entire home/apt,1,2,250,4,9,9,9,f,1
15836077,42829,663,42166,Australia,Entire home/apt,1,2,250,0,,,,f,1
9741224,42829,490,42339,Australia,Entire home/apt,1,1,250,0,,,,f,1
9347996,42829,722,42107,Australia,Entire home/apt,2,2,380,0,,,,f,1
16099149,42829,132,42697,Australia,Entire home/apt,1,3,1000,0,,,,t,1
4105965,42829,934,41895,Australia,Private room,1,1,80,9,10,10,10,f,1
8398556,42829,1238,41591,Australia,Private room,1,1,53,5,9,10,10,f,1
16099025,42829,703,42126,Australia,Private room,1,1,80,7,10,10,10,f,1
15574743,42829,446,42383,Australia,Private room,1,1,196,0,,,,f,1
7775954,42829,631,42198,Australia,Entire home/apt,2,3,272,1,10,10,10,f,1
10004154,42829,476,42353,Australia,Private room,1,1,42,2,10,10,10,f,1
15377283,42829,2252,40577,Australia,Entire home/apt,2,3,260,0,,,,f,1
15115129,42829,1867,40962,Australia,Entire home/apt,1.5,1,150,7,10,10,10,f,1
4760263,42829,875,41954,Australia,Entire home/apt,1,1,125,10,10,10,9,f,1
4235926,42829,917,41912,Australia,Entire home/apt,2.5,2,300,2,8,10,9,f,1
11805303,42829,1185,41644,Australia,Entire home/apt,3,4,374,3,10,10,10,f,1
17212019,42829,1229,41600,Australia,Private room,1,1,42,0,,,,f,1
771515,42829,1611,41218,Australia,Entire home/apt,1,2,99,2,10,10,9,t,1
4760156,42829,1686,41143,Australia,Entire home/apt,1,2,100,0,,,,f,1
3646039,42829,1104,41725,Australia,Entire home/apt,1,2,150,2,9,9,10,f,1
3514873,42829,1182,41647,Australia,Private room,1,1,95,46,10,10,10,t,1
5621303,42829,784,42045,Australia,Private room,1,1,79,71,9,10,10,t,1
6615267,42829,674,42155,Australia,Private room,1,1,39,0,,,,f,1
11871468,42829,735,42094,Australia,Entire home/apt,2,3,451,4,10,10,9,f,1
11216087,42829,735,42094,Australia,Entire home/apt,2,4,900,1,,,,f,1
12163826,42829,379,42450,Australia,Entire home/apt,1,1,91,0,,,,f,1
8003931,42829,594,42235,Australia,Private room,1,1,70,0,,,,f,1
17408843,42829,642,42187,Australia,Entire home/apt,1,2,200,0,,,,f,1
7118281,42829,1234,41595,Australia,Entire home/apt,1,2,210,2,10,10,10,f,1
4431200,42829,891,41938,Australia,Entire home/apt,2,3,300,3,10,10,10,f,1
6004028,42829,2155,40674,Australia,Entire home/apt,2,3,600,0,,,,f,1
14808334,42829,1367,41462,Australia,Entire home/apt,1,2,250,1,10,10,10,f,1
4550529,42829,879,41950,Australia,Entire home/apt,1.5,2,166,1,10,10,8,f,1
9960038,42829,479,42350,Australia,Entire home/apt,1,1,250,0,,,,f,1
16882811,42829,73,42756,Australia,Private room,1,1,49,2,8,6,10,f,1
13900659,42829,271,42558,Australia,Private room,1,1,35,0,,,,f,1
10558238,42829,447,42382,Australia,Private room,2,1,72,0,,,,f,1
13703933,42829,1262,41567,Australia,Private room,1,1,64,8,10,10,10,f,1
2136706,42829,1557,41272,Australia,Private room,1,1,91,12,9,10,10,f,1
1417259,42829,1353,41476,Australia,Entire home/apt,3,4,900,6,10,10,9,f,1
10461125,42829,1235,41594,Australia,Private room,1,1,50,0,,,,f,1
15245130,42829,189,42640,Australia,Private room,1,1,56,0,,,,f,1
13802956,42829,497,42332,Australia,Entire home/apt,2.5,3,250,2,10,10,10,f,1
14129288,42829,1777,41052,Australia,Entire home/apt,2.5,3,294,1,10,10,8,f,1
4560894,42829,874,41955,Australia,Entire home/apt,2,2,200,1,10,10,10,f,1
10690358,42829,441,42388,Australia,Entire home/apt,1,1,120,1,10,10,10,f,1
16817942,42829,77,42752,Australia,Entire home/apt,1,0,120,4,10,10,10,f,1
17866506,42829,807,42022,Australia,Private room,1,1,49,0,,,,t,1
9673762,42829,494,42335,Australia,Entire home/apt,1.5,3,300,1,10,10,10,f,1
16817166,42829,77,42752,Australia,Shared room,1,1,30,4,8,9,8,f,1
9477124,42829,1213,41616,Australia,Private room,1,1,76,0,,,,f,1
16520963,42829,1406,41423,Australia,Private room,1,1,75,0,,,,t,1
1939186,42829,1557,41272,Australia,Private room,1,1,91,0,,,,f,1
2004709,42829,1637,41192,Australia,Entire home/apt,1,3,300,0,,,,f,1
1873594,42829,1381,41448,Australia,Private room,1,1,42,18,9,9,10,f,1
7116352,42829,1364,41465,Australia,Entire home/apt,2,3,343,3,8,7,8,f,1
13604354,42829,334,42495,Australia,Entire home/apt,1,1,150,2,10,8,10,f,1
9400062,42829,999,41830,Australia,Entire home/apt,1,1,150,1,10,10,8,f,1
9476590,42829,824,42005,Australia,Entire home/apt,2,3,390,11,10,10,10,f,1
16325022,42829,134,42695,Australia,Entire home/apt,1,2,196,1,10,10,10,f,1
16357728,42829,2810,40019,Australia,Entire home/apt,3,3,198,0,,,,f,1
16291109,42829,866,41963,Australia,Private room,1,1,56,6,9,10,10,f,1
12555501,42829,1436,41393,Australia,Entire home/apt,1,1,145,1,6,10,10,f,1
16029622,42829,137,42692,Australia,Entire home/apt,1,2,110,1,10,10,10,t,1
8329062,42829,648,42181,Australia,Shared room,4,1,39,1,4,,,f,1
4493946,42829,1240,41589,Australia,Entire home/apt,3,3,501,0,,,,f,1
8688065,42829,1791,41038,Australia,Entire home/apt,1,2,349,3,7,10,9,f,1
9736163,42829,600,42229,Australia,Entire home/apt,1,1,200,1,10,10,10,f,1
16499348,42829,273,42556,Australia,Private room,1,1,80,2,10,10,10,t,1
4451633,42829,888,41941,Australia,Entire home/apt,3.5,4,1500,0,,,,f,1
14271099,42829,247,42582,Australia,Entire home/apt,2.5,3,759,4,10,10,10,f,1
3085258,42829,1529,41300,Australia,Private room,2,6,33,0,,,,f,1
6263701,42829,1364,41465,Australia,Entire home/apt,2,4,349,2,9,10,8,f,1
14390154,42829,240,42589,Australia,Entire home/apt,2.5,4,399,1,10,10,10,f,1
17927851,42829,480,42349,Australia,Private room,1,1,145,0,,,,f,1
14257313,42829,269,42560,Australia,Private room,1.5,1,60,2,10,10,10,t,1
4033596,42829,944,41885,Australia,Entire home/apt,1,2,141,14,9,9,9,f,1
8360151,42829,906,41923,Australia,Private room,1,1,100,19,10,10,10,f,1
6328501,42829,843,41986,Australia,Entire home/apt,2.5,4,501,1,10,10,10,f,1
12095606,42829,395,42434,Australia,Entire home/apt,1,1,91,4,10,10,10,f,1
2068567,42829,1780,41049,Australia,Private room,1,1,70,19,9,10,9,f,1
9736267,42829,491,42338,Australia,Entire home/apt,1,2,200,9,10,9,9,f,1
14323764,42829,1081,41748,Australia,Private room,1,1,92,0,,,,f,1
15567858,42829,496,42333,Australia,Entire home/apt,1,2,290,2,10,9,9,f,1
5671921,42829,1765,41064,Australia,Entire home/apt,1,2,150,0,,,,f,1
12610617,42829,347,42482,Australia,Private room,1,1,85,10,10,10,10,f,1
14454371,42829,1546,41283,Australia,Entire home/apt,2.5,3,520,7,10,9,9,f,1
13143645,42829,317,42512,Australia,Shared room,1,1,198,0,,,,f,1
4558329,42829,900,41929,Australia,Entire home/apt,2,5,399,18,8,9,8,f,1
9413293,42829,2047,40782,Australia,Private room,1,1,64,2,8,10,10,f,1
10192823,42829,490,42339,Australia,Private room,1,1,70,1,10,8,8,f,1
5212047,42829,1385,41444,Australia,Private room,1,1,66,7,10,10,10,f,1
6784829,42829,664,42165,Australia,Private room,1,1,50,0,,,,f,1
10258233,42829,461,42368,Australia,Private room,1.5,1,64,0,,,,f,1
8292131,42829,1364,41465,Australia,Entire home/apt,2,3,427,0,,,,f,1
12257047,42829,503,42326,Australia,Private room,1.5,1,50,0,,,,f,1
9930504,42829,1364,41465,Australia,Entire home/apt,1,3,568,0,,,,f,1
15764415,42829,158,42671,Australia,Private room,1,1,80,0,,,,f,1
14191522,42829,2307,40522,Australia,Entire home/apt,1,3,551,1,10,8,8,f,1
9669518,42829,494,42335,Australia,Entire home/apt,1,1,200,22,10,10,9,f,1
8162080,42829,1039,41790,Australia,Entire home/apt,1,2,141,3,8,9,9,f,1
10521342,42829,1155,41674,Australia,Entire home/apt,1.5,3,217,5,10,10,9,f,1
14452448,42829,1364,41465,Australia,Entire home/apt,2,2,343,12,9,9,9,f,1
6784735,42829,664,42165,Australia,Entire home/apt,1,2,200,7,9,9,9,f,1
9537762,42829,502,42327,Australia,Entire home/apt,4,6,1800,1,10,10,10,f,1
5212356,42829,1115,41714,Australia,Entire home/apt,1,2,160,2,8,9,8,f,1
2004675,42829,1223,41606,Australia,Entire home/apt,3,4,495,6,10,10,10,f,1
17580166,42829,759,42070,Australia,Entire home/apt,1,1,135,0,,,,t,1
6094017,42829,716,42113,Australia,Entire home/apt,1,1,135,2,8,8,8,t,1
2812974,42829,1083,41746,Australia,Entire home/apt,1,1,85,50,10,10,9,f,1
4883654,42829,833,41996,Australia,Shared room,1,1,99,0,,,,f,1
3572750,42829,1004,41825,Australia,Entire home/apt,1,2,127,53,10,9,10,f,1
17794043,42829,42829,,Australia,Entire home/apt,1,1,130,0,,,,t,1
4883285,42829,1113,41716,Australia,Private room,1,1,79,2,6,8,6,f,1
8159815,42829,611,42218,Australia,Entire home/apt,3.5,5,980,4,9,10,10,f,1
17793475,42829,1716,41113,Australia,Private room,1,1,41,0,,,,f,1
10257308,42829,980,41849,Australia,Private room,1,1,62,2,10,10,10,f,1
17268738,42829,1540,41289,Australia,Entire home/apt,1,2,201,0,,,,f,1
12610214,42829,347,42482,Australia,Entire home/apt,1,2,152,0,,,,f,1
13516779,42829,1603,41226,Australia,Entire home/apt,1,0,300,37,10,10,10,t,1
16385488,42829,798,42031,Australia,Entire home/apt,1,2,320,0,,,,f,1
4817004,42829,1695,41134,Australia,Entire home/apt,2,2,84,3,10,10,10,f,1
2495640,42829,1368,41461,Australia,Private room,1,1,69,1,10,10,10,f,1
8420198,42829,1247,41582,Australia,Entire home/apt,1,2,333,30,10,10,9,t,1
16874203,42829,1094,41735,Australia,Entire home/apt,1,2,165,2,10,9,10,f,1
13531828,42829,577,42252,Australia,Private room,1.5,1,50,0,,,,t,1
10713735,42829,551,42278,Australia,Private room,1,1,52,0,,,,f,1
2521717,42829,1124,41705,Australia,Private room,1.5,1,59,45,10,9,10,f,1
8616569,42829,1364,41465,Australia,Entire home/apt,2,3,520,0,,,,f,1
17175605,42829,642,42187,Australia,Entire home/apt,1,1,149,0,,,,f,1
14646336,42829,267,42562,Australia,Entire home/apt,2,4,700,1,10,10,10,t,1
16208703,42829,2535,40294,Australia,Entire home/apt,3,5,1050,0,,,,f,1
9664681,42829,607,42222,Australia,Private room,1,1,69,8,10,10,10,f,1
10057478,42829,671,42158,Australia,Private room,1,1,45,3,10,10,10,f,1
5863104,42829,734,42095,Australia,Entire home/apt,1,2,201,67,,,,f,1
16545379,42829,860,41969,Australia,Private room,1,1,94,9,10,10,10,t,1
7042647,42829,1709,41120,Australia,Entire home/apt,1,1,149,5,10,10,9,f,1
13399615,42829,1660,41169,Australia,Entire home/apt,1,2,90,0,,,,f,1
10057253,42829,2086,40743,Australia,Private room,1,1,250,3,9,10,10,f,1
13399540,42829,1490,41339,Australia,Entire home/apt,2,2,220,0,,,,f,1
16874241,42829,698,42131,Australia,Private room,1,1,66,3,10,10,9,t,1
7042470,42829,646,42183,Australia,Entire home/apt,1,0,100,138,9,10,9,f,1
16017754,42829,2140,40689,Australia,Private room,1,1,100,10,10,10,10,f,1
15693745,42829,630,42199,Australia,Entire home/apt,1,1,220,17,10,10,9,f,1
16479478,42829,1005,41824,Australia,Entire home/apt,1,2,225,0,,,,t,1
10712276,42829,440,42389,Australia,Private room,0.5,1,66,21,9,9,10,f,1
7501274,42829,622,42207,Australia,Private room,1,1,55,1,10,10,10,t,1
9138288,42829,1777,41052,Australia,Entire home/apt,2,4,911,0,,,,f,1
974231,42829,1519,41310,Australia,Entire home/apt,2.5,4,282,2,10,10,10,f,1
16936561,42829,1179,41650,Australia,Private room,1,1,67,1,10,10,10,f,1
6581335,42829,887,41942,Australia,Entire home/apt,1,2,121,0,,,,f,1
4221991,42828,998,41830,Australia,Private room,1,1,66,11,10,9,10,f,1
10178971,42828,2466,40362,Australia,Entire home/apt,2,4,455,1,10,10,6,f,1
9845878,42828,919,41909,Australia,Entire home/apt,3.5,4,901,0,,,,f,1
15100590,42828,492,42336,Australia,Private room,1,1,60,2,10,10,10,f,1
13384815,42828,361,42467,Australia,Entire home/apt,1,2,110,1,10,10,10,f,1
7563688,42828,1560,41268,Australia,Entire home/apt,1,2,90,1,8,10,10,t,1
2124681,42828,1194,41634,Australia,Entire home/apt,2,2,197,9,10,9,9,f,1
3500877,42828,1195,41633,Australia,Entire home/apt,2,2,201,42,10,10,10,f,1
14969609,42828,206,42622,Australia,Private room,1,1,35,2,8,10,8,t,1
8821608,42828,560,42268,Australia,Private room,1,1,60,1,6,8,8,f,1
4613965,42828,1137,41691,Australia,Entire home/apt,2,1,110,80,10,10,10,f,1
13592256,42828,288,42540,Australia,Private room,1,1,60,0,,,,t,1
9397884,42828,671,42157,Australia,Entire home/apt,3,4,551,0,,,,f,1
3761257,42828,977,41851,Australia,Entire home/apt,2,4,499,1,10,10,10,f,1
16933922,42828,575,42253,Australia,Entire home/apt,1,2,165,4,10,10,10,f,1
10577443,42828,1419,41409,Australia,Entire home/apt,1,1,94,1,10,10,10,f,1
3892076,42828,966,41862,Australia,Entire home/apt,1,1,142,27,10,9,10,f,1
15360879,42828,181,42647,Australia,Private room,1,1,80,6,10,10,10,f,1
12936030,42828,1059,41769,Australia,Private room,1,1,290,0,,,,f,1
15907597,42828,914,41914,Australia,Private room,1,1,201,0,,,,t,1
6415771,42828,689,42139,Australia,Private room,1,1,66,1,10,10,10,f,1
13417195,42828,456,42372,Australia,Entire home/apt,1,2,250,8,10,10,10,f,1
5367003,42828,1044,41784,Australia,Entire home/apt,1,0,121,9,9,10,10,f,1
9080852,42828,1487,41341,Australia,Entire home/apt,1,2,300,1,10,10,8,f,1
10182761,42828,490,42338,Australia,Private room,1,1,41,52,9,9,9,f,1
6578205,42828,676,42152,Australia,Entire home/apt,2,2,495,0,,,,f,1
15426218,42828,672,42156,Australia,Entire home/apt,1,2,325,0,,,,f,1
745467,42828,1765,41063,Australia,Entire home/apt,1.5,3,189,8,8,9,9,f,1
7827312,42828,812,42016,Australia,Private room,0.5,1,110,15,9,9,9,f,1
1925052,42828,1238,41590,Australia,Entire home/apt,1,1,140,124,9,9,9,t,1
12476365,42828,1620,41208,Australia,Entire home/apt,2,3,210,7,10,10,10,f,1
16605067,42828,1788,41040,Australia,Entire home/apt,1,2,149,4,9,10,10,f,1
14094310,42828,629,42199,Australia,Entire home/apt,1,1,170,6,8,9,10,f,1
15425221,42828,830,41998,Australia,Entire home/apt,1,2,208,2,10,10,10,f,1
15556244,42828,1247,41581,Australia,Entire home/apt,1,3,350,0,,,,f,1
3193449,42828,1099,41729,Australia,Private room,1,1,75,17,10,10,10,f,1
15818159,42828,447,42381,Australia,Private room,1,1,176,0,,,,f,1
1989968,42828,1225,41603,Australia,Entire home/apt,1,2,135,16,9,10,9,t,1
4711736,42828,862,41966,Australia,Entire home/apt,2,3,380,11,7,9,8,f,1
13852476,42828,493,42335,Australia,Entire home/apt,1,2,100,1,10,10,10,f,1
10182437,42828,464,42364,Australia,Entire home/apt,1,3,199,7,10,10,10,f,1
16407734,42828,313,42515,Australia,Entire home/apt,1,1,149,1,10,10,8,f,1
17543979,42828,181,42647,Australia,Private room,1,1,75,2,10,10,10,f,1
9002098,42828,531,42297,Australia,Private room,1,1,41,0,,,,f,1
16407593,42828,108,42720,Australia,Private room,1,1,94,0,,,,t,1
15424450,42828,200,42628,Australia,Private room,1,1,100,0,,,,f,1
10771233,42828,697,42131,Australia,Entire home/apt,1,1,94,1,10,10,10,f,1
9067259,42828,527,42301,Australia,Private room,1,1,39,4,10,10,10,f,1
15555294,42828,825,42003,Australia,Entire home/apt,1,1,250,21,10,10,10,f,1
7232169,42828,635,42193,Australia,Entire home/apt,1.5,2,220,1,10,10,10,f,1
16276140,42828,255,42573,Australia,Entire home/apt,1,1,100,1,10,10,10,t,1
16341664,42828,112,42716,Australia,Entire home/apt,1,2,350,7,8,10,9,f,1
14506522,42828,542,42286,Australia,Private room,1,1,69,4,10,10,10,f,1
13351341,42828,1456,41372,Australia,Private room,1,1,75,0,,,,f,1
6562823,42828,695,42133,Australia,Private room,1,1,60,12,9,10,10,f,1
17717841,42828,1776,41052,Australia,Entire home/apt,1,2,170,0,,,,f,1
15961524,42828,1298,41530,Australia,Private room,1,2,80,0,,,,f,1
16273936,42828,564,42264,Australia,Private room,1,1,90,0,,,,f,1
8802192,42828,1002,41826,Australia,Entire home/apt,1,1,149,7,10,10,10,f,1
13193091,42828,1400,41428,Australia,Entire home/apt,2,3,330,1,10,10,10,f,1
4476624,42828,1788,41040,Australia,Entire home/apt,1,1,235,2,10,10,9,f,1
9719939,42828,685,42143,Australia,Private room,1.5,1,41,4,4,7,6,f,1
17268910,42828,256,42572,Australia,Entire home/apt,1,1,140,1,8,10,8,t,1
7163989,42828,713,42115,Australia,Entire home/apt,1.5,2,400,0,,,,f,1
4870142,42828,834,41994,Australia,Private room,2,1,100,0,,,,t,1
1986548,42828,1812,41016,Australia,Entire home/apt,1,1,100,6,8,9,8,f,1
5222828,42828,1040,41788,Australia,Entire home/apt,1,1,180,10,9,10,9,f,1
7911412,42828,595,42233,Australia,Private room,1,1,85,3,9,10,8,f,1
15946158,42828,141,42687,Australia,Entire home/apt,1,3,450,1,10,8,8,t,1
15749430,42828,1488,41340,Australia,Entire home/apt,3,4,450,0,,,,f,1
14766349,42828,356,42472,Australia,Shared room,1,1,35,0,,,,f,1
4542660,42828,1007,41821,Australia,Entire home/apt,1,2,350,5,8,10,9,f,1
4411586,42828,893,41935,Australia,Entire home/apt,2,4,499,5,9,10,9,f,1
14632610,42828,963,41865,Australia,Entire home/apt,1,1,140,6,10,10,9,f,1
5260243,42828,903,41925,Australia,Private room,1,1,80,0,,,,f,1
17778197,42828,1714,41114,Australia,Entire home/apt,2,4,198,0,,,,t,1
16205281,42828,2013,40815,Australia,Entire home/apt,2.5,2,176,2,10,10,10,f,1
16059017,42828,1715,41113,Australia,Private room,1,1,67,5,10,9,9,f,1
8599349,42828,553,42275,Australia,Entire home/apt,2.5,4,499,1,10,10,8,f,1
15808249,42828,403,42425,Australia,Entire home/apt,1.5,1,380,0,,,,f,1
9516768,42828,609,42219,Australia,Private room,1,1,58,0,,,,f,1
14890719,42828,1252,41576,Australia,Entire home/apt,1,1,110,3,10,9,10,t,1
1979812,42828,1227,41601,Australia,Entire home/apt,1,2,191,40,8,10,9,f,1
11090135,42828,969,41859,Australia,Entire home/apt,1.5,1,121,8,9,10,10,f,1
12137414,42828,398,42430,Australia,Private room,1,1,52,1,,,,f,1
12989164,42828,1297,41531,Australia,Entire home/apt,1,1,110,1,,10,10,f,1
4010463,42828,945,41883,Australia,Entire home/apt,1,2,149,0,,,,f,1
10105201,42828,470,42358,Australia,Entire home/apt,1,2,149,0,,,,t,1
9580868,42828,1203,41625,Australia,Entire home/apt,1,2,121,0,,,,f,1
14560737,42828,1049,41779,Australia,Private room,1,1,69,19,10,10,10,f,1
16264315,42828,118,42710,Australia,Private room,1,1,75,1,6,8,10,f,1
17837712,42828,12,42816,Australia,Private room,1,1,69,0,,,,f,1
4729932,42828,1043,41785,Australia,Entire home/apt,1,3,204,2,10,8,10,f,1
16590780,42828,95,42733,Australia,Shared room,1,1,92,0,,,,t,1
3877570,42828,1472,41356,Australia,Entire home/apt,1.5,4,222,6,8,10,9,f,1
6202219,42828,706,42122,Australia,Private room,1,1,100,0,,,,t,1
5909103,42828,728,42100,Australia,Entire home/apt,1,2,201,14,10,10,10,f,1
9577725,42828,499,42329,Australia,Entire home/apt,1,2,201,0,,,,f,1
4681291,42828,1363,41465,Australia,Entire home/apt,2.5,5,1039,0,,,,f,1
16112505,42828,1584,41244,Australia,Entire home/apt,2,4,1100,0,,,,f,1
8903535,42828,540,42288,Australia,Entire home/apt,1,3,190,2,10,10,10,f,1
17892830,42828,843,41985,Australia,Entire home/apt,2,3,121,0,,,,t,1
17704516,42828,1776,41052,Australia,Entire home/apt,1,2,170,0,,,,f,1
5711356,42828,820,42008,Australia,Entire home/apt,2,3,370,2,10,10,9,f,1
8725968,42828,546,42282,Australia,Entire home/apt,1,2,145,16,10,9,9,f,1
16327393,42828,113,42715,Australia,Private room,2,1,85,0,,,,f,1
17244834,42828,753,42075,Australia,Private room,2,1,55,4,10,9,10,t,1
16258146,42828,119,42709,Australia,Private room,1,2,80,13,10,10,10,t,1
15932792,42828,788,42040,Australia,Private room,1,1,89,1,8,10,8,f,1
11018515,42828,924,41904,Australia,Private room,1,1,60,0,,,,f,1
11345242,42828,627,42201,Australia,Entire home/apt,2,3,440,0,,,,f,1
16850221,42828,845,41983,Australia,Private room,1,1,132,0,,,,f,1
9510171,42828,889,41939,Australia,Entire home/apt,1,2,170,1,10,8,8,f,1
16260381,42828,308,42520,Australia,Private room,3.5,1,48,0,,,,f,1
8657652,42828,978,41850,Australia,Entire home/apt,1,1,149,23,10,10,9,f,1
9576157,42828,499,42329,Australia,Entire home/apt,1,1,60,0,,,,f,1
16326222,42828,113,42715,Australia,Private room,2,1,80,0,,,,f,1
15735292,42828,157,42671,Australia,Private room,2,1,69,1,,,,f,1
793020,42828,1597,41231,Australia,Private room,1,1,47,29,8,9,9,f,1
17701087,42828,394,42434,Australia,Private room,1,1,66,0,,,,t,1
71866,42828,2326,40502,Australia,Entire home/apt,1,2,190,1,,10,,f,1
16221209,42828,1720,41108,Australia,Private room,1,1,60,0,,,,f,1
6363977,42828,940,41888,Australia,Entire home/apt,1,2,100,1,,,,f,1
17832066,42828,12,42816,Australia,Entire home/apt,1,1,190,0,,,,t,1
1972066,42828,1229,41599,Australia,Entire home/apt,1,2,201,0,,,,f,1
16258789,42828,119,42709,Australia,Private room,1,1,110,0,,,,t,1
9050515,42828,990,41838,Australia,Private room,1,1,66,7,9,8,9,f,1
6887728,42828,678,42150,Australia,Private room,2,1,41,2,5,8,8,f,1
15932616,42828,142,42686,Australia,Private room,1,1,80,11,10,10,10,t,1
9375455,42828,512,42316,Australia,Entire home/apt,1,2,201,0,,,,f,1
3804873,42828,1519,41309,Australia,Private room,1,1,75,56,10,10,10,f,1
17454131,42828,67,42761,Australia,Entire home/apt,1,1,66,1,10,10,10,f,1
4198056,42828,1859,40969,Australia,Entire home/apt,1,1,110,0,,,,f,1
4722305,42828,2053,40775,Australia,Entire home/apt,1,1,135,27,10,10,10,f,1
10388072,42828,454,42374,Australia,Private room,1,1,67,0,,,,f,1
17436266,42828,38,42790,Australia,Entire home/apt,1,2,160,3,10,10,9,f,1
8329173,42828,647,42181,Australia,Shared room,3,1,39,0,,,,f,1
16521162,42828,101,42727,Australia,Entire home/apt,1,2,80,2,8,9,7,f,1
16848832,42828,1657,41171,Australia,Private room,1,1,35,5,10,10,10,f,1
13438512,42828,456,42372,Australia,Entire home/apt,1,1,169,0,,,,f,1
9637396,42828,710,42118,Australia,Private room,1,1,80,10,10,10,10,f,1
8392206,42828,696,42132,Australia,Private room,1,1,41,0,,,,f,1
2100715,42828,1321,41507,Australia,Entire home/apt,1,2,176,4,9,10,10,f,1
17239521,42828,2380,40448,Australia,Entire home/apt,2,3,240,0,,,,t,1
10366552,42828,455,42373,Australia,Private room,1,1,50,44,10,10,10,f,1
13964818,42828,265,42563,Australia,Private room,1,1,75,0,,,,f,1
9376249,42828,1692,41136,Australia,Entire home/apt,1,2,180,0,,,,f,1
463282,42828,1796,41032,Australia,Entire home/apt,1,1,400,0,,,,f,1
4722668,42828,990,41838,Australia,Entire home/apt,1.5,1,218,1,10,10,10,f,1
14159782,42828,458,42370,Australia,Private room,1,1,50,6,9,9,10,f,1
9244447,42828,517,42311,Australia,Entire home/apt,1,2,218,6,10,10,10,f,1
14159623,42828,565,42263,Australia,Private room,1,1,50,0,,,,f,1
2363132,42828,1149,41679,Australia,Private room,1,1,149,0,,,,f,1
790255,42828,1857,40971,Australia,Private room,,1,55,13,10,10,10,f,1
790245,42828,1857,40971,Australia,Private room,2,1,60,18,10,10,10,f,1
3478700,42828,1007,41821,Australia,Private room,1,1,100,126,9,10,9,t,1
8787087,42828,1034,41794,Australia,Private room,1,1,94,9,10,10,10,f,1
18027624,42828,493,42335,Australia,Entire home/apt,3,4,800,0,,,,t,1
13570986,42828,1173,41655,Australia,Entire home/apt,1,2,184,25,10,9,10,f,1
5051286,42828,1326,41502,Australia,Entire home/apt,2,2,100,2,10,10,10,f,1
16847715,42828,244,42584,Australia,Private room,1,1,180,0,,,,f,1
14806797,42828,1219,41609,Australia,Private room,1,1,55,2,10,10,9,f,1
15536793,42828,169,42659,Australia,Entire home/apt,1,1,88,0,,,,f,1
9245318,42828,679,42149,Australia,Entire home/apt,1,2,295,2,9,9,10,f,1
13242992,42828,310,42518,Australia,Private room,1,1,46,1,10,10,10,f,1
13768190,42828,731,42097,Australia,Entire home/apt,1,1,201,1,10,10,10,f,1
7439264,42828,624,42204,Australia,Entire home/apt,2.5,4,595,3,9,10,10,f,1
10753446,42828,608,42220,Australia,Entire home/apt,2,4,300,6,9,10,9,f,1
13178253,42828,526,42302,Australia,Entire home/apt,1,1,1199,0,,,,f,1
7860639,42828,1642,41186,Australia,Private room,1,1,100,27,10,10,10,f,1
14159919,42828,499,42329,Australia,Private room,1,1,69,12,9,9,10,f,1
17434962,42828,38,42790,Australia,Entire home/apt,1,1,105,0,,,,f,1
15272218,42828,187,42641,Australia,Private room,1,1,42,0,,,,f,1
16264563,42828,782,42046,Australia,Entire home/apt,3,4,686,2,10,8,10,f,1
5608460,42828,1216,41612,Australia,Entire home/apt,1,3,400,0,,,,f,1
9388131,42828,1363,41465,Australia,Entire home/apt,1,2,650,0,,,,f,1
8652154,42828,551,42277,Australia,Entire home/apt,2,2,201,1,8,10,10,f,1
17302877,42828,46,42782,Australia,Private room,1.5,1,66,2,10,10,9,t,1
460109,42828,1799,41029,Australia,Entire home/apt,1,1,85,15,9,10,10,f,1
14156896,42828,435,42393,Australia,Entire home/apt,1,2,195,1,8,10,10,f,1
14789465,42828,818,42010,Australia,Entire home/apt,1,2,600,0,,,,t,1
13335824,42828,1425,41403,Australia,Entire home/apt,1,2,180,13,8,9,9,t,1
11479883,42828,628,42200,Australia,Entire home/apt,1,1,85,2,10,10,10,f,1
18023329,42828,847,41981,Australia,Entire home/apt,1,1,94,0,,,,f,1
12387219,42828,410,42418,Australia,Private room,1,1,55,17,8,10,9,f,1
2098045,42828,1855,40973,Australia,Private room,1,1,60,20,10,9,9,f,1
15991639,42828,762,42066,Australia,Entire home/apt,1,2,201,3,8,8,9,t,1
13643518,42828,285,42543,Australia,Entire home/apt,1,2,250,3,9,9,9,f,1
13501076,42828,566,42262,Australia,Entire home/apt,1,2,160,1,10,10,10,f,1
9699981,42828,491,42337,Australia,Entire home/apt,2,3,350,1,6,10,8,f,1
4915829,42828,835,41993,Australia,Entire home/apt,2,4,800,5,10,10,10,f,1
12255841,42828,1089,41739,Australia,Entire home/apt,1,1,50,3,5,9,8,f,1
2818585,42828,1466,41362,Australia,Entire home/apt,2,2,250,1,10,10,10,f,1
1180925,42828,1498,41330,Australia,Entire home/apt,1,1,350,2,10,10,9,f,1
1115376,42828,1437,41391,Australia,Private room,1,1,80,11,9,10,9,f,1
16123114,42828,133,42695,Australia,Entire home/apt,1,3,320,0,,,,f,1
15980066,42828,1359,41469,Australia,Entire home/apt,1,1,71,0,,,,t,1
8847732,42828,542,42286,Australia,Entire home/apt,2,3,295,18,9,10,9,f,1
13380393,42828,301,42527,Australia,Private room,1,1,66,2,10,10,10,f,1
15926000,42828,1470,41358,Australia,Entire home/apt,1,3,176,0,,,,t,1
17829090,42828,518,42310,Australia,Private room,1,1,35,2,10,10,10,f,1
11403987,42828,423,42405,Australia,Private room,1,1,41,1,,,,f,1
8912977,42828,1846,40982,Australia,Entire home/apt,1,2,140,7,9,9,9,f,1
6750274,42828,1183,41645,Australia,Entire home/apt,1,2,160,2,9,8,10,f,1
4390968,42828,961,41867,Australia,Private room,1,1,50,7,9,9,9,f,1
16428950,42829,1001,41828,Australia,Entire home/apt,1,1,176,1,10,10,10,f,1
17346447,42829,448,42381,Australia,Private room,1,1,49,0,,,,t,1
14069625,42829,1364,41465,Australia,Entire home/apt,1,1,120,2,10,8,10,f,1
7940489,42829,1364,41465,Australia,Entire home/apt,2,3,681,2,10,6,2,f,1
10478994,42829,1506,41323,Australia,Entire home/apt,1,1,100,2,10,10,10,f,1
10155437,42829,996,41833,Australia,Private room,1,1,64,0,,,,f,1
1620193,42828,2534,40294,Australia,Entire home/apt,1,2,350,19,8,10,8,f,1
3077383,42830,1186,41644,Australia,Private room,1,1,91,23,10,10,10,f,1
11383154,42829,408,42421,Australia,Entire home/apt,1,0,191,12,10,10,10,f,1
12817186,42829,337,42492,Australia,Entire home/apt,1,1,280,7,10,10,10,f,1
1963045,42829,1231,41598,Australia,Private room,1,1,95,2,8,10,10,f,1
11423985,42829,1463,41366,Australia,Private room,1,1,80,3,10,10,10,f,1
6608211,42829,909,41920,Australia,Private room,1,1,120,11,9,10,9,f,1
4390319,42830,897,41933,Australia,Entire home/apt,1,2,250,3,9,9,9,f,1
14346069,42830,998,41832,Australia,Entire home/apt,1,1,194,32,10,10,10,t,1
17798101,42829,622,42207,Australia,Entire home/apt,2,4,1000,0,,,,t,1
13361394,42829,1724,41105,Australia,Entire home/apt,1,2,150,1,10,10,10,f,1
765765,42829,2190,40639,Australia,Entire home/apt,1,2,210,21,9,10,9,f,1
12682455,42829,1769,41060,Australia,Private room,1,1,64,17,9,10,9,f,1
2106046,42829,1801,41028,Australia,Entire home/apt,1,1,166,27,9,10,9,f,1
6799144,42829,1364,41465,Australia,Entire home/apt,2.5,3,343,1,10,10,10,f,1
10025276,42830,476,42354,Australia,Private room,1,1,233,0,,,,f,1
5739875,42829,744,42085,Australia,Entire home/apt,1,0,219,92,10,10,9,t,1
9961368,42830,705,42125,Australia,Entire home/apt,1,1,180,1,10,10,10,f,1
10211958,42829,968,41861,Australia,Private room,1,1,80,2,9,10,10,f,1
9738443,42829,491,42338,Australia,Private room,1,1,67,2,4,10,8,f,1
17883425,42829,948,41881,Australia,Entire home/apt,1,1,141,0,,,,f,1
7988016,42829,592,42237,Australia,Private room,1.5,1,78,9,8,10,9,f,1
9734917,42829,546,42283,Australia,Entire home/apt,1,2,399,0,,,,f,1
9173245,42830,897,41933,Australia,Private room,1,1,250,5,10,10,9,f,1
1345697,42829,1481,41348,Australia,Private room,1,1,51,2,8,10,9,f,1
4520175,42830,1480,41350,Australia,Entire home/apt,2,2,501,26,10,10,9,f,1
12239209,42829,1778,41051,Australia,Private room,1,1,79,2,10,10,6,f,1
16243616,42829,443,42386,Australia,Private room,1,1,80,0,,,,t,1
8583746,42830,835,41995,Australia,Entire home/apt,1,2,501,1,10,10,10,f,1
16932155,42829,713,42116,Australia,Entire home/apt,1,1,280,2,6,10,6,f,1
7565051,42830,618,42212,Australia,Private room,1,1,67,0,,,,f,1
1786334,42829,1280,41549,Australia,Entire home/apt,2.5,4,1401,0,,,,f,1
15399719,42830,407,42423,Australia,Private room,1.5,1,91,1,10,8,10,t,1
16481799,42830,1786,41044,Australia,Private room,1,1,67,0,,,,f,1
13226218,42829,623,42206,Australia,Private room,1,1,85,1,10,10,10,f,1
5959004,42830,1779,41051,Australia,Entire home/apt,1,1,148,9,8,10,8,t,1
16902951,42830,1511,41319,Australia,Private room,1,1,80,2,10,10,10,f,1
8912486,42830,893,41937,Australia,Entire home/apt,1,1,215,2,9,10,9,f,1
1942100,42829,1235,41594,Australia,Entire home/apt,3,4,750,3,10,10,10,f,1
9278707,42830,778,42052,Australia,Entire home/apt,3,5,1100,1,,,,f,1
3312081,42829,1027,41802,Australia,Entire home/apt,1,1,150,1,10,10,10,f,1
10113791,42829,983,41846,Australia,Entire home/apt,1,2,198,11,9,9,8,f,1
15301476,42830,1253,41577,Australia,Entire home/apt,1,1,210,5,10,10,8,f,1
5172975,42830,800,42030,Australia,Entire home/apt,2,5,470,1,8,8,6,f,1
14558098,42829,231,42598,Australia,Entire home/apt,1,1,99,9,9,10,10,t,1
1570869,42830,1487,41343,Australia,Entire home/apt,1,1,116,59,9,10,9,f,1
14996786,42829,1674,41155,Australia,Entire home/apt,2,4,850,2,10,10,9,f,1
16244534,42829,443,42386,Australia,Private room,1,1,80,0,,,,t,1
4568086,42829,2720,40109,Australia,Entire home/apt,1,2,250,0,,,,f,1
16160120,42829,1330,41499,Australia,Entire home/apt,1,1,160,2,10,10,9,f,1
11260260,42829,415,42414,Australia,Entire home/apt,1,0,166,34,9,10,9,f,1
86853,42830,2197,40633,Australia,Entire home/apt,1,2,250,67,10,9,9,t,1
16099937,42830,1377,41453,Australia,Entire home/apt,1,1,200,0,,,,t,1
17408258,42829,1771,41058,Australia,Private room,1,1,99,0,,,,f,1
9163256,42829,523,42306,Australia,Entire home/apt,1,1,300,23,10,10,9,f,1
10233890,42829,1777,41052,Australia,Entire home/apt,1,2,373,1,10,10,10,f,1
14678530,42829,1737,41092,Australia,Private room,1,1,91,1,10,8,8,f,1
15670051,42829,161,42668,Australia,Entire home/apt,1,2,381,0,,,,t,1
17670139,42829,121,42708,Australia,Private room,1,1,100,2,10,10,9,t,1
4388794,42830,897,41933,Australia,Private room,1,1,250,8,10,10,10,f,1
6814586,42830,662,42168,Australia,Private room,1,1,200,15,9,10,10,f,1
6093206,42830,750,42080,Australia,Private room,1,1,150,0,,,,f,1
17300956,42830,48,42782,Australia,Entire home/apt,1,1,130,1,10,10,10,f,1
2024155,42829,1218,41611,Australia,Private room,1,1,58,9,8,10,9,f,1
15988434,42830,1380,41450,Australia,Private room,1,1,63,0,,,,f,1
12330468,42829,359,42470,Australia,Entire home/apt,1,1,93,0,,,,f,1
9958089,42829,588,42241,Australia,Private room,1,1,100,74,10,10,10,t,1
17296721,42829,1857,40972,Australia,Entire home/apt,1,1,191,1,10,8,10,f,1
2748907,42830,1553,41277,Australia,Private room,1,1,60,14,9,8,9,f,1
16232636,42829,121,42708,Australia,Entire home/apt,1,1,180,4,10,10,10,f,1
15902590,42830,513,42317,Australia,Entire home/apt,2,3,620,0,,,,f,1
4989124,42828,1091,41737,Australia,Entire home/apt,1,1,149,28,9,10,10,f,1
15651376,42830,163,42667,Australia,Entire home/apt,1,1,390,0,,,,t,1
4326790,42829,1581,41248,Australia,Entire home/apt,1,2,440,4,8,10,9,f,1
13933026,42829,1212,41617,Australia,Private room,1,1,46,1,,,,f,1
16182247,42830,489,42341,Australia,Entire home/apt,2,2,669,0,,,,f,1
15137944,42830,459,42371,Australia,Entire home/apt,2,4,551,2,10,10,10,f,1
12745557,42830,1216,41614,Australia,Entire home/apt,1,1,218,4,10,9,8,f,1
12862231,42829,1546,41283,Australia,Entire home/apt,1,2,260,54,10,10,9,f,1
2057457,42829,1212,41617,Australia,Entire home/apt,1,1,215,3,9,10,7,f,1
3407081,42830,1044,41786,Australia,Entire home/apt,1,2,349,2,10,10,10,f,1
15857936,42830,150,42680,Australia,Entire home/apt,3,4,700,2,10,10,10,f,1
7332763,42829,1185,41644,Australia,Private room,1.5,1,54,29,9,10,10,f,1
4388002,42830,1193,41637,Australia,Entire home/apt,1,2,321,0,,,,f,1
12494540,42829,1226,41603,Australia,Entire home/apt,2.5,4,395,9,9,10,9,f,1
14672921,42829,1827,41002,Australia,Private room,0,1,80,13,10,10,10,f,1
6748962,42830,1699,41131,Australia,Entire home/apt,2,3,600,1,4,10,6,f,1
16442817,42829,718,42111,Australia,Private room,1,1,88,0,,,,f,1
6021317,42829,1516,41313,Australia,Private room,1,1,80,0,,,,t,1
4049570,42829,2687,40142,Australia,Entire home/apt,1,2,369,11,9,10,9,f,1
9613941,42829,905,41924,Australia,Entire home/apt,1,2,239,1,10,8,8,f,1
9654731,42829,495,42334,Australia,Private room,1,1,80,0,,,,t,1
1571544,42830,1320,41510,Australia,Private room,2,1,79,79,9,10,9,f,1
16054289,42830,406,42424,Australia,Private room,1.5,1,80,0,,,,t,1
17929488,42829,352,42477,Australia,Private room,1,1,100,0,,,,f,1
13640081,42830,656,42174,Australia,Entire home/apt,2.5,3,349,10,10,10,9,f,1
17017180,42829,2180,40649,Australia,Entire home/apt,1,0,91,6,10,10,10,t,1
6548971,42830,680,42150,Australia,Entire home/apt,1,2,250,1,10,10,10,f,1
5106090,42830,807,42023,Australia,Entire home/apt,1,3,250,6,10,10,8,f,1
14020971,42829,263,42566,Australia,Private room,2,1,99,25,10,10,10,t,1
16427288,42829,809,42020,Australia,Private room,1,1,80,1,10,10,10,f,1
3482012,42829,1016,41813,Australia,Entire home/apt,1,1,166,6,10,10,10,f,1
5883926,42829,1410,41419,Australia,Entire home/apt,2,4,750,1,8,10,6,f,1
8905626,42829,942,41887,Australia,Entire home/apt,2,3,501,0,,,,f,1
10809101,42830,612,42218,Australia,Private room,1,1,75,56,9,10,9,f,1
7311219,42829,631,42198,Australia,Private room,1,1,74,4,6,10,9,t,1
13576748,42829,829,42000,Australia,Entire home/apt,2,3,395,0,,,,f,1
9795832,42830,709,42121,Australia,Entire home/apt,1,2,280,4,10,10,9,f,1
5364824,42829,1715,41114,Australia,Entire home/apt,2,3,900,2,10,10,9,f,1
4559513,42829,1488,41341,Australia,Private room,1,1,85,0,,,,t,1
9101202,42829,1043,41786,Australia,Entire home/apt,1,2,501,2,10,9,9,f,1
15381530,42829,886,41943,Australia,Private room,1.5,1,75,3,10,10,9,f,1
9082898,42829,546,42283,Australia,Entire home/apt,1,1,180,3,9,9,9,f,1
8540359,42829,1400,41429,Australia,Entire home/apt,2,3,1000,0,,,,f,1
16901205,42829,483,42346,Australia,Private room,1,1,88,3,10,9,9,t,1
4768286,42829,1364,41465,Australia,Entire home/apt,2,4,468,3,9,10,8,t,1
4841999,42829,840,41989,Australia,Private room,1,2,70,13,10,10,10,t,1
9741479,42830,493,42337,Australia,Entire home/apt,2,3,349,1,10,10,10,f,1
10679582,42829,772,42057,Australia,Private room,1,1,64,0,,,,f,1
1204148,42829,2170,40659,Australia,Entire home/apt,1,1,250,2,8,10,7,f,1
6692744,42829,1364,41465,Australia,Entire home/apt,1,2,501,5,8,10,9,f,1
6927198,42829,981,41848,Australia,Entire home/apt,1,2,210,25,9,10,10,f,1
736379,42829,1636,41193,Australia,Entire home/apt,2,3,700,0,,,,f,1
10126590,42829,755,42074,Australia,Private room,1,1,89,7,10,10,9,t,1
9655053,42829,495,42334,Australia,Private room,1,1,80,0,,,,f,1
5622173,42829,2221,40608,Australia,Entire home/apt,1,1,100,5,9,9,9,f,1
11724284,42830,465,42365,Australia,Private room,1,1,46,6,10,10,10,f,1
15593520,42830,556,42274,Australia,Entire home/apt,1.5,2,399,1,8,10,10,f,1
15857994,42830,513,42317,Australia,Entire home/apt,3,4,811,0,,,,f,1
4188997,42830,1830,41000,Australia,Entire home/apt,1,3,545,24,10,10,9,f,1
4251796,42829,2535,40294,Australia,Entire home/apt,1,2,360,16,9,9,9,f,1
8868216,42829,1072,41757,Australia,Entire home/apt,1,2,349,3,10,10,10,f,1
5367703,42829,1141,41688,Australia,Entire home/apt,1,3,240,3,9,10,10,f,1
246383,42829,2102,40727,Australia,Entire home/apt,2,2,501,1,,,,f,1
14256282,42829,553,42276,Australia,Private room,1,1,80,16,9,10,10,f,1
17559330,42830,853,41977,Australia,Entire home/apt,1,1,175,1,10,10,8,f,1
16289686,42829,1627,41202,Australia,Entire home/apt,1,2,120,1,10,10,8,t,1
11718842,42829,792,42037,Australia,Entire home/apt,1,1,141,8,8,10,9,f,1
13807420,42829,1080,41749,Australia,Entire home/apt,1,1,235,17,8,9,8,t,1
9757645,42829,1618,41211,Australia,Entire home/apt,1,2,330,0,,,,t,1
10413461,42829,458,42371,Australia,Private room,1,1,75,3,9,10,9,f,1
16442576,42829,106,42723,Australia,Private room,1,1,100,0,,,,t,1
15774205,42829,155,42674,Australia,Entire home/apt,2,4,501,3,9,10,9,t,1
16753332,42829,544,42285,Australia,Private room,1,1,91,1,10,10,10,f,1
14613712,42830,230,42600,Australia,Private room,2.5,1,70,2,8,10,10,f,1
5435850,42830,857,41973,Australia,Entire home/apt,1,1,99,9,9,10,10,t,1
13418483,42829,712,42117,Australia,Private room,1,1,55,0,,,,t,1
4709510,42829,1201,41628,Australia,Private room,1,1,102,0,,,,f,1
9618786,42829,906,41923,Australia,Entire home/apt,1,1,166,3,10,10,10,f,1
14998316,42829,435,42394,Australia,Entire home/apt,1,1,185,10,10,10,9,f,1
12880714,42829,1734,41095,Australia,Private room,1.5,1,67,1,8,10,10,t,1
7282077,42829,633,42196,Australia,Private room,1,1,150,0,,,,f,1
9813844,42829,1195,41634,Australia,Entire home/apt,1,1,120,13,9,9,9,t,1
16181539,42829,610,42219,Australia,Private room,1,1,95,0,,,,f,1
11913905,42829,901,41928,Australia,Private room,1,1,38,1,10,10,10,f,1
15790978,42830,181,42649,Australia,Private room,1,1,70,2,9,10,10,f,1
15183107,42829,412,42417,Australia,Private room,1,1,91,2,10,10,10,f,1
17700714,42829,854,41975,Australia,Entire home/apt,1,1,116,0,,,,f,1
9578885,42830,976,41854,Australia,Private room,1,1,64,2,,,,f,1
10018717,42829,890,41939,Australia,Private room,2,1,150,9,10,10,10,t,1
2730669,42829,1753,41076,Australia,Entire home/apt,3.5,4,895,0,,,,f,1
16194547,42829,125,42704,Australia,Entire home/apt,1,1,125,0,,,,f,1
16180319,42829,126,42703,Australia,Private room,1,1,74,0,,,,f,1
1382966,42828,1444,41384,Australia,Private room,1,1,75,11,10,9,10,f,1
9757304,42829,527,42302,Australia,Private room,1,1,120,4,9,9,9,f,1
15916926,42829,887,41942,Australia,Private room,1,1,91,17,9,10,9,f,1
5827793,42829,1727,41102,Australia,Private room,1,1,42,1,10,10,6,f,1
3334584,42829,1658,41171,Australia,Private room,0,1,83,0,,,,f,1
12114310,42829,981,41848,Australia,Private room,1,1,50,1,10,8,10,t,1
5347035,42829,1514,41315,Australia,Entire home/apt,1,1,120,11,8,9,9,f,1
16316604,42830,796,42034,Australia,Entire home/apt,1,2,145,3,10,8,9,f,1
11366300,42830,410,42420,Australia,Private room,1,1,70,2,10,10,10,f,1
16426456,42829,901,41928,Australia,Private room,1,1,70,2,10,10,9,f,1
16509199,42829,1311,41518,Australia,Private room,1,1,219,0,,,,f,1
583321,42830,1731,41099,Australia,Private room,1,1,91,93,9,10,10,f,1
9446908,42829,508,42321,Australia,Entire home/apt,1,2,80,11,9,10,10,f,1
13900894,42830,1066,41764,Australia,Entire home/apt,1,2,147,1,,,,f,1
16219723,42830,272,42558,Australia,Private room,1,1,99,0,,,,f,1
5500275,42830,1046,41784,Australia,Entire home/apt,1,1,188,34,9,10,9,t,1
12713062,42830,911,41919,Australia,Private room,1,1,100,4,10,10,10,f,1
5829088,42830,1861,40969,Australia,Private room,1,1,70,6,9,10,10,f,1
5174639,42830,1138,41692,Australia,Private room,1,1,80,0,,,,f,1
11971036,42829,1094,41735,Australia,Entire home/apt,1,1,141,0,,,,f,1
12238884,42829,364,42465,Australia,Entire home/apt,1,1,150,0,,,,f,1
12233583,42829,1230,41599,Australia,Entire home/apt,1,2,399,17,10,10,10,f,1
5408438,42829,781,42048,Australia,Private room,1,1,68,3,10,10,9,f,1
3188902,42829,1052,41777,Australia,Private room,2,1,175,1,6,10,8,f,1
14935456,42829,347,42482,Australia,Entire home/apt,1.5,1,325,9,10,10,10,f,1
16494230,42829,945,41884,Australia,Entire home/apt,1,1,116,3,8,10,10,f,1
4567496,42829,2457,40372,Australia,Private room,1,1,55,3,10,10,10,f,1
5920035,42828,902,41926,Australia,Private room,1,1,145,0,,,,f,1
7703550,42829,1381,41448,Australia,Private room,1,1,95,0,,,,f,1
2594781,42829,1112,41717,Australia,Private room,1,1,85,10,10,10,10,f,1
11847820,42829,405,42424,Australia,Entire home/apt,1,2,200,0,,,,f,1
4832890,42829,1241,41588,Australia,Private room,2,1,124,2,7,10,9,t,1
12743267,42829,42829,,Australia,Private room,1,1,45,1,,,,f,1
17998265,42829,109,42720,Australia,Entire home/apt,1,1,125,0,,,,f,1
5895562,42830,1031,41799,Australia,Private room,2,1,80,2,9,10,10,t,1
15772456,42829,159,42670,Australia,Private room,1,1,194,1,8,10,10,f,1
17319927,42829,753,42076,Australia,Entire home/apt,1,2,166,3,10,10,9,f,1
2749199,42829,2432,40397,Australia,Private room,1,1,85,5,10,10,10,f,1
10002575,42829,824,42005,Australia,Entire home/apt,1,2,230,0,,,,t,1
17752487,42829,2070,40759,Australia,Private room,1,1,100,1,10,10,10,f,1
3864265,42829,1010,41819,Australia,Private room,1,1,99,47,9,10,10,f,1
16234241,42829,121,42708,Australia,Private room,1,1,95,6,10,10,10,t,1
6996078,42829,649,42180,Australia,Private room,1.5,1,30,1,,,,f,1
12783570,42829,804,42025,Australia,Private room,1,1,70,0,,,,f,1
9097816,42829,526,42303,Australia,Entire home/apt,1,2,219,0,,,,f,1
16499098,42829,344,42485,Australia,Private room,1,1,141,1,10,10,10,f,1
8907861,42829,538,42291,Australia,Private room,2,1,62,2,9,9,8,f,1
16897915,42829,581,42248,Australia,Private room,1,1,43,0,,,,t,1
16506518,42830,404,42426,Australia,Private room,1,3,100,3,10,10,10,f,1
16230086,42830,1458,41372,Australia,Private room,1,1,130,1,8,10,10,f,1
4883602,42829,833,41996,Australia,Private room,1,1,70,0,,,,f,1
17943638,42829,479,42350,Australia,Private room,1,1,100,0,,,,t,1
10090559,42830,473,42357,Australia,Private room,1,1,75,0,,,,f,1
4702769,42829,856,41973,Australia,Entire home/apt,2,2,349,0,,,,f,1
15513928,42829,485,42344,Australia,Entire home/apt,1,0,114,13,9,10,9,f,1
15001325,42830,1445,41385,Australia,Private room,1,1,70,14,10,10,10,f,1
5355020,42829,813,42016,Australia,Entire home/apt,1,2,141,2,,,,f,1
11050789,42829,655,42174,Australia,Private room,2,1,80,0,,,,f,1
16353425,42829,1610,41219,Australia,Private room,1.5,1,91,2,8,10,8,f,1
4868191,42829,1082,41747,Australia,Private room,2,1,100,1,10,10,10,f,1
17703649,42829,805,42024,Australia,Private room,1,1,250,0,,,,t,1
9929722,42829,480,42349,Australia,Entire home/apt,3,4,300,0,,,,f,1
7864119,42830,600,42230,Australia,Private room,1,1,70,5,7,10,8,f,1
4625429,42829,1022,41807,Australia,Private room,1,1,200,2,10,10,10,t,1
12366844,42829,956,41873,Australia,Private room,1,1,75,10,10,10,10,f,1
13300721,42830,793,42037,Australia,Private room,1,1,39,2,10,10,10,t,1
13625783,42830,291,42539,Australia,Private room,1,1,95,2,10,10,10,f,1
8956879,42829,535,42294,Australia,Entire home/apt,1,1,100,1,,,,f,1
6159881,42830,734,42096,Australia,Entire home/apt,1,1,150,45,9,10,9,f,1
16159159,42829,624,42205,Australia,Private room,1,1,60,0,,,,f,1
17225303,42829,627,42202,Australia,Private room,1,1,120,2,10,10,10,f,1
1757388,42829,1607,41222,Australia,Entire home/apt,1,1,180,7,10,9,9,f,1
16248980,42830,859,41971,Australia,Entire home/apt,2,3,480,1,10,10,10,t,1
17739694,42829,93,42736,Australia,Private room,1,1,70,0,,,,f,1
17624702,42830,1715,41115,Australia,Entire home/apt,1,2,187,0,,,,f,1
6613261,42830,680,42150,Australia,Private room,1,1,100,0,,,,f,1
4970782,42829,820,42009,Australia,Private room,2,1,49,0,,,,f,1
10418933,42830,1058,41772,Australia,Entire home/apt,1,1,180,12,10,10,10,t,1
11320469,42829,812,42017,Australia,Private room,1,1,80,5,10,10,10,f,1
3320283,42830,1623,41207,Australia,Private room,2,1,60,5,10,10,10,f,1
5549290,42829,2127,40702,Australia,Entire home/apt,2,3,950,1,10,10,10,t,1
11260450,42829,1716,41113,Australia,Private room,1,1,145,3,10,10,10,t,1
9755242,42829,539,42290,Australia,Private room,1,1,75,2,,,,f,1
3408716,42828,1216,41612,Australia,Private room,1,1,180,0,,,,t,1
9943975,42829,883,41946,Australia,Entire home/apt,1,1,200,3,9,9,9,f,1
17288692,42829,50,42779,Australia,Entire home/apt,2,2,175,3,9,10,9,f,1
16561498,42829,306,42523,Australia,Entire home/apt,1,1,100,7,10,10,10,f,1
10005503,42829,776,42053,Australia,Private room,1,1,55,1,2,2,2,f,1
11719579,42829,1560,41269,Australia,Private room,1,1,55,1,10,10,10,f,1
16394583,42830,1151,41679,Australia,Private room,1,1,131,0,,,,t,1
9865161,42829,600,42229,Australia,Private room,1,1,70,0,,,,f,1
6263519,42829,701,42128,Australia,Private room,1,1,75,0,,,,f,1
10077606,42829,639,42190,Australia,Private room,1,1,56,26,8,10,9,f,1
15720903,42829,159,42670,Australia,Private room,1,1,83,1,10,10,10,f,1
17741141,42829,1833,40996,Australia,Private room,1,1,60,1,10,8,10,t,1
15833987,42829,580,42249,Australia,Entire home/apt,1,1,150,15,10,10,10,f,1
11531467,42829,401,42428,Australia,Entire home/apt,2,2,250,1,,,,f,1
9865912,42829,485,42344,Australia,Private room,1,1,130,0,,,,f,1
9867932,42829,936,41893,Australia,Private room,1,1,60,29,10,10,10,f,1
9614091,42829,789,42040,Australia,Entire home/apt,1,2,159,33,9,10,9,f,1
5301897,42830,1970,40860,Australia,Private room,2,1,100,1,10,10,10,f,1
8760910,42829,1312,41517,Australia,Entire home/apt,2,3,501,2,9,9,7,f,1
17816390,42829,14,42815,Australia,Private room,1,1,85,1,10,10,10,t,1
8972974,42830,538,42292,Australia,Entire home/apt,1,2,290,2,10,10,10,f,1
16970425,42829,1364,41465,Australia,Entire home/apt,2,2,208,0,,,,t,1
10021966,42830,2112,40718,Australia,Entire home/apt,1,1,150,4,9,10,10,f,1
2882017,42830,1320,41510,Australia,Private room,2,1,64,23,9,10,9,f,1
9300672,42830,663,42167,Australia,Private room,1,1,70,3,10,9,9,f,1
14082041,42829,259,42570,Australia,Private room,1,1,50,2,9,10,10,f,1
11403101,42830,1577,41253,Australia,Private room,1,1,105,2,8,10,9,f,1
16112811,42829,1744,41085,Australia,Private room,1,1,91,10,10,10,9,f,1
9824242,42830,805,42025,Australia,Entire home/apt,2,3,285,0,,,,f,1
9033320,42829,884,41945,Australia,Entire home/apt,2.5,3,501,0,,,,f,1
15242335,42829,1134,41695,Australia,Private room,1,1,75,0,,,,f,1
11531968,42830,1438,41392,Australia,Entire home/apt,1,2,91,1,10,8,10,t,1
17621563,42829,86,42743,Australia,Entire home/apt,1,1,150,0,,,,f,1
4777033,42829,848,41981,Australia,Private room,1,1,148,0,,,,f,1
9497916,42830,1665,41165,Australia,Private room,1.5,1,100,2,9,10,10,f,1
10659438,42829,1056,41773,Australia,Private room,2.5,1,110,38,10,10,10,f,1
14031088,42828,1616,41212,Australia,Entire home/apt,1,2,100,0,,,,f,1
13101082,42830,322,42508,Australia,Private room,1,1,75,0,,,,f,1
16031693,42829,171,42658,Australia,Entire home/apt,1,1,150,2,10,10,9,f,1
6417587,42830,1623,41207,Australia,Private room,2,1,80,5,9,10,10,f,1
14022989,42829,263,42566,Australia,Private room,2,1,99,23,10,10,10,t,1
9814458,42829,489,42340,Australia,Private room,1,1,180,0,,,,f,1
9171065,42829,523,42306,Australia,Entire home/apt,2,3,399,1,10,10,2,f,1
8759863,42830,547,42283,Australia,Entire home/apt,1,1,160,74,10,10,9,f,1
1898289,42830,1246,41584,Australia,Private room,1,1,64,43,10,10,10,f,1
9102185,42829,526,42303,Australia,Entire home/apt,1,1,141,15,9,9,8,t,1
14111785,42828,437,42391,Australia,Private room,1,1,90,0,,,,t,1
8831346,42829,1840,40989,Australia,Entire home/apt,1,2,200,4,8,10,9,f,1
16394543,42829,1680,41149,Australia,Private room,1,1,160,0,,,,t,1
8298671,42829,744,42085,Australia,Private room,1,1,85,0,,,,f,1
17864048,42829,512,42317,Australia,Private room,1,1,100,0,,,,f,1
4789846,42828,845,41983,Australia,Private room,1,1,85,2,10,10,10,f,1
4896513,42829,831,41998,Australia,Entire home/apt,1,2,150,2,10,10,10,f,1
10946466,42828,751,42077,Australia,Private room,1,1,62,2,10,10,8,f,1
8726679,42829,1789,41040,Australia,Entire home/apt,1,1,120,3,10,10,9,f,1
14154779,42830,1319,41511,Australia,Private room,1,1,64,1,8,,,f,1
13947087,42829,961,41868,Australia,Entire home/apt,1,1,120,3,10,10,9,f,1
16102249,42829,336,42493,Australia,Entire home/apt,1,2,300,0,,,,f,1
17348933,42829,155,42674,Australia,Entire home/apt,2,2,349,0,,,,t,1
16289660,42829,699,42130,Australia,Private room,2,1,89,0,,,,f,1
17098830,42830,1105,41725,Australia,Private room,1,1,51,0,,,,f,1
16440181,42829,482,42347,Australia,Private room,2,1,85,2,10,10,10,f,1
17224154,42830,1674,41156,Australia,Private room,2,1,300,1,6,10,8,t,1
4711714,42829,2603,40226,Australia,Private room,1,1,91,3,10,10,9,f,1
16558523,42829,789,42040,Australia,Private room,2,1,120,13,10,10,10,f,1
11128618,42829,844,41985,Australia,Private room,1,1,78,8,9,10,9,f,1
1232965,42829,2563,40266,Australia,Entire home/apt,1,2,300,7,10,9,10,f,1
6562793,42829,871,41958,Australia,Entire home/apt,1,2,210,57,10,10,10,t,1
13422593,42829,411,42418,Australia,Private room,1,1,70,0,,,,f,1
3533940,42830,1005,41825,Australia,Entire home/apt,1,2,120,1,,,,f,1
9828825,42829,485,42344,Australia,Entire home/apt,1,1,250,2,10,10,10,f,1
16405041,42830,1534,41296,Australia,Entire home/apt,1,1,349,0,,,,t,1
15327450,42829,770,42059,Australia,Entire home/apt,1,1,141,32,10,10,10,t,1
14937082,42830,210,42620,Australia,Entire home/apt,2,3,700,0,,,,t,1
11664978,42829,393,42436,Australia,Private room,1,1,85,0,,,,f,1
12916855,42829,830,41999,Australia,Private room,1,1,150,0,,,,f,1
13688936,42829,1820,41009,Australia,Entire home/apt,1,2,169,4,9,10,10,f,1
15845511,42829,150,42679,Australia,Entire home/apt,1,3,330,0,,,,f,1
15441966,42829,176,42653,Australia,Private room,1,1,70,12,10,10,10,t,1
16509943,42830,172,42658,Australia,Entire home/apt,1,0,180,7,9,10,10,f,1
10482221,42829,1757,41072,Australia,Entire home/apt,1,1,173,3,7,10,9,f,1
15196599,42829,663,42166,Australia,Entire home/apt,,,100,0,,,,f,1
15976143,42829,1496,41333,Australia,Private room,1,1,99,4,9,10,9,f,1
5153626,42829,801,42028,Australia,Private room,1.5,2,62,8,10,10,10,f,1
5184971,42829,1502,41327,Australia,Entire home/apt,2,3,750,34,10,10,10,f,1
653534,42829,1691,41138,Australia,Entire home/apt,1,3,180,0,,,,f,1
15661777,42830,1276,41554,Australia,Private room,1,1,60,0,,,,f,1
16380301,42829,111,42718,Australia,Private room,1,1,120,2,10,10,10,f,1
11932472,42829,643,42186,Australia,Entire home/apt,1,1,150,26,10,10,10,f,1
6590509,42829,677,42152,Australia,Private room,2,1,64,0,,,,f,1
17624873,42830,28,42802,Australia,Entire home/apt,2,3,349,3,7,10,9,t,1
2203193,42829,1274,41555,Australia,Entire home/apt,2,4,349,1,10,10,10,f,1
10416392,42830,894,41936,Australia,Private room,1,1,95,0,,,,f,1
6815188,42830,1640,41190,Australia,Entire home/apt,1,2,100,3,9,10,10,f,1
8942456,42830,1176,41654,Australia,Private room,1,1,150,0,,,,f,1
12908152,42830,580,42250,Australia,Entire home/apt,1,1,300,23,10,10,10,f,1
5698275,42830,756,42074,Australia,Private room,1,1,50,17,7,10,8,t,1
3428877,42828,1112,41716,Australia,Entire home/apt,1,2,105,0,,,,f,1
8055681,42829,2515,40314,Australia,Entire home/apt,1,0,135,3,9,10,10,f,1
7533650,42830,640,42190,Australia,Entire home/apt,1,1,91,0,,,,f,1
13350296,42829,1145,41684,Australia,Private room,2,1,41,0,,,,f,1
3668841,42830,1400,41430,Australia,Entire home/apt,1,2,191,19,10,10,9,t,1
16383983,42830,672,42158,Australia,Private room,1,2,100,1,10,10,10,f,1
16117798,42829,949,41880,Australia,Entire home/apt,1,2,349,19,10,10,10,t,1
11850427,42829,986,41843,Australia,Entire home/apt,1,0,116,1,,,,f,1
10810272,42830,742,42088,Australia,Entire home/apt,2,2,451,4,9,10,9,f,1
17563153,42830,859,41971,Australia,Entire home/apt,2.5,3,1645,0,,,,f,1
8447962,42830,1491,41339,Australia,Entire home/apt,1.5,3,309,0,,,,f,1
10320689,42829,1079,41750,Australia,Entire home/apt,1,1,100,4,10,10,9,f,1
11992095,42830,416,42414,Australia,Entire home/apt,1,0,127,13,9,10,9,f,1
2223142,42830,1176,41654,Australia,Entire home/apt,2,2,374,6,10,10,10,f,1
2679024,42829,1715,41114,Australia,Private room,1,1,78,2,10,10,10,f,1
196170,42830,2064,40766,Australia,Entire home/apt,1.5,1,185,3,10,10,10,f,1
768091,42830,1627,41203,Australia,Entire home/apt,2,3,360,6,10,10,10,f,1
4622921,42829,1074,41755,Australia,Entire home/apt,1,0,141,25,10,10,10,f,1
10284565,42830,581,42249,Australia,Private room,1.5,1,95,1,10,10,10,f,1
15989922,42830,315,42515,Australia,Private room,1,1,75,0,,,,t,1
16441709,42829,106,42723,Australia,Entire home/apt,1,1,110,10,9,9,9,t,1
10157216,42830,469,42361,Australia,Entire home/apt,1,2,310,0,,,,f,1
11127341,42830,422,42408,Australia,Private room,,1,160,0,,,,f,1
4478264,42829,1073,41756,Australia,Entire home/apt,1,1,399,1,10,10,8,f,1
15328870,42830,1284,41546,Australia,Entire home/apt,1,2,250,10,9,10,9,f,1
12842012,42830,473,42357,Australia,Private room,1,1,45,9,9,10,9,f,1
16052713,42830,346,42484,Australia,Private room,1,1,62,0,,,,t,1
7009831,42830,672,42158,Australia,Private room,2,1,59,1,,,,f,1
1903073,42828,1853,40975,Australia,Entire home/apt,1,3,499,12,10,10,9,f,1
698338,42829,1662,41167,Australia,Entire home/apt,1,2,150,11,8,9,10,f,1
16182352,42830,539,42291,Australia,Private room,1,1,150,0,,,,f,1
1872845,42829,1328,41501,Australia,Entire home/apt,2,3,572,4,8,10,10,f,1
7925701,42830,1524,41306,Australia,Entire home/apt,1,1,166,16,10,10,10,f,1
15524611,42829,1787,41042,Australia,Entire home/apt,1,2,240,7,10,10,10,f,1
3706126,42829,1018,41811,Australia,Private room,1,1,80,49,9,9,9,f,1
10021328,42830,940,41890,Australia,Entire home/apt,1.5,2,250,1,10,10,10,f,1
13960425,42828,850,41978,Australia,Private room,1,1,50,0,,,,f,1
4881615,42830,855,41975,Australia,Entire home/apt,1.5,2,399,6,10,10,9,f,1
16313576,42830,1088,41742,Australia,Entire home/apt,1,1,296,1,6,10,6,f,1
11657798,42829,967,41862,Australia,Private room,2,1,60,0,,,,f,1
10086738,42830,473,42357,Australia,Entire home/apt,1,0,129,20,9,9,9,f,1
16230901,42829,478,42351,Australia,Entire home/apt,1,1,225,0,,,,f,1
11323715,42830,877,41953,Australia,Private room,1,1,60,0,,,,f,1
10154898,42830,958,41872,Australia,Entire home/apt,1,3,160,3,7,10,8,f,1
720836,42830,1668,41162,Australia,Entire home/apt,2,2,194,7,8,10,9,f,1
9564087,42830,575,42255,Australia,Private room,1,1,79,29,8,10,9,f,1
3075764,42830,1621,41209,Australia,Entire home/apt,2,3,349,66,10,10,9,t,1
17098847,42830,527,42303,Australia,Private room,1,1,75,1,10,10,10,f,1
1833904,42830,1261,41569,Australia,Entire home/apt,1,2,250,2,9,8,8,f,1
844609,42829,1571,41258,Australia,Entire home/apt,1,1,198,58,9,10,9,f,1
5764389,42830,743,42087,Australia,Private room,1,1,152,0,,,,f,1
16232707,42829,281,42548,Australia,Entire home/apt,1,1,100,0,,,,t,1
16183509,42830,420,42410,Australia,Private room,2,1,88,6,8,10,8,t,1
9239134,42830,1590,41240,Australia,Entire home/apt,1,0,99,16,9,10,10,f,1
15385686,42829,180,42649,Australia,Private room,1,1,124,11,10,10,10,f,1
11661577,42829,1441,41388,Australia,Entire home/apt,1,2,200,1,10,10,10,f,1
13362612,42829,426,42403,Australia,Entire home/apt,1,2,200,0,,,,f,1
5308347,42830,1106,41724,Australia,Private room,1,1,39,35,10,10,10,f,1
11495873,42830,759,42071,Australia,Private room,1,1,60,7,10,10,9,f,1
15989846,42830,624,42206,Australia,Entire home/apt,1,0,120,4,7,9,9,t,1
7182575,42829,1238,41591,Australia,Private room,1,1,70,0,,,,f,1
17623963,42830,1427,41403,Australia,Private room,1,1,160,0,,,,f,1
9959694,42830,963,41867,Australia,Entire home/apt,1,2,210,1,10,10,8,f,1
17672564,42829,1059,41770,Australia,Private room,1,1,100,0,,,,t,1
13036280,42830,1765,41065,Australia,Private room,1,1,80,0,,,,f,1
13623556,42829,288,42541,Australia,Shared room,1.5,1,33,1,,,,t,1
14112597,42829,1533,41296,Australia,Private room,1,1,91,0,,,,f,1
8119664,42829,1585,41244,Australia,Entire home/apt,1,1,200,1,10,10,10,f,1
4776952,42829,848,41981,Australia,Entire home/apt,1,0,145,18,10,10,10,f,1
11593219,42830,1704,41126,Australia,Private room,1,1,50,0,,,,f,1
15199392,42830,193,42637,Australia,Entire home/apt,1,1,120,43,10,10,10,f,1
1961947,42830,1233,41597,Australia,Private room,1,1,60,32,7,9,9,t,1
9958998,42830,482,42348,Australia,Shared room,1,1,46,1,10,10,10,f,1
16246265,42830,361,42469,Australia,Entire home/apt,1,1,160,6,9,10,10,f,1
12749063,42829,716,42113,Australia,Private room,1,1,49,0,,,,t,1
4007831,42829,1715,41114,Australia,Entire home/apt,2,3,1750,1,10,10,10,f,1
15736645,42829,1437,41392,Australia,Entire home/apt,2,3,191,0,,,,t,1
16314480,42830,1209,41621,Australia,Entire home/apt,1,2,150,1,10,10,10,t,1
8976629,42830,534,42296,Australia,Shared room,1,1,39,16,10,10,10,f,1
9762721,42830,1323,41507,Australia,Entire home/apt,1.5,2,420,4,10,10,10,f,1
15065185,42829,817,42012,Australia,Private room,1,1,85,2,10,10,9,f,1
9761969,42830,490,42340,Australia,Entire home/apt,1,2,219,1,8,10,10,t,1
9828117,42829,1301,41528,Australia,Entire home/apt,1,2,296,1,10,10,10,f,1
7601124,42830,1305,41525,Australia,Entire home/apt,1,0,70,1,10,8,8,f,1
13361487,42829,1089,41740,Australia,Entire home/apt,1,2,579,1,8,10,10,f,1
1439304,42829,2535,40294,Australia,Entire home/apt,1,1,225,3,8,7,6,f,1
1861031,42829,1773,41056,Australia,Entire home/apt,1,1,200,7,8,10,9,f,1
7469454,42830,1201,41629,Australia,Entire home/apt,2,2,250,1,10,10,10,f,1
8846271,42829,709,42120,Australia,Entire home/apt,1,1,145,4,10,10,9,f,1
999748,42829,1479,41350,Australia,Private room,1,1,75,40,9,10,9,f,1
2453941,42829,1387,41442,Australia,Private room,2,1,60,21,9,10,9,f,1
5765992,42829,1088,41741,Australia,Private room,1,1,80,0,,,,f,1
13888878,42830,1365,41465,Australia,Entire home/apt,1,2,208,15,9,10,10,t,1
8122030,42829,1299,41530,Australia,Entire home/apt,1,1,120,1,10,10,10,f,1
5671961,42829,1344,41485,Australia,Entire home/apt,2,4,1200,0,,,,f,1
7331888,42829,1551,41278,Australia,Private room,1,1,95,2,7,10,8,f,1
7180629,42829,1832,40997,Australia,Entire home/apt,1,2,194,1,,,,f,1
11330440,42829,483,42346,Australia,Entire home/apt,1,1,148,5,9,10,10,f,1
4778686,42830,1427,41403,Australia,Entire home/apt,1,1,129,10,10,10,10,f,1
2555394,42830,1119,41711,Australia,Entire home/apt,1,2,230,2,9,9,8,f,1
7009884,42829,671,42158,Australia,Private room,2,1,116,1,2,6,2,f,1
12495189,42829,512,42317,Australia,Entire home/apt,1,1,194,1,10,10,6,f,1
16181514,42830,143,42687,Australia,Private room,1,1,148,0,,,,f,1
15857653,42830,513,42317,Australia,Entire home/apt,2,3,850,0,,,,f,1
8059917,42830,616,42214,Australia,Private room,2,1,79,1,8,10,10,f,1
13736624,42829,867,41962,Australia,Private room,1,1,100,0,,,,t,1
5697576,42829,749,42080,Australia,Entire home/apt,2.5,3,290,3,10,10,10,t,1
16444254,42829,1108,41721,Australia,Entire home/apt,1,1,124,0,,,,t,1
1606083,42829,1312,41517,Australia,Entire home/apt,1,1,194,12,8,9,9,f,1
14082675,42829,386,42443,Australia,Private room,1,1,91,0,,,,f,1
10156756,42830,1366,41464,Australia,Entire home/apt,1,2,296,0,,,,f,1
10813010,42830,1475,41355,Australia,Private room,1,1,106,20,10,10,10,f,1
6545549,42830,1053,41777,Australia,Private room,1,1,45,1,6,10,8,f,1
13363708,42830,304,42526,Australia,Entire home/apt,2,4,700,0,,,,f,1
16180504,42829,125,42704,Australia,Entire home/apt,1,1,290,0,,,,f,1
5827752,42830,1774,41056,Australia,Private room,1,1,89,17,10,10,10,f,1
9960591,42829,713,42116,Australia,Entire home/apt,1,3,445,0,,,,f,1
8120010,42830,598,42232,Australia,Shared room,3.5,1,30,1,6,10,10,f,1
366857,42829,1858,40971,Australia,Entire home/apt,1,1,166,44,9,9,9,t,1
17344343,42829,853,41976,Australia,Private room,1,1,70,0,,,,t,1
2012878,42829,1385,41444,Australia,Entire home/apt,1,2,219,2,8,10,9,f,1
17271846,42829,1039,41790,Australia,Private room,1,1,70,2,10,10,10,f,1
9760128,42830,490,42340,Australia,Private room,1,1,120,1,10,10,10,f,1
17624579,42830,28,42802,Australia,Entire home/apt,1,1,250,1,10,10,10,f,1
2858319,42829,1078,41751,Australia,Entire home/apt,1,2,229,4,8,10,9,f,1
15256031,42829,1171,41658,Australia,Entire home/apt,3,4,950,1,10,10,8,f,1
13266875,42830,310,42520,Australia,Private room,1,1,260,0,,,,f,1
16247504,42829,493,42336,Australia,Entire home/apt,1,1,200,1,10,10,10,f,1
14657550,42830,1014,41816,Australia,Private room,1,1,55,1,8,10,8,t,1
16101833,42829,403,42426,Australia,Entire home/apt,1,0,300,0,,,,f,1
27564,42828,2534,40294,Australia,Entire home/apt,1,2,173,5,8,9,7,f,1
16194981,42829,257,42572,Australia,Private room,1,1,75,3,8,9,9,t,1
17755604,42830,710,42120,Australia,Private room,1,1,70,0,,,,f,1
13913940,42829,1166,41663,Australia,Entire home/apt,1,1,92,2,9,10,10,t,1
3209999,42830,1038,41792,Australia,Private room,1,1,70,48,10,10,10,f,1
6800508,42829,663,42166,Australia,Private room,1,1,70,0,,,,f,1
4903636,42829,1106,41723,Australia,Private room,1,1,11999,0,,,,f,1
653284,42830,1693,41137,Australia,Entire home/apt,1,1,189,2,10,10,10,f,1
17950915,42830,9,42821,Australia,Private room,1,1,60,0,,,,f,1
10414023,42829,1536,41293,Australia,Entire home/apt,2,3,399,0,,,,t,1
366856,42829,1858,40971,Australia,Entire home/apt,1,0,175,54,9,9,8,t,1
14535214,42829,1646,41183,Australia,Entire home/apt,1,2,250,0,,,,f,1
6485678,42830,932,41898,Australia,Entire home/apt,1,0,110,29,9,10,9,t,1
9830223,42829,1223,41606,Australia,Entire home/apt,1,2,219,1,10,10,10,f,1
2454763,42830,1467,41363,Australia,Entire home/apt,1.5,3,551,2,10,10,10,f,1
15919616,42830,511,42319,Australia,Entire home/apt,2,3,297,11,9,9,8,f,1
12231109,42829,498,42331,Australia,Private room,2,1,72,36,9,10,9,f,1
15847982,42829,380,42449,Australia,Private room,1,1,70,0,,,,t,1
16055154,42830,140,42690,Australia,Entire home/apt,1,1,150,3,6,8,6,f,1
15127511,42830,1047,41783,Australia,Private room,1,1,135,3,9,9,9,f,1
15591234,42830,1753,41077,Australia,Entire home/apt,1,1,120,1,10,10,10,f,1
15501266,42829,1227,41602,Australia,Entire home/apt,1,1,127,6,10,10,10,f,1
1046389,42830,1463,41367,Australia,Entire home/apt,1,1,120,0,,,,f,1
16770587,42830,737,42093,Australia,Private room,2,1,78,14,9,10,10,f,1
10026269,42830,476,42354,Australia,Entire home/apt,1,2,700,0,,,,t,1
12771248,42829,340,42489,Australia,Shared room,1,1,66,0,,,,f,1
15848460,42830,1447,41383,Australia,Entire home/apt,1,1,200,0,,,,f,1
16885130,42829,1821,41008,Australia,Private room,1,1,91,0,,,,f,1
14154324,42829,257,42572,Australia,Private room,1,1,85,0,,,,f,1
5562768,42829,2535,40294,Australia,Entire home/apt,1,1,194,3,10,9,8,f,1
16900157,42829,71,42758,Australia,Entire home/apt,1,1,150,3,10,10,10,f,1
8122314,42830,606,42224,Australia,Private room,1,1,85,1,8,10,10,f,1
16383305,42830,891,41939,Australia,Entire home/apt,1,2,250,1,,10,10,f,1
16247526,42830,359,42471,Australia,Private room,1,1,95,12,10,10,10,t,1
16246663,42830,269,42561,Australia,Private room,1,1,85,1,6,10,10,f,1
4449595,42829,1162,41667,Australia,Entire home/apt,1,2,175,4,10,10,9,f,1
1047189,42829,1461,41368,Australia,Entire home/apt,2,2,300,15,8,10,8,f,1
7795038,42830,655,42175,Australia,Private room,1,1,150,0,,,,f,1
16449005,42830,106,42724,Australia,Entire home/apt,2,2,169,0,,,,f,1
4780186,42830,848,41982,Australia,Private room,1,1,99,6,10,10,9,f,1
4521264,42830,1319,41511,Australia,Private room,0.5,1,138,4,10,10,10,f,1
15733695,42829,972,41857,Australia,Entire home/apt,3,3,1000,0,,,,t,1
9826443,42830,1365,41465,Australia,Entire home/apt,1,1,180,0,,,,f,1
14792708,42829,231,42598,Australia,Private room,1,1,79,0,,,,t,1
16987363,42828,99,42729,Australia,Entire home/apt,1,2,160,2,8,10,10,f,1
6731759,42829,1952,40877,Australia,Entire home/apt,1,2,244,0,,,,f,1
14075305,42829,1203,41626,Australia,Entire home/apt,1,2,150,11,9,10,10,f,1
26741,42830,2536,40294,Australia,Entire home/apt,1,1,200,14,7,10,8,f,1
10023659,42830,2010,40820,Australia,Entire home/apt,1,1,175,0,,,,f,1
9697660,42830,665,42165,Australia,Entire home/apt,1.5,3,501,0,,,,f,1
16008896,42830,810,42020,Australia,Private room,1,1,80,6,10,10,10,f,1
11129990,42830,1018,41812,Australia,Entire home/apt,1.5,3,349,1,8,8,8,f,1
13754217,42829,1777,41052,Australia,Entire home/apt,1,2,340,1,10,8,10,f,1
15785943,42829,154,42675,Australia,Private room,2,1,75,6,9,10,10,f,1
4824665,42829,842,41987,Australia,Private room,1,1,120,0,,,,f,1
9889409,42830,483,42347,Australia,Private room,2,1,70,4,9,10,10,t,1
15723225,42830,1468,41362,Australia,Private room,1,1,200,0,,,,f,1
9490854,42829,505,42324,Australia,Entire home/apt,1,0,120,49,9,10,9,f,1
9826301,42830,487,42343,Australia,Entire home/apt,1,3,42,2,8,10,10,f,1
3534820,42830,1330,41500,Australia,Private room,1,1,120,4,10,10,10,f,1
4390602,42830,897,41933,Australia,Entire home/apt,1,2,399,1,10,10,10,f,1
6069377,42829,1666,41163,Australia,Private room,1,1,100,2,9,10,10,f,1
8174086,42829,1184,41645,Australia,Entire home/apt,1,1,250,0,,,,f,1
6926613,42829,1783,41046,Australia,Entire home/apt,2,2,300,0,,,,f,1
7009776,42830,672,42158,Australia,Private room,2,1,59,2,7,9,8,f,1
4847356,42830,1658,41172,Australia,Entire home/apt,1,0,160,13,10,10,9,f,1
8906218,42830,539,42291,Australia,Entire home/apt,3,5,950,0,,,,f,1
432136,42829,1814,41015,Australia,Entire home/apt,1.5,2,250,18,10,10,10,f,1
3121452,42829,1767,41062,Australia,Entire home/apt,1,2,185,16,9,9,9,f,1
9763262,42830,1490,41340,Australia,Entire home/apt,1,1,265,13,9,10,10,f,1
6734809,42829,666,42163,Australia,Entire home/apt,1,2,166,5,7,10,7,f,1
12253505,42829,2010,40819,Australia,Private room,1.5,1,50,25,9,10,10,f,1
4771018,42829,1226,41603,Australia,Entire home/apt,1.5,2,180,21,10,10,9,f,1
8428030,42829,1219,41610,Australia,Entire home/apt,1,1,200,4,9,10,9,f,1
9698784,42830,494,42336,Australia,Private room,1,1,99,0,,,,f,1
10281591,42829,460,42369,Australia,Entire home/apt,2,3,749,0,,,,t,1
3013599,42830,1060,41770,Australia,Entire home/apt,1,2,180,3,9,10,9,f,1
13817062,42830,1834,40996,Australia,Entire home/apt,1,1,79,1,8,10,10,f,1
17883329,42829,765,42064,Australia,Entire home/apt,2,4,470,0,,,,t,1
9760738,42829,509,42320,Australia,Entire home/apt,3,3,800,0,,,,f,1
13482722,42829,303,42526,Australia,Entire home/apt,2,2,314,5,8,10,8,f,1
15330875,42830,218,42612,Australia,Entire home/apt,1,2,250,1,10,10,10,f,1
11002650,42829,427,42402,Australia,Shared room,1,1,30,0,,,,f,1
5700328,42830,1168,41662,Australia,Shared room,1,1,39,48,10,10,10,f,1
17078871,42829,110,42719,Australia,Shared room,2,1,45,2,9,10,9,f,1
5154962,42829,800,42029,Australia,Shared room,1,1,25,0,,,,f,1
16291724,42829,352,42477,Australia,Shared room,1,1,32,0,,,,f,1
9098606,42829,526,42303,Australia,Entire home/apt,2,2,451,1,10,10,8,f,1
11446727,42829,1207,41622,Australia,Entire home/apt,1,1,141,3,9,10,10,t,1
699480,42829,1661,41168,Australia,Entire home/apt,1,1,129,41,10,10,10,f,1
9370645,42830,513,42317,Australia,Entire home/apt,2,3,219,1,8,10,10,t,1
15788212,42830,497,42333,Australia,Entire home/apt,1,2,281,22,10,10,9,t,1
7535718,42830,1650,41180,Australia,Entire home/apt,1,2,300,3,10,10,10,f,1
581732,42829,1731,41098,Australia,Private room,1,1,60,4,8,10,10,f,1
16354521,42829,1131,41698,Australia,Entire home/apt,1,1,399,8,9,10,9,t,1
4061096,42830,1143,41687,Australia,Entire home/apt,3,4,750,5,10,10,9,f,1
3730162,42830,982,41848,Australia,Entire home/apt,1,2,200,6,9,9,8,t,1
8846856,42830,2005,40825,Australia,Private room,1,1,160,0,,,,f,1
15226740,42828,692,42136,Australia,Entire home/apt,1,1,170,0,,,,t,1
13210031,42829,315,42514,Australia,Entire home/apt,2,2,180,22,10,10,9,f,1
9496810,42830,505,42325,Australia,Entire home/apt,1,2,198,45,9,10,9,f,1
8845340,42830,951,41879,Australia,Entire home/apt,1,1,200,12,10,10,10,f,1
16638125,42829,89,42740,Australia,Entire home/apt,1,1,150,0,,,,f,1
1240830,42830,2536,40294,Australia,Entire home/apt,1,2,204,15,9,10,8,f,1
9632709,42830,1074,41756,Australia,Entire home/apt,1,1,85,0,,,,f,1
10089086,42829,472,42357,Australia,Entire home/apt,1,2,109,9,7,10,8,f,1
16055230,42830,1778,41052,Australia,Entire home/apt,1,2,194,1,10,10,8,f,1
10024520,42830,1227,41603,Australia,Entire home/apt,1,0,120,51,9,10,9,f,1
15072449,42830,1845,40985,Australia,Entire home/apt,1,0,177,25,10,10,9,f,1
16382367,42830,959,41871,Australia,Entire home/apt,1,1,180,0,,,,f,1
11894620,42829,928,41901,Australia,Entire home/apt,1,1,110,3,10,10,10,f,1
16316739,42830,262,42568,Australia,Entire home/apt,1,1,75,4,9,9,9,f,1
15331595,42829,1029,41800,Australia,Entire home/apt,1,3,300,0,,,,f,1
1886610,42829,1649,41180,Australia,Entire home/apt,1.5,1,166,134,10,10,9,f,1
3046619,42830,2255,40575,Australia,Entire home/apt,1,1,120,114,9,10,9,t,1
15591702,42830,232,42598,Australia,Entire home/apt,2,3,499,3,7,9,9,f,1
15061054,42829,201,42628,Australia,Entire home/apt,1,1,110,23,10,10,10,f,1
11778756,42829,1331,41498,Australia,Entire home/apt,1,1,100,0,,,,f,1
8315236,42829,1226,41603,Australia,Entire home/apt,2,1,191,14,9,10,9,f,1
8474833,42829,580,42249,Australia,Entire home/apt,1,2,300,0,,,,f,1
8847020,42830,2428,40402,Australia,Entire home/apt,1,2,159,4,10,9,8,f,1
8846778,42830,2005,40825,Australia,Entire home/apt,1,2,219,0,,,,f,1
8978375,42830,1606,41224,Australia,Entire home/apt,1,2,150,0,,,,f,1
9173974,42830,945,41885,Australia,Entire home/apt,1,1,91,0,,,,f,1
15857768,42830,152,42678,Australia,Entire home/apt,1,1,180,31,10,10,10,f,1
9240265,42830,1223,41607,Australia,Entire home/apt,1,2,191,5,9,10,10,f,1
7267404,42829,1651,41178,Australia,Entire home/apt,1,1,92,1,10,10,10,f,1
5500769,42830,766,42064,Australia,Entire home/apt,3,4,600,0,,,,f,1
9759271,42830,1740,41090,Australia,Private room,1,2,160,2,10,10,10,f,1
9760818,42830,989,41841,Australia,Entire home/apt,1.5,2,200,4,10,10,8,f,1
9893530,42830,1282,41548,Australia,Entire home/apt,1.5,2,349,4,10,10,9,f,1
9892213,42829,1964,40865,Australia,Entire home/apt,1,0,85,1,10,10,10,f,1
10090509,42830,1527,41303,Australia,Entire home/apt,1,2,349,0,,,,f,1
10091904,42830,1362,41468,Australia,Entire home/apt,1,2,150,0,,,,f,1
10416143,42829,454,42375,Australia,Private room,1,1,85,0,,,,f,1
11085543,42830,445,42385,Australia,Entire home/apt,1,1,99,1,10,10,8,f,1
14613506,42830,448,42382,Australia,Entire home/apt,2.5,1,180,0,,,,f,1
11397460,42830,416,42414,Australia,Entire home/apt,1,2,191,0,,,,f,1
16966392,42829,1430,41399,Australia,Entire home/apt,1,1,129,2,10,10,9,f,1
12839509,42830,1236,41594,Australia,Entire home/apt,1,1,191,5,10,10,9,f,1
13118058,42829,1137,41692,Australia,Entire home/apt,1,0,110,37,9,10,10,f,1
13363311,42830,479,42351,Australia,Entire home/apt,1,2,255,1,10,10,10,f,1
13363220,42830,1561,41269,Australia,Private room,1,1,66,1,10,10,10,f,1
13366230,42830,545,42285,Australia,Entire home/apt,3,4,451,0,,,,f,1
13819976,42829,693,42136,Australia,Entire home/apt,1,1,150,0,,,,f,1
16010082,42829,391,42438,Australia,Shared room,1,1,50,0,,,,t,1
16115074,42829,195,42634,Australia,Shared room,1,1,50,0,,,,f,1
3964435,42830,1450,41380,Australia,Entire home/apt,1.5,2,335,67,8,10,9,t,1
15591661,42830,1612,41218,Australia,Entire home/apt,3.5,3,399,0,,,,f,1
13694461,42830,284,42546,Australia,Shared room,1,1,30,0,,,,t,1
12636202,42829,369,42460,Australia,Entire home/apt,1,2,380,1,,,,t,1
15857564,42830,513,42317,Australia,Entire home/apt,3,4,750,0,,,,f,1
7009727,42830,672,42158,Australia,Shared room,2,1,35,6,8,10,8,f,1
16017739,42830,900,41930,Australia,Private room,1,1,55,2,9,10,9,f,1
7009512,42829,671,42158,Australia,Shared room,2,1,35,3,5,8,6,f,1
14941119,42830,1106,41724,Australia,Entire home/apt,1,2,292,13,9,10,9,t,1
16442203,42829,356,42473,Australia,Entire home/apt,1,2,300,0,,,,t,1
4952417,42829,1793,41036,Australia,Entire home/apt,1,1,183,3,10,9,9,f,1
15990424,42830,1312,41518,Australia,Entire home/apt,1,1,499,0,,,,f,1
16167645,42829,519,42310,Australia,Entire home/apt,2,3,600,0,,,,f,1
9348104,42829,513,42316,Australia,Entire home/apt,1,1,321,0,,,,f,1
9814631,42829,741,42088,Australia,Entire home/apt,1,1,50,5,9,10,9,t,1
792908,42828,1597,41231,Australia,Entire home/apt,1.5,3,480,2,10,9,10,f,1
15847318,42829,1536,41293,Australia,Entire home/apt,1,3,374,1,10,10,10,f,1
14203740,42829,1139,41690,Australia,Entire home/apt,2,5,625,0,,,,f,1
18007741,42829,528,42301,Australia,Entire home/apt,1,2,160,0,,,,f,1
458203,42830,2536,40294,Australia,Entire home/apt,1,3,321,38,9,10,9,f,1
3970454,42829,1160,41669,Australia,Entire home/apt,1,0,129,37,10,10,9,f,1
9943436,42829,1016,41813,Australia,Entire home/apt,1,0,150,1,10,10,10,f,1
15398503,42830,181,42649,Australia,Entire home/apt,1,1,120,13,10,10,10,t,1
8373877,42829,1261,41568,Australia,Entire home/apt,1,1,135,1,2,6,6,f,1
4779612,42830,848,41982,Australia,Entire home/apt,1,1,150,11,8,10,9,f,1
14014526,42829,512,42317,Australia,Entire home/apt,2,2,250,1,10,10,10,f,1
2160836,42830,1187,41643,Australia,Entire home/apt,1,0,181,89,9,10,9,f,1
9157703,42829,523,42306,Australia,Entire home/apt,1,2,169,6,7,9,8,t,1
9945268,42829,479,42350,Australia,Entire home/apt,1,1,300,0,,,,f,1
15319415,42829,1215,41614,Australia,Entire home/apt,1,0,91,19,10,10,9,f,1
1297922,42829,2085,40744,Australia,Entire home/apt,2,3,650,3,10,10,10,t,1
7040995,42830,1142,41688,Australia,Entire home/apt,1,1,250,9,9,10,9,f,1
5963486,42830,1743,41087,Australia,Entire home/apt,1,2,180,0,,,,f,1
16338202,42829,1995,40834,Australia,Entire home/apt,1.5,3,180,2,9,9,9,f,1
9232792,42829,519,42310,Australia,Entire home/apt,1,1,110,32,9,9,9,t,1
3272050,42830,1558,41272,Australia,Entire home/apt,1,1,91,124,8,9,8,f,1
564646,42829,1740,41089,Australia,Entire home/apt,1,2,240,8,9,10,10,f,1
16339640,42828,1827,41001,Australia,Entire home/apt,1,2,350,0,,,,f,1
7531456,42830,1227,41603,Australia,Entire home/apt,1,1,191,21,10,10,9,f,1
15440036,42829,1135,41694,Australia,Entire home/apt,1,2,200,0,,,,t,1
16290251,42829,1777,41052,Australia,Entire home/apt,1,2,206,0,,,,f,1
12974830,42830,499,42331,Australia,Entire home/apt,2,3,200,2,8,8,10,f,1
10136190,42829,1132,41697,Australia,Entire home/apt,1,1,219,19,10,10,9,f,1
1456441,42828,1501,41327,Australia,Entire home/apt,1,2,165,18,8,10,9,f,1
2748776,42830,1742,41088,Australia,Entire home/apt,1,1,146,38,10,10,10,f,1
15718903,42829,159,42670,Australia,Entire home/apt,1,3,330,1,10,10,8,t,1
16445121,42830,1270,41560,Australia,Entire home/apt,1,1,219,0,,,,f,1
4775671,42829,1206,41623,Australia,Entire home/apt,2,2,244,4,9,9,9,f,1
17884008,42829,429,42400,Australia,Entire home/apt,1,2,250,0,,,,t,1
15046364,42829,1695,41134,Australia,Entire home/apt,1,2,166,5,10,10,10,t,1
2561344,42828,1116,41712,Australia,Entire home/apt,1,1,140,3,10,10,10,t,1
4926021,42829,1657,41172,Australia,Entire home/apt,1,0,160,5,9,10,10,f,1
4569536,42829,896,41933,Australia,Entire home/apt,1,0,125,74,10,10,10,f,1
12117514,42830,1157,41673,Australia,Entire home/apt,1,1,141,14,9,10,9,t,1
5435114,42829,772,42057,Australia,Private room,1,1,70,1,,,,f,1
7245992,42829,671,42158,Australia,Entire home/apt,1,1,135,0,,,,f,1
17498071,42830,1020,41810,Australia,Entire home/apt,1,2,130,0,,,,t,1
17734758,42829,1127,41702,Australia,Entire home/apt,1,2,180,0,,,,t,1
9827246,42830,592,42238,Australia,Entire home/apt,1,1,215,0,,,,f,1
16326382,42829,557,42272,Australia,Entire home/apt,1,2,300,5,9,10,10,f,1
16966814,42829,932,41897,Australia,Entire home/apt,1,1,113,0,,,,f,1
4683014,42830,860,41970,Australia,Entire home/apt,1,2,150,1,4,8,6,f,1
9409552,42830,948,41882,Australia,Entire home/apt,1,2,80,1,6,10,6,f,1
12990691,42828,511,42317,Australia,Entire home/apt,1.5,1,160,1,8,8,6,f,1
9478849,42829,1777,41052,Australia,Entire home/apt,1,2,451,2,10,10,8,f,1
14154263,42830,1075,41755,Australia,Entire home/apt,1,2,200,13,9,9,8,f,1
7827980,42828,600,42228,Australia,Entire home/apt,1,2,201,0,,,,f,1
12498758,42829,512,42317,Australia,Entire home/apt,2,3,255,0,,,,f,1
9214840,42829,1299,41530,Australia,Entire home/apt,1,2,330,0,,,,f,1
11641990,42829,394,42435,Australia,Entire home/apt,1,2,219,0,,,,f,1
4503876,42829,882,41947,Australia,Entire home/apt,1,1,275,9,10,10,10,f,1
16811226,42829,397,42432,Australia,Entire home/apt,2,1,131,2,10,10,10,f,1
9334691,42830,514,42316,Australia,Entire home/apt,1,1,129,1,10,8,10,f,1
720697,42830,1648,41182,Australia,Entire home/apt,1,2,135,6,9,10,9,f,1
4450514,42830,889,41941,Australia,Entire home/apt,1,2,348,6,8,10,8,t,1
10660895,42829,442,42387,Australia,Entire home/apt,2,3,254,2,10,10,10,f,1
17033256,42830,1254,41576,Australia,Entire home/apt,1,1,150,1,10,10,10,t,1
12435577,42829,903,41926,Australia,Entire home/apt,1,1,91,0,,,,f,1
2072584,42829,1208,41621,Australia,Entire home/apt,1,1,150,7,9,10,9,f,1
15047968,42829,394,42435,Australia,Entire home/apt,0,1,81,4,10,10,9,f,1
5830946,42830,737,42093,Australia,Entire home/apt,1,3,252,3,10,9,10,f,1
11640121,42829,439,42390,Australia,Entire home/apt,4,4,750,1,10,10,10,f,1
1985996,42829,1444,41385,Australia,Entire home/apt,1,1,100,1,10,10,10,f,1
15791985,42830,1778,41052,Australia,Entire home/apt,1,3,225,0,,,,f,1
15857003,42829,681,42148,Australia,Entire home/apt,1,1,275,0,,,,f,1
13629909,42830,288,42542,Australia,Entire home/apt,1,2,175,30,8,10,8,t,1
758949,42829,1813,41016,Australia,Entire home/apt,1,2,181,21,9,9,9,f,1
6022999,42830,1106,41724,Australia,Entire home/apt,1,1,130,7,10,9,9,f,1
16085806,42830,1157,41673,Australia,Entire home/apt,2.5,3,928,1,10,10,10,f,1
17942797,42829,639,42190,Australia,Entire home/apt,1,1,129,0,,,,f,1
9189689,42829,521,42308,Australia,Entire home/apt,1,2,180,2,10,10,10,f,1
11891526,42830,1345,41485,Australia,Entire home/apt,1,2,219,1,6,10,8,f,1
17285173,42829,353,42476,Australia,Entire home/apt,1,2,219,0,,,,t,1
834874,42829,1577,41252,Australia,Entire home/apt,1,2,300,3,7,9,9,f,1
12691871,42830,345,42485,Australia,Entire home/apt,2,2,70,1,8,10,10,f,1
4342459,42829,2314,40515,Australia,Entire home/apt,1,1,116,1,,,,t,1
7054509,42829,1734,41095,Australia,Entire home/apt,2,2,349,1,8,10,8,f,1
17029635,42829,1777,41052,Australia,Entire home/apt,1,2,191,1,10,8,10,f,1
1877335,42829,1422,41407,Australia,Entire home/apt,1,3,250,66,9,10,9,f,1
16479970,42830,104,42726,Australia,Entire home/apt,2,2,480,8,9,9,8,f,1
8538675,42828,558,42270,Australia,Entire home/apt,2,2,149,2,8,10,10,f,1
17466574,42829,1412,41417,Australia,Entire home/apt,1,1,200,0,,,,f,1
6338318,42829,695,42134,Australia,Entire home/apt,1,1,116,2,10,10,10,f,1
16861128,42829,707,42122,Australia,Entire home/apt,1,2,300,2,10,10,10,f,1
11053793,42829,1093,41736,Australia,Entire home/apt,1.5,2,150,2,10,10,10,f,1
15440701,42829,1072,41757,Australia,Entire home/apt,2,2,250,3,10,10,10,t,1
9371476,42830,1279,41551,Australia,Entire home/apt,1,1,233,1,10,10,10,f,1
11803897,42829,443,42386,Australia,Entire home/apt,1,1,130,9,8,10,8,f,1
2672392,42829,2477,40352,Australia,Entire home/apt,1,1,110,6,10,10,9,f,1
2012657,42829,1220,41609,Australia,Entire home/apt,1,1,200,8,9,10,10,f,1
5686443,42829,1041,41788,Australia,Entire home/apt,2,2,725,0,,,,f,1
16318464,42828,375,42453,Australia,Entire home/apt,1,0,109,21,10,10,9,t,1
5395811,42828,1304,41524,Australia,Private room,1,1,75,18,9,10,10,f,1
15860089,42828,1755,41073,Australia,Entire home/apt,1,2,360,3,10,10,10,f,1
11665786,42828,1628,41200,Australia,Private room,2,1,37,0,,,,f,1
9961652,42828,1729,41099,Australia,Entire home/apt,1,2,284,3,10,10,10,f,1
9633986,42828,728,42100,Australia,Entire home/apt,1,1,160,0,,,,f,1
10027391,42828,1206,41622,Australia,Entire home/apt,1,1,201,3,8,10,10,f,1
15991038,42828,524,42304,Australia,Private room,1,1,105,1,10,10,10,f,1
17629621,42828,385,42443,Australia,Entire home/apt,2,3,201,5,10,9,10,f,1
9961741,42828,531,42297,Australia,Entire home/apt,1,2,300,4,9,10,10,f,1
16384396,42828,626,42202,Australia,Entire home/apt,1,2,300,0,,,,f,1
6066694,42828,715,42113,Australia,Entire home/apt,2.5,3,750,1,10,10,10,f,1
13435215,42828,446,42382,Australia,Private room,1,1,25,1,4,8,8,f,1
16056666,42828,1881,40947,Australia,Entire home/apt,1.5,2,170,4,6,10,7,f,1
9830756,42828,1255,41573,Australia,Entire home/apt,1,1,100,2,10,10,10,f,1
16974836,42828,235,42593,Australia,Entire home/apt,1,1,170,2,9,10,10,f,1
2099061,42828,1201,41627,Australia,Private room,2,1,83,1,10,10,10,f,1
4720503,42828,1685,41143,Australia,Entire home/apt,1,1,130,9,9,10,9,f,1
9701242,42828,601,42227,Australia,Entire home/apt,1,2,190,0,,,,f,1
18023451,42828,703,42125,Australia,Private room,1,2,60,0,,,,t,1
3147646,42828,1048,41780,Australia,Private room,1,1,50,1,8,10,10,f,1
15664190,42828,1065,41763,Australia,Entire home/apt,1,1,121,1,10,10,8,f,1
8652684,42828,1225,41603,Australia,Entire home/apt,1,1,201,0,,,,f,1
9373060,42828,511,42317,Australia,Entire home/apt,1,2,119,0,,,,f,1
5572031,42828,1393,41435,Australia,Entire home/apt,2,2,139,8,9,10,9,f,1
5375932,42828,777,42051,Australia,Entire home/apt,2,2,439,3,10,10,10,f,1
10160061,42828,638,42190,Australia,Private room,1,1,69,5,9,10,10,f,1
4458441,42828,886,41942,Australia,Entire home/apt,1,1,149,0,,,,f,1
16383169,42828,110,42718,Australia,Entire home/apt,1,2,250,0,,,,f,1
13567477,42828,1212,41616,Australia,Entire home/apt,2,3,350,1,10,10,8,f,1
15075282,42828,378,42450,Australia,Entire home/apt,1,1,149,4,10,10,10,f,1
11994659,42828,427,42401,Australia,Entire home/apt,1,3,28,0,,,,f,1
12135601,42828,1525,41303,Australia,Entire home/apt,1,1,300,0,,,,f,1
15992372,42828,1059,41769,Australia,Entire home/apt,1,2,190,3,10,10,10,t,1
7997417,42828,1122,41706,Australia,Shared room,1,1,35,0,,,,t,1
12191288,42828,1143,41685,Australia,Entire home/apt,1,2,240,6,10,10,10,f,1
2033231,42828,1216,41612,Australia,Entire home/apt,1,1,180,2,10,10,9,f,1
14747315,42828,1363,41465,Australia,Entire home/apt,3,3,457,2,9,10,9,t,1
9983605,42828,1457,41371,Australia,Private room,1,1,85,6,10,9,9,f,1
14223050,42828,2534,40294,Australia,Entire home/apt,1,1,229,5,9,10,8,f,1
15861454,42828,1161,41667,Australia,Entire home/apt,2,3,160,0,,,,f,1
4336592,42828,923,41905,Australia,Entire home/apt,3,5,700,0,,,,f,1
9176818,42828,521,42307,Australia,Entire home/apt,1,2,199,0,,,,f,1
17499925,42828,176,42652,Australia,Entire home/apt,2,2,156,0,,,,f,1
8913195,42828,1839,40989,Australia,Private room,1,1,85,16,10,10,9,f,1
12715795,42828,511,42317,Australia,Entire home/apt,1,2,204,0,,,,f,1
591662,42828,1948,40880,Australia,Entire home/apt,1,2,250,22,9,10,9,f,1
10749765,42828,438,42390,Australia,Private room,1,1,69,1,10,10,10,f,1
657175,42828,1688,41140,Australia,Entire home/apt,1,2,159,3,10,10,9,f,1
8390662,42828,1363,41465,Australia,Entire home/apt,3,4,817,0,,,,f,1
8960429,42828,1361,41467,Australia,Entire home/apt,1,2,299,1,10,8,8,f,1
5244955,42828,790,42038,Australia,Entire home/apt,1,2,122,9,8,10,9,t,1
4720678,42828,954,41874,Australia,Entire home/apt,1,2,201,4,9,10,9,f,1
7735346,42828,606,42222,Australia,Entire home/apt,1,1,119,2,7,9,9,f,1
1968189,42828,1229,41599,Australia,Entire home/apt,1,2,250,1,10,10,10,f,1
13174863,42828,2534,40294,Australia,Entire home/apt,2,4,849,0,,,,f,1
17762448,42828,541,42287,Australia,Private room,2,1,55,1,10,10,,f,1
16058506,42828,1134,41694,Australia,Private room,1,1,69,4,10,10,10,f,1
3147921,42828,1065,41763,Australia,Entire home/apt,2,3,450,8,9,10,10,f,1
4413137,42828,1143,41685,Australia,Entire home/apt,1,1,94,2,10,10,9,f,1
1247395,42828,1729,41099,Australia,Entire home/apt,1,2,450,13,10,10,10,f,1
8447495,42828,1470,41358,Australia,Entire home/apt,1,2,249,5,8,9,9,f,1
13044842,42828,1723,41105,Australia,Private room,1,1,75,3,10,10,10,f,1
9721705,42828,879,41949,Australia,Private room,1,1,149,0,,,,f,1
16059510,42828,472,42356,Australia,Entire home/apt,1,2,182,1,10,10,10,f,1
16059514,42828,1743,41085,Australia,Private room,1,1,94,3,10,10,9,f,1
8849673,42828,1385,41443,Australia,Private room,2,1,100,0,,,,t,1
16517387,42828,1117,41711,Australia,Private room,1,1,85,1,,,,f,1
2689296,42828,1835,40993,Australia,Entire home/apt,1,2,152,1,6,10,6,f,1
14159010,42828,988,41840,Australia,Entire home/apt,3,5,499,0,,,,t,1
4655392,42828,862,41966,Australia,Entire home/apt,2.5,3,849,15,10,10,9,f,1
14813479,42828,219,42609,Australia,Entire home/apt,1,2,220,3,10,10,8,f,1
15075633,42828,612,42216,Australia,Private room,1,1,79,18,9,10,9,t,1
4589874,42828,1049,41779,Australia,Private room,1,1,90,45,9,10,9,f,1
16976190,42828,1459,41369,Australia,Entire home/apt,2,2,322,0,,,,f,1
13240650,42828,310,42518,Australia,Entire home/apt,2.5,3,750,0,,,,f,1
15993203,42828,138,42690,Australia,Entire home/apt,1,1,185,1,10,10,10,f,1
10946965,42828,429,42399,Australia,Entire home/apt,2,2,250,0,,,,f,1
16124316,42828,1580,41248,Australia,Entire home/apt,1,2,281,3,10,10,8,f,1
4721064,42828,1036,41792,Australia,Entire home/apt,1,1,100,11,9,10,9,f,1
492064,42828,1780,41048,Australia,Entire home/apt,1,0,176,34,9,10,9,f,1
4131276,42828,940,41888,Australia,Entire home/apt,2,1,250,3,10,10,10,f,1
9964005,42828,638,42190,Australia,Private room,1,1,75,6,10,10,10,f,1
9439718,42828,1363,41465,Australia,Entire home/apt,2,3,598,0,,,,f,1
12474108,42828,592,42236,Australia,Entire home/apt,2,2,400,6,10,9,9,t,1
13306347,42828,1363,41465,Australia,Entire home/apt,1,2,180,5,9,10,10,t,1
6018939,42828,1071,41757,Australia,Private room,1,1,90,0,,,,f,1
11969636,42828,1530,41298,Australia,Private room,1,1,55,1,8,10,8,f,1
16058880,42828,1078,41750,Australia,Private room,1,1,165,25,10,10,9,t,1
4655627,42828,1436,41392,Australia,Entire home/apt,1,2,165,11,10,10,10,f,1
12978720,42828,1229,41599,Australia,Entire home/apt,2,1,849,0,,,,f,1
9699760,42828,491,42337,Australia,Private room,1,1,50,2,10,10,10,f,1
16976429,42828,1356,41472,Australia,Entire home/apt,1,1,163,1,10,10,10,t,1
1575523,42828,1317,41511,Australia,Entire home/apt,2,4,750,4,10,10,10,f,1
8587282,42828,554,42274,Australia,Entire home/apt,1,1,300,2,8,9,7,f,1
13568651,42828,881,41947,Australia,Private room,1,1,66,26,9,10,10,f,1
3690292,42828,1563,41265,Australia,Private room,1,1,80,9,10,10,10,f,1
9374363,42828,1212,41616,Australia,Entire home/apt,2,3,395,39,10,10,9,f,1
15665832,42828,181,42647,Australia,Private room,2,1,100,13,10,10,9,t,1
17894067,42828,711,42117,Australia,Private room,1,1,55,0,,,,f,1
1903287,42828,1257,41571,Australia,Entire home/apt,1,2,149,6,9,10,9,f,1
12257991,42828,362,42466,Australia,Entire home/apt,1,1,201,1,6,10,10,f,1
264925,42828,1972,40856,Australia,Entire home/apt,2,3,400,7,8,10,9,f,1
841522,42828,1778,41050,Australia,Entire home/apt,1,2,220,3,7,9,9,t,1
16845635,42828,279,42549,Australia,Entire home/apt,1,2,265,0,,,,f,1
4459345,42828,1693,41135,Australia,Entire home/apt,1,1,160,23,9,10,9,f,1
4787045,42828,1226,41602,Australia,Entire home/apt,1,2,177,15,9,10,10,f,1
3869557,42828,964,41864,Australia,Entire home/apt,3,5,551,3,9,9,9,f,1
15816516,42828,1363,41465,Australia,Entire home/apt,3,4,520,0,,,,f,1
9636791,42828,495,42333,Australia,Entire home/apt,1,1,121,8,10,10,10,f,1
16930635,42828,1380,41448,Australia,Entire home/apt,1,0,149,0,,,,t,1
9374692,42828,1056,41772,Australia,Private room,1,1,69,6,10,10,10,f,1
13831150,42828,1015,41813,Australia,Entire home/apt,2,3,419,0,,,,f,1
5311471,42828,895,41933,Australia,Entire home/apt,2,3,201,0,,,,f,1
4721653,42828,853,41975,Australia,Entire home/apt,1,2,350,2,9,10,10,f,1
15207415,42828,2037,40791,Australia,Entire home/apt,1,2,160,4,10,10,10,f,1
13962232,42828,1664,41164,Australia,Entire home/apt,1,0,90,0,,,,f,1
9374735,42828,42828,,Australia,Entire home/apt,2,4,459,2,10,8,7,f,1
4656155,42828,1104,41724,Australia,Entire home/apt,1,1,204,5,10,9,9,f,1
15862824,42828,151,42677,Australia,Entire home/apt,1,1,100,1,10,10,8,f,1
8850487,42828,2244,40584,Australia,Entire home/apt,1,2,281,1,10,10,10,f,1
17370176,42828,1584,41244,Australia,Entire home/apt,2,2,195,0,,,,f,1
9702475,42828,506,42322,Australia,Private room,1,1,66,4,10,9,10,f,1
2034767,42828,1505,41323,Australia,Entire home/apt,1,1,121,2,10,10,10,f,1
1641560,42828,1322,41506,Australia,Entire home/apt,1.5,3,499,1,10,8,10,f,1
986193,42828,1529,41299,Australia,Entire home/apt,1,2,249,30,9,10,9,f,1
16712233,42828,351,42477,Australia,Private room,1,1,85,4,10,10,10,f,1
17763675,42828,865,41963,Australia,Entire home/apt,1,1,149,1,10,10,10,t,1
3013812,42828,1058,41770,Australia,Entire home/apt,1,2,165,2,7,10,9,f,1
11996554,42828,783,42045,Australia,Private room,1,1,55,0,,,,f,1
8849178,42828,1462,41366,Australia,Private room,1,1,89,24,9,10,9,f,1
16059780,42828,959,41869,Australia,Entire home/apt,1,2,201,7,10,10,10,f,1
8850716,42828,553,42275,Australia,Entire home/apt,1,2,180,11,10,10,10,f,1
12258595,42828,362,42466,Australia,Private room,1,1,55,0,,,,t,1
16059694,42828,133,42695,Australia,Entire home/apt,1,1,350,1,10,10,10,f,1
3935540,42828,1049,41779,Australia,Private room,1,1,201,9,9,10,10,f,1
15535490,42828,1812,41016,Australia,Private room,1,1,100,0,,,,f,1
13500982,42828,673,42155,Australia,Private room,1,1,45,0,,,,f,1
15404272,42828,211,42617,Australia,Entire home/apt,1,1,94,0,,,,f,1
10423504,42828,1768,41060,Australia,Entire home/apt,2,3,325,64,9,10,9,t,1
16519346,42828,1734,41094,Australia,Private room,1,1,60,0,,,,f,1
5640384,42828,887,41941,Australia,Entire home/apt,1,1,350,0,,,,f,1
16199134,42828,808,42020,Australia,Private room,1,1,113,1,8,8,8,f,1
16915067,42828,654,42174,Australia,Private room,1,1,75,2,9,10,10,f,1
17961156,42828,1069,41759,Australia,Entire home/apt,1,1,176,0,,,,f,1
9712582,42828,990,41838,Australia,Entire home/apt,1,1,201,0,,,,f,1
12390626,42828,511,42317,Australia,Entire home/apt,1,1,155,3,7,9,9,f,1
16327772,42828,473,42355,Australia,Entire home/apt,1,2,298,1,10,10,10,f,1
3878381,42828,1531,41297,Australia,Entire home/apt,1,1,185,2,9,10,10,f,1
7679475,42828,664,42164,Australia,Private room,1,1,55,0,,,,f,1
8395419,42828,670,42158,Australia,Shared room,2,1,39,1,10,10,10,f,1
9722309,42828,714,42114,Australia,Entire home/apt,2,2,201,0,,,,t,1
818492,42828,1584,41244,Australia,Entire home/apt,2,2,313,7,10,10,10,f,1
16002552,42828,765,42063,Australia,Entire home/apt,1,2,300,1,10,10,10,f,1
8596993,42828,1434,41394,Australia,Entire home/apt,2,3,450,2,10,10,8,f,1
13048484,42828,322,42506,Australia,Private room,1,1,100,0,,,,f,1
12917415,42828,1085,41743,Australia,Entire home/apt,2,3,281,13,9,10,10,f,1
12332547,42828,358,42470,Australia,Entire home/apt,1,3,250,0,,,,f,1
15929644,42828,1720,41108,Australia,Entire home/apt,1,3,901,0,,,,f,1
14845044,42828,411,42417,Australia,Private room,1,1,50,5,9,10,10,f,1
9244976,42828,1227,41601,Australia,Private room,1,1,83,31,10,10,10,f,1
9842222,42828,803,42025,Australia,Private room,1,3,50,0,,,,f,1
10228056,42828,474,42354,Australia,Private room,1,1,236,0,,,,f,1
110790,42828,2209,40619,Australia,Entire home/apt,1,2,149,11,9,9,9,f,1
16847190,42828,109,42719,Australia,Shared room,2,1,45,2,10,10,10,f,1
14888505,42828,1271,41557,Australia,Entire home/apt,1,1,145,7,10,10,10,f,1
9186875,42828,2127,40701,Australia,Entire home/apt,1,2,225,4,9,10,10,t,1
2764352,42828,1118,41710,Australia,Private room,1,1,50,0,,,,t,1
16259845,42828,511,42317,Australia,Entire home/apt,3,3,815,0,,,,f,1
1909953,42828,1241,41587,Australia,Entire home/apt,2,2,295,1,8,10,8,t,1
865104,42828,1553,41275,Australia,Entire home/apt,1,2,160,36,5,9,7,f,1
11729878,42828,732,42096,Australia,Entire home/apt,1,1,284,39,10,10,10,f,1
15606987,42828,1379,41449,Australia,Entire home/apt,1,1,185,1,10,10,10,f,1
4271697,42828,912,41916,Australia,Entire home/apt,1,1,400,0,,,,f,1
5190632,42828,796,42032,Australia,Private room,1.5,1,41,3,10,10,10,f,1
16915141,42828,180,42648,Australia,Private room,1,2,55,4,10,10,10,t,1
11803423,42828,1179,41649,Australia,Private room,1,1,85,12,10,10,10,f,1
6429474,42828,687,42141,Australia,Private room,1,1,110,0,,,,f,1
13982055,42828,2158,40670,Australia,Entire home/apt,1,3,299,0,,,,f,1
13048626,42828,343,42485,Australia,Entire home/apt,1,1,85,0,,,,f,1
5321715,42828,794,42034,Australia,Entire home/apt,1,2,170,1,10,10,8,f,1
1907504,42828,1903,40925,Australia,Entire home/apt,2,5,634,6,9,10,9,t,1
4424433,42828,1073,41755,Australia,Entire home/apt,4.5,4,3000,0,,,,f,1
7281465,42828,632,42196,Australia,Entire home/apt,1,2,149,10,10,10,10,f,1
16262381,42828,1728,41100,Australia,Entire home/apt,1,2,225,1,8,10,8,f,1
1451244,42828,1503,41325,Australia,Entire home/apt,1,1,190,3,9,10,9,f,1
16196862,42828,301,42527,Australia,Private room,1,1,69,2,8,10,10,f,1
16456538,42828,304,42524,Australia,Private room,1,1,71,0,,,,f,1
16352811,42828,412,42416,Australia,Private room,1,1,83,2,10,10,10,f,1
798327,42828,1595,41233,Australia,Entire home/apt,2.5,3,339,30,9,10,9,f,1
1774010,42828,1273,41555,Australia,Private room,1,1,100,22,10,10,10,f,1
9713063,42828,491,42337,Australia,Entire home/apt,2,3,300,2,8,9,6,f,1
15473516,42828,1169,41659,Australia,Entire home/apt,1,2,185,1,8,10,6,f,1
3147712,42828,1044,41784,Australia,Entire home/apt,1,2,100,0,,,,f,1
15744993,42828,156,42672,Australia,Entire home/apt,1,1,267,2,10,10,9,f,1
10230651,42828,473,42355,Australia,Entire home/apt,1,2,180,12,9,10,10,t,1
16002718,42828,898,41930,Australia,Private room,1,1,58,1,,10,10,f,1
1511912,42828,1363,41465,Australia,Entire home/apt,5,6,2500,0,,,,f,1
13832685,42828,273,42555,Australia,Entire home/apt,1,2,75,17,8,9,8,t,1
10233137,42828,812,42016,Australia,Entire home/apt,1,2,375,0,,,,f,1
18029455,42828,1850,40978,Australia,Entire home/apt,1,0,130,0,,,,t,1
11873942,42828,1007,41821,Australia,Private room,1,1,84,38,9,10,9,t,1
2438152,42828,1771,41057,Australia,Entire home/apt,1,2,450,0,,,,f,1
4662604,42828,861,41967,Australia,Entire home/apt,1,1,499,0,,,,f,1
12521980,42828,1067,41761,Australia,Entire home/apt,2,2,190,1,10,10,10,f,1
10621438,42828,443,42385,Australia,Entire home/apt,2,4,750,0,,,,f,1
8524299,42828,1289,41539,Australia,Entire home/apt,2,2,300,2,7,10,9,f,1
16587691,42828,869,41959,Australia,Private room,1,1,75,13,9,10,9,f,1
4759567,42828,1203,41625,Australia,Private room,1,1,80,1,10,10,10,f,1
9907907,42828,523,42305,Australia,Private room,1,1,60,0,,,,f,1
12133729,42828,1393,41435,Australia,Entire home/apt,2,2,180,5,10,9,9,f,1
15735744,42828,313,42515,Australia,Entire home/apt,1,2,199,1,10,10,10,f,1
2827622,42828,1080,41748,Australia,Entire home/apt,2.5,4,522,6,10,10,10,f,1
4730565,42828,852,41976,Australia,Entire home/apt,1,2,400,23,9,10,9,f,1
16456646,42828,1129,41699,Australia,Entire home/apt,1,1,170,2,10,10,10,f,1
5708726,42828,747,42081,Australia,Entire home/apt,1,3,330,69,10,10,10,f,1
5582541,42828,757,42071,Australia,Entire home/apt,2,3,400,1,6,10,10,f,1
11851869,42828,2007,40821,Australia,Private room,1,1,90,9,6,10,8,f,1
9187029,42828,671,42157,Australia,Entire home/apt,1,1,149,1,10,10,10,f,1
8720947,42828,1395,41433,Australia,Entire home/apt,1,2,180,8,10,10,9,f,1
13903257,42828,1458,41370,Australia,Entire home/apt,1,2,499,0,,,,f,1
10269529,42828,1539,41289,Australia,Entire home/apt,1,1,160,5,9,10,10,f,1
16101199,42828,676,42152,Australia,Private room,1,1,85,16,10,9,9,t,1
1975735,42828,1825,41003,Australia,Entire home/apt,2,3,195,4,8,10,9,f,1
16454207,42828,880,41948,Australia,Private room,1,1,69,0,,,,f,1
17892938,42828,660,42168,Australia,Private room,1,1,100,0,,,,f,1
4850441,42828,1217,41611,Australia,Entire home/apt,3,5,650,11,9,10,9,f,1
1910212,42828,1779,41049,Australia,Entire home/apt,1,1,185,2,10,10,9,f,1
16393669,42828,1589,41239,Australia,Entire home/apt,1,2,290,1,,,,t,1
12327930,42828,358,42470,Australia,Private room,1,1,69,3,9,9,9,f,1
16002804,42828,139,42689,Australia,Private room,1,1,262,0,,,,t,1
4395617,42828,1659,41169,Australia,Entire home/apt,1,1,201,6,8,10,8,f,1
6754926,42828,739,42089,Australia,Entire home/apt,2,2,125,3,6,10,9,f,1
4730615,42828,1163,41665,Australia,Entire home/apt,2,2,450,1,10,10,10,f,1
8529363,42828,558,42270,Australia,Entire home/apt,1,1,121,2,10,10,10,f,1
13177459,42828,2534,40294,Australia,Entire home/apt,2,4,990,0,,,,f,1
2038800,42828,1215,41613,Australia,Entire home/apt,2,2,290,7,9,10,10,f,1
4228269,42828,967,41861,Australia,Private room,1,1,90,36,10,10,9,f,1
11915380,42828,406,42422,Australia,Entire home/apt,1,2,149,1,10,10,10,f,1
16784424,42828,916,41912,Australia,Private room,1,1,85,5,10,10,10,f,1
8133676,42828,706,42122,Australia,Entire home/apt,1,2,220,5,9,10,10,f,1
14558725,42828,522,42306,Australia,Entire home/apt,2.5,2,1000,0,,,,f,1
1844738,42828,1686,41142,Australia,Entire home/apt,2,3,350,2,6,9,7,f,1
17638920,42828,25,42803,Australia,Private room,1,1,48,0,,,,f,1
12327995,42828,881,41947,Australia,Entire home/apt,1,1,121,5,9,10,10,f,1
14621760,42828,227,42601,Australia,Entire home/apt,1,1,90,0,,,,f,1
2172438,42828,1182,41646,Australia,Entire home/apt,4.5,4,750,7,10,10,10,f,1
16849993,42828,74,42754,Australia,Entire home/apt,2,3,901,0,,,,t,1
16964913,42828,67,42761,Australia,Entire home/apt,1,1,156,0,,,,f,1
16397363,42828,1231,41597,Australia,Entire home/apt,2,3,1600,4,10,10,10,t,1
4987984,42828,1746,41082,Australia,Entire home/apt,1,1,225,6,10,10,9,f,1
9187116,42828,521,42307,Australia,Entire home/apt,1,1,125,2,8,10,9,f,1
2432077,42828,1595,41233,Australia,Private room,1,1,110,47,10,10,10,f,1
16135006,42828,458,42370,Australia,Entire home/apt,1,3,750,4,10,10,10,t,1
15904613,42828,228,42600,Australia,Entire home/apt,1,1,155,7,10,10,10,f,1
16396090,42828,109,42719,Australia,Shared room,2,1,45,0,,,,f,1
16002867,42828,138,42690,Australia,Entire home/apt,3,3,450,1,10,10,10,f,1
16192773,42828,777,42051,Australia,Entire home/apt,1,1,281,1,10,10,8,f,1
9182329,42828,1363,41465,Australia,Entire home/apt,1,1,328,0,,,,f,1
12330591,42828,989,41839,Australia,Private room,1,1,68,0,,,,f,1
16723793,42828,981,41847,Australia,Private room,1,1,59,3,9,10,10,f,1
15381406,42828,2686,40142,Australia,Entire home/apt,1,2,370,6,10,10,9,f,1
4218170,42828,1089,41739,Australia,Entire home/apt,1,2,375,1,10,10,10,f,1
6730384,42828,740,42088,Australia,Entire home/apt,1,3,220,4,10,10,10,f,1
15148666,42828,1042,41786,Australia,Entire home/apt,1,2,400,0,,,,f,1
56842,42828,2534,40294,Australia,Entire home/apt,1,1,225,10,8,10,8,f,1
5116704,42828,804,42024,Australia,Entire home/apt,1,2,400,12,9,10,10,f,1
4002593,42828,946,41882,Australia,Private room,1,1,42,6,9,9,9,f,1
12325671,42828,838,41990,Australia,Entire home/apt,1,1,170,2,10,10,9,f,1
17420972,42828,766,42062,Australia,Entire home/apt,1,2,375,0,,,,f,1
11740806,42828,1921,40907,Australia,Private room,1,1,140,19,10,10,10,f,1
16113225,42828,1711,41117,Australia,Private room,1,1,121,7,10,10,10,f,1
12328130,42828,394,42434,Australia,Entire home/apt,1,1,100,0,,,,f,1
9580408,42828,498,42330,Australia,Entire home/apt,1,0,105,4,9,9,8,f,1
16068476,42828,1855,40973,Australia,Entire home/apt,2.5,3,400,1,10,10,10,f,1
5512395,42828,765,42063,Australia,Entire home/apt,2.5,2,375,0,,,,f,1
11871912,42828,2534,40294,Australia,Entire home/apt,2,3,551,1,10,10,10,f,1
14558900,42828,522,42306,Australia,Entire home/apt,3.5,3,1199,0,,,,f,1
2041490,42828,1214,41614,Australia,Entire home/apt,1,2,149,76,9,10,9,f,1
15604948,42828,434,42394,Australia,Entire home/apt,2,3,600,0,,,,f,1
594779,42828,1724,41104,Australia,Entire home/apt,3,5,590,1,8,10,10,t,1
17995247,42828,851,41977,Australia,Private room,1,1,130,0,,,,f,1
1779341,42828,1829,40999,Australia,Entire home/apt,1,2,153,123,9,10,9,t,1
16257890,42828,557,42271,Australia,Entire home/apt,2,3,201,0,,,,t,1
5051237,42828,811,42017,Australia,Entire home/apt,2,3,450,10,10,10,10,f,1
4272004,42828,910,41918,Australia,Entire home/apt,1,2,201,2,10,9,9,f,1
10027837,42828,1289,41539,Australia,Entire home/apt,4,3,950,0,,,,t,1
2075846,42828,1232,41596,Australia,Private room,1,1,80,1,8,10,8,f,1
16978814,42828,1094,41734,Australia,Private room,1,3,80,1,10,10,10,f,1
11677582,42828,742,42086,Australia,Private room,1,1,60,2,10,9,10,f,1
10235798,42828,463,42365,Australia,Private room,1,1,59,2,10,10,10,f,1
12131594,42828,376,42452,Australia,Entire home/apt,1,2,385,9,9,10,10,t,1
5561303,42828,760,42068,Australia,Entire home/apt,1,1,170,8,8,9,8,f,1
15086673,42828,281,42547,Australia,Entire home/apt,3,4,800,0,,,,f,1
4818562,42828,1407,41421,Australia,Entire home/apt,1,2,551,5,8,9,9,f,1
11085584,42828,1780,41048,Australia,Entire home/apt,1,2,235,1,10,10,10,f,1
9842603,42828,484,42344,Australia,Private room,1,1,149,1,,,,t,1
16328473,42828,116,42712,Australia,Private room,1,1,69,2,10,10,10,f,1
14692273,42828,1079,41749,Australia,Private room,1,1,115,1,4,10,6,f,1
13772570,42828,1677,41151,Australia,Entire home/apt,1,2,201,5,10,10,9,f,1
1910557,42828,1240,41588,Australia,Entire home/apt,2,2,349,14,10,10,9,t,1
16986042,42828,495,42333,Australia,Entire home/apt,1,1,149,0,,,,t,1
16454597,42828,106,42722,Australia,Entire home/apt,2,2,575,0,,,,t,1
6626617,42828,673,42155,Australia,Entire home/apt,2,2,400,3,9,9,9,f,1
1713966,42828,2534,40294,Australia,Entire home/apt,1,2,300,4,8,9,8,f,1
10126559,42828,478,42350,Australia,Private room,1,1,69,3,10,10,10,t,1
6493146,42828,683,42145,Australia,Private room,1,1,90,0,,,,f,1
9318346,42828,873,41955,Australia,Entire home/apt,1,1,250,0,,,,f,1
16265165,42828,1363,41465,Australia,Entire home/apt,2,4,996,0,,,,f,1
11345232,42828,1179,41649,Australia,Entire home/apt,1,3,370,11,9,10,10,f,1
7679955,42828,610,42218,Australia,Entire home/apt,1,1,275,0,,,,f,1
1908053,42828,1241,41587,Australia,Entire home/apt,1,2,201,2,10,10,8,f,1
16986065,42828,245,42583,Australia,Private room,1,1,100,1,10,10,10,f,1
16454633,42828,1512,41316,Australia,Entire home/apt,1,2,121,0,,,,f,1
8136559,42828,581,42247,Australia,Entire home/apt,1,1,240,1,10,10,10,t,1
8597475,42828,562,42266,Australia,Entire home/apt,2.5,4,650,0,,,,f,1
17046903,42828,830,41998,Australia,Private room,1,1,55,1,10,10,10,f,1
4577854,42828,871,41957,Australia,Private room,1,1,90,4,9,9,9,t,1
9578359,42828,1751,41077,Australia,Entire home/apt,2,4,350,27,8,10,9,f,1
4206581,42828,1187,41641,Australia,Entire home/apt,1,1,225,5,8,9,9,f,1
10104836,42828,1710,41118,Australia,Private room,1,1,66,2,10,10,10,f,1
17374603,42828,838,41990,Australia,Private room,2,1,69,0,,,,t,1
14428055,42828,1103,41725,Australia,Entire home/apt,1,1,250,7,9,10,9,f,1
13770119,42828,1456,41372,Australia,Private room,1,1,121,3,7,10,8,f,1
11303319,42828,1016,41812,Australia,Entire home/apt,1,1,135,1,10,10,10,f,1
5386253,42828,776,42052,Australia,Entire home/apt,1,2,125,10,10,10,9,f,1
9903525,42828,1281,41547,Australia,Private room,1,1,69,0,,,,f,1
10411354,42828,1776,41052,Australia,Entire home/apt,2,4,450,0,,,,f,1
8726450,42828,546,42282,Australia,Entire home/apt,2,3,290,1,10,,,f,1
4663219,42828,1510,41318,Australia,Entire home/apt,1,0,201,7,9,10,9,f,1
16263093,42828,1784,41044,Australia,Entire home/apt,1,2,380,2,10,10,10,f,1
15015350,42828,1517,41311,Australia,Entire home/apt,5,4,1500,0,,,,f,1
16651358,42828,181,42647,Australia,Private room,1,1,66,1,10,10,10,f,1
2629055,42828,1302,41526,Australia,Entire home/apt,3,3,360,1,10,8,10,f,1
8597542,42828,1183,41645,Australia,Entire home/apt,1,1,105,13,9,9,9,f,1
17423339,42828,1776,41052,Australia,Entire home/apt,2,2,350,0,,,,f,1
4532191,42828,877,41951,Australia,Entire home/apt,1,2,229,6,10,10,9,f,1
15345650,42828,636,42192,Australia,Entire home/apt,1,1,125,2,9,10,10,f,1
4007930,42828,1166,41662,Australia,Entire home/apt,2,3,499,3,10,10,10,f,1
9973807,42828,1436,41392,Australia,Entire home/apt,1,2,499,0,,,,f,1
16725127,42828,1487,41341,Australia,Private room,1,2,96,0,,,,t,1
9376900,42828,912,41916,Australia,Entire home/apt,1,1,197,1,10,4,6,t,1
16263172,42828,119,42709,Australia,Entire home/apt,1,2,160,0,,,,f,1
16195037,42828,615,42213,Australia,Private room,1,1,69,2,8,10,10,f,1
15932905,42828,1189,41639,Australia,Entire home/apt,2,4,901,0,,,,t,1
16058563,42828,1138,41690,Australia,Entire home/apt,1.5,3,250,0,,,,f,1
5774828,42828,1092,41736,Australia,Private room,1.5,1,149,1,10,10,6,f,1
11808838,42828,385,42443,Australia,Private room,1,1,85,1,10,10,8,f,1
11479074,42828,1187,41641,Australia,Private room,1,1,132,1,10,10,10,t,1
15804448,42828,152,42676,Australia,Private room,1,1,79,10,10,10,10,f,1
16004250,42828,670,42158,Australia,Private room,1,1,35,0,,,,t,1
16396382,42828,109,42719,Australia,Private room,2,1,117,0,,,,t,1
6191415,42828,706,42122,Australia,Entire home/apt,1.5,3,300,9,10,10,10,f,1
8134195,42828,1363,41465,Australia,Entire home/apt,2,3,208,1,6,10,8,f,1
1976420,42828,1997,40831,Australia,Entire home/apt,1,3,1250,2,10,10,10,f,1
16588349,42828,1835,40993,Australia,Private room,1,1,89,4,10,10,10,f,1
733291,42828,1665,41163,Australia,Entire home/apt,1,2,320,4,9,10,8,f,1
14887003,42828,213,42615,Australia,Entire home/apt,1,0,128,29,10,10,9,t,1
15411379,42828,1807,41021,Australia,Entire home/apt,1,1,250,2,9,10,10,t,1
9316246,42828,856,41972,Australia,Entire home/apt,1,2,290,2,10,10,10,f,1
10102915,42828,475,42353,Australia,Entire home/apt,1,1,130,1,10,10,10,f,1
16585965,42828,579,42249,Australia,Private room,1,1,60,2,9,9,10,f,1
17702486,42828,673,42155,Australia,Private room,1,1,75,1,10,10,10,f,1
16428586,42828,465,42363,Australia,Entire home/apt,1,2,350,2,10,10,8,f,1
14952605,42828,1665,41163,Australia,Private room,1,1,66,3,10,10,10,f,1
1976485,42828,1227,41601,Australia,Entire home/apt,2,4,950,0,,,,f,1
15739032,42828,175,42653,Australia,Private room,1,1,69,12,9,10,9,t,1
4665460,42828,1230,41598,Australia,Private room,2,1,94,80,10,10,10,f,1
16192784,42828,615,42213,Australia,Entire home/apt,2,2,395,7,10,10,9,t,1
3223704,42828,1555,41273,Australia,Entire home/apt,1,2,235,0,,,,t,1
4532409,42828,877,41951,Australia,Entire home/apt,1,1,100,1,8,8,8,f,1
9831302,42828,484,42344,Australia,Entire home/apt,2,4,304,1,8,8,8,f,1
12394106,42828,1096,41732,Australia,Private room,1,1,60,1,8,10,10,f,1
15668539,42828,1645,41183,Australia,Private room,1,1,100,0,,,,f,1
11607688,42828,396,42432,Australia,Entire home/apt,1,1,1000,0,,,,t,1
5375695,42828,818,42010,Australia,Entire home/apt,1,0,160,20,9,10,10,f,1
13579450,42828,754,42074,Australia,Entire home/apt,1,2,125,1,10,10,10,f,1
12788305,42828,338,42490,Australia,Private room,1,1,60,0,,,,f,1
15806645,42828,421,42407,Australia,Entire home/apt,1,1,350,0,,,,f,1
4729053,42828,853,41975,Australia,Entire home/apt,1.5,2,551,6,9,10,9,f,1
7151252,42828,639,42189,Australia,Entire home/apt,2,1,149,4,9,10,10,f,1
13047116,42828,792,42036,Australia,Private room,1,1,50,3,10,10,10,f,1
16286606,42828,1038,41790,Australia,Private room,1,1,75,2,10,10,10,t,1
9576098,42828,1205,41623,Australia,Entire home/apt,1,2,350,0,,,,f,1
646516,42828,1694,41134,Australia,Entire home/apt,3,4,551,4,9,8,9,t,1
6871664,42828,1902,40926,Australia,Private room,1,1,89,23,10,10,9,f,1
17833649,42828,611,42217,Australia,Private room,1,1,77,0,,,,f,1
17503635,42828,480,42348,Australia,Entire home/apt,1,1,201,0,,,,f,1
15872206,42828,296,42532,Australia,Entire home/apt,1,2,350,0,,,,f,1
10127393,42828,816,42012,Australia,Entire home/apt,1,2,350,15,10,10,9,f,1
9908441,42828,676,42152,Australia,Entire home/apt,1,1,130,7,9,10,9,f,1
16068830,42828,220,42608,Australia,Entire home/apt,1,2,220,5,9,10,10,t,1
17372599,42828,485,42343,Australia,Entire home/apt,1,1,240,3,9,10,10,f,1
16263489,42828,1344,41484,Australia,Entire home/apt,1,1,149,1,10,10,10,t,1
17110483,42828,719,42109,Australia,Private room,1,1,75,6,9,10,10,f,1
7549168,42828,617,42211,Australia,Entire home/apt,3,3,575,1,10,10,10,f,1
10039542,42828,474,42354,Australia,Entire home/apt,1,2,149,1,6,10,6,f,1
16370843,42828,1212,41616,Australia,Entire home/apt,1,2,201,0,,,,f,1
1257706,42828,1948,40880,Australia,Entire home/apt,1,1,180,34,10,10,10,f,1
11675996,42828,1236,41592,Australia,Entire home/apt,1,0,164,9,9,10,9,f,1
17597351,42828,1282,41546,Australia,Entire home/apt,1,1,101,1,10,10,10,f,1
15343378,42828,1336,41492,Australia,Private room,1.5,1,80,7,9,9,9,t,1
15424570,42828,176,42652,Australia,Entire home/apt,1,1,140,11,9,10,9,t,1
12719606,42828,341,42487,Australia,Entire home/apt,1,1,100,1,8,10,10,f,1
16586234,42828,768,42060,Australia,Entire home/apt,1,0,125,13,10,10,10,f,1
4665599,42828,2129,40699,Australia,Entire home/apt,1,2,499,2,8,10,8,f,1
16454659,42828,948,41880,Australia,Private room,1,1,220,3,10,10,10,f,1
15633899,42828,1103,41725,Australia,Private room,1,2,186,1,10,10,10,f,1
10103161,42828,470,42358,Australia,Private room,1,1,80,19,9,10,10,f,1
5584094,42828,757,42071,Australia,Entire home/apt,2.5,4,950,2,10,10,10,f,1
16324141,42828,114,42714,Australia,Entire home/apt,1,1,149,0,,,,f,1
17707303,42828,377,42451,Australia,Entire home/apt,1,2,201,0,,,,t,1
1714609,42828,1831,40997,Australia,Entire home/apt,1,2,180,10,9,10,9,f,1
16258106,42828,958,41870,Australia,Entire home/apt,1,1,190,1,10,10,10,f,1
10037687,42828,1287,41541,Australia,Private room,1,1,50,4,10,9,10,f,1
1847612,42828,1261,41567,Australia,Entire home/apt,1,1,250,0,,,,f,1
13380042,42828,353,42475,Australia,Private room,1,1,499,0,,,,f,1
7875014,42828,598,42230,Australia,Entire home/apt,1,2,250,1,10,10,10,f,1
17702803,42828,1550,41278,Australia,Entire home/apt,1,1,180,2,10,10,10,f,1
16914010,42828,747,42081,Australia,Entire home/apt,2.5,3,330,4,10,10,10,f,1
16457647,42828,103,42725,Australia,Entire home/apt,1,0,121,2,6,8,6,t,1
9712899,42828,491,42337,Australia,Entire home/apt,1,1,220,8,10,10,10,f,1
16057491,42828,1776,41052,Australia,Entire home/apt,2,6,655,0,,,,f,1
13380071,42828,1175,41653,Australia,Entire home/apt,1,2,180,1,10,10,10,t,1
16394745,42828,328,42500,Australia,Private room,1,2,110,12,10,10,10,t,1
10235499,42828,1229,41599,Australia,Private room,1,1,400,39,10,10,10,f,1
16261074,42828,421,42407,Australia,Entire home/apt,1,1,110,0,,,,t,1
9796437,42828,1320,41508,Australia,Entire home/apt,1,2,190,0,,,,f,1
15182393,42828,2534,40294,Australia,Entire home/apt,3,5,849,1,10,10,10,f,1
5321115,42828,782,42046,Australia,Entire home/apt,1.5,1,85,0,,,,f,1
5641879,42828,843,41985,Australia,Private room,1,1,90,25,8,10,9,f,1
11807251,42828,1188,41640,Australia,Private room,1,1,85,0,,,,f,1
15734470,42828,1222,41606,Australia,Entire home/apt,1,2,201,0,,,,f,1
10166262,42828,892,41936,Australia,Entire home/apt,1,3,499,1,10,10,10,f,1
6756043,42828,936,41892,Australia,Private room,1,1,71,9,10,10,10,f,1
8521044,42828,569,42259,Australia,Entire home/apt,1,2,450,1,10,10,10,f,1
11088311,42828,1053,41775,Australia,Entire home/apt,2,2,250,0,,,,f,1
4988924,42828,1166,41662,Australia,Shared room,1,1,69,0,,,,f,1
17969908,42828,4,42824,Australia,Private room,1,1,87,0,,,,t,1
16520911,42828,378,42450,Australia,Private room,1,1,66,1,8,10,10,t,1
12857791,42828,334,42494,Australia,Entire home/apt,1,1,130,3,10,10,10,t,1
17181248,42828,809,42019,Australia,Private room,1,1,50,3,8,10,7,f,1
8596037,42828,1113,41715,Australia,Entire home/apt,1,1,149,2,10,10,9,f,1
15734495,42828,213,42615,Australia,Entire home/apt,3.5,4,600,1,8,10,10,f,1
17705553,42828,500,42328,Australia,Private room,1,1,90,0,,,,f,1
13644253,42828,285,42543,Australia,Entire home/apt,1,2,159,0,,,,f,1
12072227,42828,460,42368,Australia,Private room,1,1,66,0,,,,f,1
15511993,42828,257,42571,Australia,Entire home/apt,2,4,400,2,8,10,8,f,1
10688235,42828,1714,41114,Australia,Entire home/apt,1,2,225,2,9,9,9,f,1
10368299,42828,1279,41549,Australia,Entire home/apt,1,2,430,0,,,,f,1
16986598,42828,308,42520,Australia,Entire home/apt,2,3,300,0,,,,f,1
12134990,42828,807,42021,Australia,Entire home/apt,1,1,219,66,10,10,9,t,1
12528236,42828,1628,41200,Australia,Private room,1,1,69,5,10,10,10,f,1
1775363,42828,1272,41556,Australia,Entire home/apt,3,6,750,4,9,10,8,f,1
16324356,42828,273,42555,Australia,Entire home/apt,1,1,149,1,10,10,8,f,1
14954987,42828,1050,41778,Australia,Entire home/apt,1,3,315,2,10,10,8,f,1
9579135,42828,499,42329,Australia,Entire home/apt,1,2,100,2,9,10,10,f,1
16652052,42828,1069,41759,Australia,Entire home/apt,1,1,165,0,,,,f,1
15806964,42828,152,42676,Australia,Entire home/apt,1,0,225,2,10,10,8,t,1
16004393,42828,138,42690,Australia,Entire home/apt,2,4,300,3,10,10,9,f,1
12115369,42828,1776,41052,Australia,Entire home/apt,1,2,325,3,9,10,9,f,1
14884957,42828,212,42616,Australia,Private room,1,1,130,1,,,,t,1
4663951,42828,1363,41465,Australia,Entire home/apt,2,4,357,0,,,,f,1
11739219,42828,389,42439,Australia,Private room,1,1,75,39,9,10,9,f,1
13702962,42828,281,42547,Australia,Private room,1.5,1,50,0,,,,t,1
5969721,42828,1066,41762,Australia,Private room,1,1,75,0,,,,f,1
10039813,42828,474,42354,Australia,Entire home/apt,1,1,170,3,9,8,7,f,1
16654454,42828,1371,41457,Australia,Entire home/apt,1,1,300,0,,,,f,1
12136970,42828,1262,41566,Australia,Entire home/apt,1,2,600,12,10,10,10,f,1
17110857,42828,163,42665,Australia,Entire home/apt,1,2,214,6,10,10,9,f,1
16189531,42828,576,42252,Australia,Entire home/apt,2,1,281,0,,,,t,1
16394954,42828,793,42035,Australia,Private room,1,1,90,0,,,,f,1
17045341,42828,999,41829,Australia,Private room,1,1,66,0,,,,f,1
9775822,42828,771,42057,Australia,Private room,1,1,140,0,,,,f,1
5447857,42828,769,42059,Australia,Private room,1,1,100,1,10,8,8,f,1
16263900,42828,393,42435,Australia,Entire home/apt,1,2,149,1,10,10,10,f,1
17176430,42828,1776,41052,Australia,Entire home/apt,2,2,346,0,,,,f,1
5841088,42828,1370,41458,Australia,Entire home/apt,1,1,110,7,9,10,9,f,1
5838704,42828,1530,41298,Australia,Entire home/apt,1,2,337,3,9,10,9,f,1
9120480,42828,524,42304,Australia,Entire home/apt,2.5,4,499,0,,,,f,1
17572029,42828,1435,41393,Australia,Private room,1,1,60,0,,,,f,1
4795111,42828,845,41983,Australia,Entire home/apt,1,1,262,4,7,10,8,f,1
8071916,42828,2534,40294,Australia,Entire home/apt,3,4,1370,0,,,,f,1
13316678,42828,802,42026,Australia,Entire home/apt,2,2,300,0,,,,f,1
16396862,42828,1139,41689,Australia,Private room,1,2,79,5,10,10,10,t,1
3282813,42828,1029,41799,Australia,Private room,1,1,60,4,9,10,9,f,1
9122371,42828,2141,40687,Australia,Entire home/apt,1,1,265,1,10,10,10,t,1
6957839,42828,1181,41647,Australia,Entire home/apt,1,1,201,1,6,8,8,f,1
15807805,42828,739,42089,Australia,Entire home/apt,1,2,121,6,9,10,10,f,1
1847883,42828,1686,41142,Australia,Entire home/apt,1,3,350,2,8,10,8,f,1
5906696,42828,890,41938,Australia,Entire home/apt,1,2,180,0,,,,f,1
16457996,42828,103,42725,Australia,Entire home/apt,1,1,149,0,,,,f,1
2304807,42828,1160,41668,Australia,Entire home/apt,1,0,100,31,9,10,9,f,1
16397643,42828,108,42720,Australia,Entire home/apt,1.5,3,400,0,,,,f,1
13982430,42828,654,42174,Australia,Entire home/apt,1,1,199,1,,,,f,1
15412035,42828,495,42333,Australia,Private room,1,1,100,1,10,10,8,f,1
11416170,42828,1241,41587,Australia,Private room,2,1,60,0,,,,f,1
3282871,42828,1384,41444,Australia,Entire home/apt,1,2,201,5,9,10,9,f,1
9579323,42828,1340,41488,Australia,Entire home/apt,1,2,169,53,10,9,9,t,1
1054663,42828,1510,41318,Australia,Entire home/apt,1,2,201,10,9,10,9,f,1
4403825,42828,1776,41052,Australia,Entire home/apt,1,1,170,5,9,10,10,f,1
16521166,42828,1131,41697,Australia,Entire home/apt,1,2,140,4,7,10,9,f,1
6562137,42828,2424,40404,Australia,Entire home/apt,2,2,391,1,10,10,10,t,1
11481716,42828,1218,41610,Australia,Entire home/apt,1,1,90,18,9,10,9,f,1
13967718,42828,1385,41443,Australia,Entire home/apt,1,2,121,7,9,9,9,f,1
9908871,42828,943,41885,Australia,Entire home/apt,1.5,3,750,0,,,,f,1
13676428,42828,792,42036,Australia,Entire home/apt,1,1,100,1,8,10,8,t,1
16264074,42828,804,42024,Australia,Entire home/apt,1,1,180,0,,,,t,1
6959168,42828,1189,41639,Australia,Private room,0,1,69,20,10,10,10,f,1
5320805,42828,1391,41437,Australia,Entire home/apt,2,2,229,12,9,10,10,t,1
16396955,42828,108,42720,Australia,Entire home/apt,1,0,229,1,10,10,10,f,1
12921802,42828,1522,41306,Australia,Private room,1,1,60,0,,,,f,1
17963042,42828,422,42406,Australia,Private room,2.5,1,55,0,,,,f,1
4858279,42828,836,41992,Australia,Entire home/apt,1,1,170,0,,,,f,1
2962128,42828,1064,41764,Australia,Entire home/apt,1,1,176,1,10,8,10,f,1
3242749,42828,1652,41176,Australia,Private room,2,1,73,0,,,,f,1
16367406,42828,670,42158,Australia,Entire home/apt,1,2,215,4,9,10,10,f,1
7351272,42828,868,41960,Australia,Private room,1,1,69,3,10,10,10,f,1
863201,42828,1556,41272,Australia,Private room,2,1,79,53,9,10,9,f,1
8724914,42828,726,42102,Australia,Entire home/apt,1,2,320,1,8,10,8,f,1
3353578,42828,1620,41208,Australia,Private room,1,1,69,31,10,10,10,f,1
4598781,42828,1082,41746,Australia,Entire home/apt,1,1,160,4,9,9,8,f,1
4151652,42828,936,41892,Australia,Entire home/apt,1,1,170,5,8,10,8,f,1
863219,42828,1835,40993,Australia,Private room,1,1,85,49,9,9,9,f,1
10368499,42828,1705,41123,Australia,Entire home/apt,1,2,178,4,10,10,9,f,1
17176702,42828,54,42774,Australia,Entire home/apt,1,2,520,0,,,,f,1
11404309,42828,428,42400,Australia,Entire home/apt,1,2,250,11,10,10,9,f,1
13579643,42828,961,41867,Australia,Private room,1,1,37,1,10,10,10,f,1
2302431,42828,1163,41665,Australia,Entire home/apt,1,3,274,75,10,10,9,f,1
273477,42828,1961,40867,Australia,Entire home/apt,3,3,385,1,10,10,10,f,1
6627852,42828,842,41986,Australia,Entire home/apt,3,4,499,5,9,10,9,t,1
15739998,42828,156,42672,Australia,Entire home/apt,1,1,60,8,9,10,10,t,1
9188113,42828,817,42011,Australia,Private room,1,1,115,16,10,10,10,f,1
15933983,42828,615,42213,Australia,Entire home/apt,1,2,364,16,9,10,9,t,1
9755081,42828,1246,41582,Australia,Entire home/apt,1,2,185,56,9,10,9,f,1
15931569,42828,253,42575,Australia,Private room,1,1,66,4,10,10,10,t,1
3814806,42828,1268,41560,Australia,Entire home/apt,3,3,450,0,,,,f,1
3344619,42828,1297,41531,Australia,Entire home/apt,2,3,480,35,10,10,10,f,1
2103486,42828,1200,41628,Australia,Entire home/apt,1,1,201,8,9,10,9,f,1
6428868,42828,1002,41826,Australia,Private room,1.5,1,90,0,,,,f,1
10498848,42828,458,42370,Australia,Entire home/apt,1,2,325,5,10,10,10,f,1
15106874,42828,1827,41001,Australia,Entire home/apt,2,0,499,1,,,,t,1
9907328,42828,481,42347,Australia,Private room,1,1,33,1,8,10,10,t,1
10497157,42828,630,42198,Australia,Private room,1,1,48,0,,,,f,1
16101007,42828,273,42555,Australia,Entire home/apt,1,1,135,1,2,8,8,f,1
12989234,42828,327,42501,Australia,Entire home/apt,2,3,700,0,,,,f,1
17532782,42828,32,42796,Australia,Private room,1,1,50,0,,,,f,1
1647178,42828,2534,40294,Australia,Entire home/apt,3,5,928,0,,,,f,1
268499,42828,1967,40861,Australia,Entire home/apt,1.5,1,400,2,9,10,9,f,1
16987534,42828,792,42036,Australia,Entire home/apt,1,2,220,2,10,10,10,f,1
3482200,42828,1106,41722,Australia,Entire home/apt,1.5,1,142,4,9,10,10,f,1
14431034,42828,238,42590,Australia,Entire home/apt,1,2,281,4,10,10,10,f,1
7807584,42828,1374,41454,Australia,Entire home/apt,1,2,159,1,8,10,8,f,1
9777983,42828,1004,41824,Australia,Private room,1,1,69,0,,,,f,1
9577071,42828,2173,40655,Australia,Entire home/apt,1,2,149,3,10,10,10,f,1
13380791,42828,1891,40937,Australia,Private room,1,1,69,0,,,,f,1
14028005,42828,1010,41818,Australia,Entire home/apt,3,4,499,5,8,10,9,f,1
13383064,42828,512,42316,Australia,Entire home/apt,1,2,109,3,10,10,9,f,1
10367824,42828,608,42220,Australia,Entire home/apt,1,1,125,1,10,10,10,f,1
15934100,42828,971,41857,Australia,Entire home/apt,1,1,80,0,,,,f,1
5319886,42828,2534,40294,Australia,Entire home/apt,2,4,400,0,,,,f,1
17893241,42828,329,42499,Australia,Entire home/apt,1,2,185,0,,,,f,1
16259352,42828,372,42456,Australia,Entire home/apt,1,1,140,0,,,,f,1
13834526,42828,273,42555,Australia,Private room,2,1,50,0,,,,f,1
16392903,42828,1764,41064,Australia,Private room,1,1,80,9,10,10,10,f,1
10754345,42828,438,42390,Australia,Entire home/apt,2,3,250,1,10,10,10,f,1
8924403,42828,1158,41670,Australia,Entire home/apt,1,1,140,6,10,10,10,t,1
9514221,42828,503,42325,Australia,Entire home/apt,1,1,300,1,10,10,10,f,1
16003197,42828,969,41859,Australia,Entire home/apt,1,0,90,0,,,,t,1
16387954,42828,188,42640,Australia,Private room,1,1,89,1,10,10,8,f,1
659320,42828,1726,41102,Australia,Entire home/apt,1.5,2,201,9,9,9,9,f,1
1972546,42828,1228,41600,Australia,Entire home/apt,1,1,142,57,10,10,9,f,1
4862824,42828,836,41992,Australia,Private room,1,1,80,3,7,9,10,f,1
8785796,42828,543,42285,Australia,Entire home/apt,2,2,300,0,,,,f,1
12392784,42828,382,42446,Australia,Private room,1,1,149,4,9,9,9,f,1
9574733,42828,499,42329,Australia,Private room,1,1,83,38,10,10,10,f,1
16786200,42828,2184,40644,Australia,Private room,1,1,244,0,,,,f,1
16067872,42828,1088,41740,Australia,Entire home/apt,1,1,100,3,9,10,10,f,1
3610991,42828,1739,41089,Australia,Entire home/apt,1,2,201,6,8,10,9,f,1
16917280,42828,70,42758,Australia,Private room,1,1,79,0,,,,f,1
10038571,42828,830,41998,Australia,Private room,1,1,66,13,10,9,9,f,1
16723250,42828,1385,41443,Australia,Private room,1,2,66,0,,,,t,1
4533556,42828,932,41896,Australia,Entire home/apt,1,2,250,7,10,10,9,f,1
9116027,42828,525,42303,Australia,Entire home/apt,2,2,281,1,6,10,8,t,1
16461114,42828,681,42147,Australia,Entire home/apt,1,1,139,0,,,,f,1
1387836,42828,1358,41470,Australia,Entire home/apt,1,2,160,7,8,10,9,f,1
8722821,42828,1552,41276,Australia,Entire home/apt,1,0,145,20,9,10,9,f,1
7283522,42828,1393,41435,Australia,Entire home/apt,1,1,149,7,9,10,9,f,1
4425187,42828,1059,41769,Australia,Entire home/apt,1,2,290,1,10,10,8,f,1
1584462,42828,1316,41512,Australia,Entire home/apt,1,1,119,3,9,9,9,f,1
268699,42828,1966,40862,Australia,Private room,1,1,79,26,9,10,9,f,1
16652720,42828,482,42346,Australia,Entire home/apt,1,1,110,0,,,,f,1
15834915,42828,249,42579,Australia,Entire home/apt,3,4,600,5,10,10,10,f,1
16587173,42828,1117,41711,Australia,Private room,2,3,60,3,8,9,9,f,1
10888039,42828,1140,41688,Australia,Entire home/apt,2,2,499,1,10,10,8,f,1
13900213,42828,1327,41501,Australia,Entire home/apt,1,2,100,3,10,10,10,f,1
15606632,42828,1173,41655,Australia,Entire home/apt,1,1,197,3,7,7,7,f,1
2628011,42828,1107,41721,Australia,Entire home/apt,1,1,250,47,10,10,9,f,1
15538624,42828,179,42649,Australia,Private room,1,2,80,1,10,10,10,f,1
16655223,42828,1429,41399,Australia,Private room,1,1,79,5,10,10,10,f,1
7215563,42828,636,42192,Australia,Private room,1.5,1,55,2,8,10,10,f,1
10367124,42828,870,41958,Australia,Entire home/apt,1,1,176,1,10,10,10,f,1
10706305,42828,2022,40806,Australia,Entire home/apt,1,1,149,6,9,10,10,f,1
13834711,42828,273,42555,Australia,Entire home/apt,1,1,100,0,,,,t,1
11285400,42828,1196,41632,Australia,Entire home/apt,1,2,225,9,10,10,10,f,1
8815279,42828,1533,41295,Australia,Entire home/apt,1,1,300,4,9,10,10,f,1
14951317,42828,1050,41778,Australia,Entire home/apt,1,1,185,0,,,,f,1
5321278,42828,782,42046,Australia,Entire home/apt,1,1,201,18,10,10,10,f,1
16917404,42828,155,42673,Australia,Shared room,1,1,30,0,,,,t,1
4664696,42828,1643,41185,Australia,Private room,1,1,80,26,8,9,9,t,1
14094394,42828,659,42169,Australia,Entire home/apt,1,1,80,0,,,,f,1
14555641,42828,384,42444,Australia,Entire home/apt,2.5,4,1000,0,,,,f,1
16917437,42828,235,42593,Australia,Entire home/apt,1,2,176,8,10,10,10,t,1
10038679,42828,847,41981,Australia,Entire home/apt,1,1,115,2,10,10,8,f,1
17703887,42828,896,41932,Australia,Entire home/apt,1,1,201,0,,,,f,1
13045835,42828,1230,41598,Australia,Entire home/apt,2,3,391,2,10,10,10,f,1
15647604,42828,1584,41244,Australia,Entire home/apt,2,2,358,0,,,,t,1
17900508,42828,1237,41591,Australia,Private room,2,1,190,0,,,,t,1
14749776,42828,683,42145,Australia,Private room,1,1,100,7,10,10,10,f,1
16397231,42828,229,42599,Australia,Private room,1,1,75,0,,,,f,1
9668507,42828,539,42289,Australia,Entire home/apt,3,4,750,0,,,,t,1
6020591,42828,1310,41518,Australia,Entire home/apt,1,2,149,67,9,10,9,f,1
8327259,42828,2212,40616,Australia,Entire home/apt,1,2,250,0,,,,f,1
730113,42828,1638,41190,Australia,Private room,,1,121,2,10,9,9,f,1
5582251,42828,1194,41634,Australia,Entire home/apt,1,1,185,14,10,10,10,f,1
16265800,42828,118,42710,Australia,Entire home/apt,1,2,156,6,8,9,9,t,1
3220501,42828,1035,41793,Australia,Private room,1,1,149,0,,,,f,1
3086933,42828,1692,41136,Australia,Entire home/apt,1,2,149,3,9,9,9,f,1
8723030,42828,560,42268,Australia,Entire home/apt,2,2,400,1,10,10,10,f,1
15347129,42828,1612,41216,Australia,Private room,1,1,105,3,10,10,10,f,1
5249623,42828,1416,41412,Australia,Private room,1,1,121,1,10,10,10,t,1
16068039,42828,187,42641,Australia,Entire home/apt,1,1,250,1,8,10,10,f,1
5708383,42828,1020,41808,Australia,Entire home/apt,2,3,350,0,,,,t,1
10232865,42828,462,42366,Australia,Entire home/apt,1,2,180,1,6,10,8,f,1
7548364,42828,1343,41485,Australia,Entire home/apt,1,2,176,7,9,10,10,f,1
13378600,42828,671,42157,Australia,Entire home/apt,1,2,300,0,,,,f,1
7483982,42828,1363,41465,Australia,Entire home/apt,2,4,468,0,,,,f,1
8740667,42828,1126,41702,Australia,Entire home/apt,1,1,149,6,9,10,8,f,1
8799333,42828,575,42253,Australia,Private room,1,1,69,2,9,10,9,f,1
5651319,42828,1017,41811,Australia,Entire home/apt,1,2,499,4,9,10,10,f,1
10107773,42828,469,42359,Australia,Private room,1,1,75,4,10,8,8,f,1
9756484,42828,1886,40942,Australia,Entire home/apt,1,2,250,1,10,10,8,f,1
801713,42828,1593,41235,Australia,Private room,1,1,60,7,10,10,10,f,1
5194865,42828,1475,41353,Australia,Entire home/apt,2,4,590,5,10,10,10,f,1
1260530,42828,1392,41436,Australia,Entire home/apt,1,3,320,147,9,10,9,f,1
16860291,42828,444,42384,Australia,Private room,1,1,90,4,10,9,9,f,1
15632907,42828,1009,41819,Australia,Private room,1,1,100,3,8,10,9,f,1
9979017,42828,607,42221,Australia,Private room,1,1,51,1,8,10,10,f,1
57183,42828,1902,40926,Australia,Entire home/apt,1,1,149,94,9,10,9,f,1
12214117,42828,429,42399,Australia,Entire home/apt,3,3,300,0,,,,t,1
2047082,42828,1212,41616,Australia,Private room,1,1,75,11,9,10,9,f,1
11551890,42828,399,42429,Australia,Private room,1,1,100,0,,,,f,1
16139407,42828,1499,41329,Australia,Private room,1,1,114,1,10,10,10,f,1
12011098,42828,913,41915,Australia,Entire home/apt,1,2,201,2,9,9,9,f,1
13384918,42828,301,42527,Australia,Private room,1,1,50,0,,,,t,1
1260805,42828,1393,41435,Australia,Private room,1,1,94,3,9,9,9,f,1
16137495,42828,242,42586,Australia,Private room,1,1,64,0,,,,t,1
9452820,42828,1712,41116,Australia,Private room,1,1,55,29,10,9,9,t,1
10108220,42828,511,42317,Australia,Entire home/apt,1,1,419,0,,,,f,1
5651776,42828,1226,41602,Australia,Entire home/apt,1,2,450,3,10,10,9,f,1
7552327,42828,815,42013,Australia,Private room,1,1,80,0,,,,f,1
6010083,42828,1651,41177,Australia,Entire home/apt,1,1,180,0,,,,f,1
15010359,42828,963,41865,Australia,Shared room,1,1,35,13,9,10,10,f,1
9649495,42828,1148,41680,Australia,Entire home/apt,1,1,155,2,10,10,10,f,1
16072035,42828,1256,41572,Australia,Private room,1,1,149,1,10,10,8,f,1
16729251,42828,82,42746,Australia,Entire home/apt,1,0,119,13,10,10,10,t,1
9846163,42828,1211,41617,Australia,Entire home/apt,2,3,800,15,10,10,9,f,1
9152926,42828,523,42305,Australia,Entire home/apt,1,0,94,0,,,,f,1
10042849,42828,779,42049,Australia,Private room,1,1,80,0,,,,f,1
8994288,42828,538,42290,Australia,Entire home/apt,2,3,330,4,10,10,10,f,1
10042868,42828,1776,41052,Australia,Entire home/apt,1,2,320,0,,,,f,1
13385214,42828,1955,40873,Australia,Private room,1,1,130,10,8,10,9,f,1
15089157,42828,1469,41359,Australia,Private room,1,1,69,0,,,,t,1
3096070,42828,1103,41725,Australia,Entire home/apt,4,5,1199,9,9,10,9,f,1
11615777,42828,395,42433,Australia,Shared room,2,1,28,0,,,,f,1
15220272,42828,1195,41633,Australia,Entire home/apt,1,1,149,4,10,10,10,f,1
9977400,42828,916,41912,Australia,Private room,1,1,60,1,8,10,10,f,1
16006720,42828,1012,41816,Australia,Entire home/apt,1,1,250,1,4,10,4,f,1
9977415,42828,477,42351,Australia,Entire home/apt,1,1,201,0,,,,f,1
2178632,42828,1584,41244,Australia,Entire home/apt,2,2,281,0,,,,f,1
821859,42828,1582,41246,Australia,Entire home/apt,1,3,201,3,9,9,9,f,1
14892622,42828,607,42221,Australia,Entire home/apt,1,1,100,1,,,,f,1
16072303,42828,642,42186,Australia,Entire home/apt,1,2,250,0,,,,f,1
14827134,42828,1042,41786,Australia,Entire home/apt,4,4,2500,0,,,,f,1
14169365,42828,253,42575,Australia,Entire home/apt,1,1,210,1,,,,t,1
13254282,42828,1726,41102,Australia,Entire home/apt,1,1,201,5,8,10,9,f,1
16978518,42828,785,42043,Australia,Entire home/apt,1,2,110,0,,,,t,1
869520,42828,1551,41277,Australia,Private room,1,1,125,160,10,10,10,f,1
14761666,42828,532,42296,Australia,Entire home/apt,1,1,98,0,,,,f,1
12140279,42828,948,41880,Australia,Private room,1,1,59,1,,10,10,f,1
9979442,42828,1366,41462,Australia,Entire home/apt,1,1,149,2,10,10,10,t,1
14827286,42828,216,42612,Australia,Entire home/apt,1,1,180,3,9,10,9,f,1
4712037,42828,854,41974,Australia,Entire home/apt,2,3,201,16,9,10,9,f,1
16729350,42828,1081,41747,Australia,Entire home/apt,1,2,201,2,10,10,9,f,1
16008474,42828,137,42691,Australia,Private room,1,1,90,1,10,10,10,t,1
7888861,42828,2112,40716,Australia,Entire home/apt,1,1,140,0,,,,f,1
15875918,42828,146,42682,Australia,Private room,1,1,80,0,,,,f,1
3489634,42828,1006,41822,Australia,Entire home/apt,1,2,400,0,,,,f,1
14042419,42828,1506,41322,Australia,Entire home/apt,1,1,176,0,,,,f,1
2637688,42828,1874,40954,Australia,Private room,1,1,100,6,8,8,8,t,1
13254517,42828,470,42358,Australia,Entire home/apt,1,2,201,6,10,10,10,f,1
2178934,42828,1181,41647,Australia,Entire home/apt,1,2,218,36,10,9,9,f,1
4145024,42828,1131,41697,Australia,Entire home/apt,1,2,515,7,9,10,8,f,1
11420981,42828,406,42422,Australia,Private room,2,1,110,1,10,10,10,f,1
16007047,42828,1139,41689,Australia,Entire home/apt,1,1,149,1,8,8,8,t,1
3751825,42828,1106,41722,Australia,Private room,2,1,50,0,,,,f,1
12271510,42828,366,42462,Australia,Private room,1,1,80,1,6,10,10,f,1
16336196,42828,1540,41288,Australia,Private room,1,1,190,0,,,,f,1
9887730,42828,1827,41001,Australia,Entire home/apt,2,5,600,0,,,,t,1
10043310,42828,1636,41192,Australia,Entire home/apt,1,1,160,2,10,10,10,f,1
14172082,42828,1097,41731,Australia,Private room,1,1,109,0,,,,f,1
9781172,42828,1091,41737,Australia,Private room,1,1,69,5,9,10,10,f,1
16102733,42828,293,42535,Australia,Private room,1,1,50,12,10,9,9,f,1
17579988,42828,308,42520,Australia,Private room,1,1,75,0,,,,f,1
16334809,42828,113,42715,Australia,Entire home/apt,1,1,155,11,8,10,9,t,1
7815133,42828,1259,41569,Australia,Entire home/apt,1,1,110,0,,,,f,1
2572250,42828,1140,41688,Australia,Entire home/apt,1,1,210,10,10,10,9,f,1
9912307,42828,547,42281,Australia,Entire home/apt,1,2,201,1,10,,,f,1
16336227,42828,1410,41418,Australia,Entire home/apt,1,2,172,0,,,,f,1
2572375,42828,1114,41714,Australia,Entire home/apt,1,1,73,5,10,10,10,f,1
14827626,42828,235,42593,Australia,Entire home/apt,1,1,149,7,9,10,10,t,1
4997228,42828,1807,41021,Australia,Entire home/apt,1,1,69,3,9,10,9,f,1
1458285,42828,1343,41485,Australia,Entire home/apt,2,4,351,3,9,10,9,f,1
9979246,42828,1776,41052,Australia,Entire home/apt,2,2,477,1,8,10,6,f,1
10109044,42828,471,42357,Australia,Entire home/apt,1,0,160,20,9,10,8,f,1
14762103,42828,220,42608,Australia,Entire home/apt,2,3,600,1,10,10,8,f,1
9734847,42828,1212,41616,Australia,Private room,1,1,90,1,2,10,6,f,1
6045823,42828,892,41936,Australia,Private room,2,1,69,0,,,,f,1
13715014,42828,295,42533,Australia,Entire home/apt,1,0,84,0,,,,f,1
5016260,42828,1768,41060,Australia,Private room,2,1,100,2,9,10,10,f,1
9781397,42828,2747,40081,Australia,Entire home/apt,1,2,220,32,10,10,10,f,1
16793765,42828,78,42750,Australia,Entire home/apt,1,1,165,1,10,10,10,f,1
12010875,42828,1268,41560,Australia,Private room,1,1,66,3,10,10,10,f,1
17915933,42828,1495,41333,Australia,Private room,1,1,94,0,,,,f,1
11092160,42828,422,42406,Australia,Entire home/apt,1,1,180,5,10,10,10,f,1
2965688,42828,1156,41672,Australia,Entire home/apt,1,1,190,35,10,10,9,f,1
12140743,42828,939,41889,Australia,Entire home/apt,2,2,149,1,10,10,10,f,1
15876307,42828,179,42649,Australia,Private room,1,1,69,4,10,10,10,f,1
5193948,42828,853,41975,Australia,Entire home/apt,1.5,2,450,5,9,10,10,f,1
11067432,42828,1025,41803,Australia,Entire home/apt,1,2,145,1,,,,f,1
9847033,42828,1014,41814,Australia,Entire home/apt,1,2,149,3,4,10,9,t,1
17982377,42828,1216,41612,Australia,Private room,1,1,125,0,,,,f,1
15549859,42828,728,42100,Australia,Entire home/apt,1,1,149,3,9,10,9,f,1
9453859,42828,506,42322,Australia,Entire home/apt,1,2,149,0,,,,f,1
17514789,42828,1343,41485,Australia,Private room,1,1,75,3,9,10,9,f,1
540974,42828,1762,41066,Australia,Entire home/apt,1,1,110,9,10,9,9,f,1
16531786,42828,273,42555,Australia,Private room,1,3,149,1,8,10,6,t,1
15810899,42828,1408,41420,Australia,Private room,1,1,149,2,10,10,10,t,1
16662877,42828,230,42598,Australia,Entire home/apt,1,1,190,3,10,10,10,f,1
9258418,42828,1032,41796,Australia,Entire home/apt,2,4,720,0,,,,f,1
16007532,42828,166,42662,Australia,Private room,1,1,85,0,,,,f,1
5063021,42828,823,42005,Australia,Private room,1,1,80,1,10,10,10,t,1
9716081,42828,561,42267,Australia,Private room,1,1,400,0,,,,f,1
1881491,42828,1247,41581,Australia,Entire home/apt,1,1,114,0,,,,f,1
15352190,42828,1633,41195,Australia,Entire home/apt,1,1,149,12,10,10,10,f,1
475512,42828,1786,41042,Australia,Entire home/apt,1,0,115,39,9,10,10,f,1
15876506,42828,887,41941,Australia,Entire home/apt,1,0,125,2,10,10,10,f,1
2504090,42828,1510,41318,Australia,Entire home/apt,1,0,201,34,9,10,9,f,1
8275393,42828,670,42158,Australia,Shared room,2,1,35,3,9,10,10,f,1
9549213,42828,1009,41819,Australia,Entire home/apt,1,2,149,7,9,10,10,f,1
12989956,42828,494,42334,Australia,Private room,2,1,100,2,8,10,8,t,1
16860619,42828,511,42317,Australia,Entire home/apt,1,1,260,0,,,,f,1
7293674,42828,632,42196,Australia,Entire home/apt,1,1,270,0,,,,f,1
13776393,42828,939,41889,Australia,Entire home/apt,1,3,300,38,9,10,9,f,1
6632986,42828,672,42156,Australia,Entire home/apt,1,2,300,0,,,,f,1
16070173,42828,572,42256,Australia,Entire home/apt,1,1,180,3,9,9,9,f,1
9844264,42828,484,42344,Australia,Entire home/apt,2,4,320,0,,,,f,1
1851885,42828,2022,40806,Australia,Entire home/apt,1,2,290,1,8,10,8,f,1
15436043,42828,781,42047,Australia,Entire home/apt,1,2,350,1,,10,,t,1
210528,42828,3112,39716,Australia,Entire home/apt,1,2,379,30,10,10,9,f,1
15942171,42828,1179,41649,Australia,Entire home/apt,1,1,159,1,10,10,10,f,1
15942173,42828,1211,41617,Australia,Entire home/apt,1,2,215,1,10,10,10,f,1
1521258,42828,1770,41058,Australia,Entire home/apt,1,1,140,26,9,10,9,f,1
2963090,42828,1064,41764,Australia,Private room,1,1,350,0,,,,f,1
2832019,42828,1079,41749,Australia,Entire home/apt,1,1,350,0,,,,f,1
16932465,42828,2134,40694,Australia,Entire home/apt,1,2,122,0,,,,f,1
9451189,42828,507,42321,Australia,Entire home/apt,1,1,149,2,8,10,9,t,1
5165876,42828,864,41964,Australia,Entire home/apt,1,3,450,5,10,10,10,f,1
2747932,42828,1091,41737,Australia,Entire home/apt,1,2,229,2,7,9,7,f,1
14828158,42828,235,42593,Australia,Entire home/apt,1,2,174,21,9,10,9,t,1
16965238,42828,996,41832,Australia,Private room,1,1,176,0,,,,t,1
16138897,42828,1632,41196,Australia,Entire home/apt,1,1,300,0,,,,f,1
16398025,42828,479,42349,Australia,Entire home/apt,1,1,155,1,6,10,6,f,1
4714181,42828,854,41974,Australia,Entire home/apt,1,1,157,0,,,,f,1
6374088,42828,1519,41309,Australia,Entire home/apt,1,0,72,25,7,10,9,f,1
15811289,42828,151,42677,Australia,Private room,1,1,69,6,9,10,10,f,1
9778929,42828,488,42340,Australia,Private room,1,1,66,7,10,10,10,f,1
16794349,42828,82,42746,Australia,Private room,2,2,66,3,9,10,10,f,1
15152904,42828,1454,41374,Australia,Private room,1,1,69,5,10,10,10,f,1
4969577,42828,858,41970,Australia,Entire home/apt,1,0,185,39,10,10,9,t,1
9014059,42828,531,42297,Australia,Entire home/apt,1,2,250,1,8,8,8,f,1
12072720,42828,1160,41668,Australia,Entire home/apt,1,2,210,0,,,,t,1
16007948,42828,821,42007,Australia,Entire home/apt,1,2,393,1,,,,t,1
15287073,42828,1493,41335,Australia,Private room,1,2,220,0,,,,f,1
1852190,42828,1253,41575,Australia,Private room,1,1,69,26,8,9,9,f,1
10499877,42828,863,41965,Australia,Private room,1,1,85,39,10,10,9,f,1
10109751,42828,469,42359,Australia,Private room,1,2,100,0,,,,f,1
14828351,42828,235,42593,Australia,Entire home/apt,2,3,350,0,,,,f,1
17926969,42828,1085,41743,Australia,Entire home/apt,1,2,262,0,,,,f,1
10106726,42828,470,42358,Australia,Private room,1,1,130,2,10,10,10,t,1
16139096,42828,337,42491,Australia,Entire home/apt,1,1,94,1,10,10,10,f,1
4863870,42828,1720,41108,Australia,Entire home/apt,2,2,180,10,7,9,9,f,1
15680367,42828,1978,40850,Australia,Entire home/apt,1,1,160,10,9,10,10,f,1
15287153,42828,642,42186,Australia,Private room,1.5,1,111,2,10,10,10,f,1
17577876,42828,351,42477,Australia,Private room,4,1,30,0,,,,t,1
2311018,42828,1737,41091,Australia,Private room,1,1,111,69,10,10,10,f,1
6308729,42828,1569,41259,Australia,Entire home/apt,3,3,400,7,10,10,9,f,1
9716623,42828,561,42267,Australia,Private room,1,1,400,1,10,10,10,f,1
15826015,42828,316,42512,Australia,Entire home/apt,1,0,300,1,10,10,8,f,1
16136163,42828,944,41884,Australia,Entire home/apt,1.5,3,650,0,,,,t,1
15942600,42828,1041,41787,Australia,Entire home/apt,1,3,260,1,10,10,10,f,1
8672361,42828,550,42278,Australia,Entire home/apt,1,1,121,0,,,,f,1
10106888,42828,470,42358,Australia,Entire home/apt,1,1,90,1,6,8,10,f,1
14715225,42828,357,42471,Australia,Entire home/apt,3,4,2890,0,,,,f,1
1131503,42828,1433,41395,Australia,Entire home/apt,1,2,220,5,7,10,6,f,1
14891043,42828,982,41846,Australia,Entire home/apt,1,3,290,8,10,10,10,f,1
15087671,42828,1193,41635,Australia,Private room,1,1,80,2,10,10,10,f,1
17610238,42828,835,41993,Australia,Private room,1,1,198,1,10,10,10,f,1
16264375,42828,624,42204,Australia,Private room,2,1,79,7,10,10,10,f,1
10193253,42828,638,42190,Australia,Private room,1,1,60,11,8,10,9,f,1
6174824,42828,707,42121,Australia,Entire home/apt,2.5,3,551,0,,,,f,1
9189525,42828,1124,41704,Australia,Entire home/apt,1,1,140,1,10,10,10,f,1
9975986,42828,1461,41367,Australia,Entire home/apt,1,1,149,3,9,10,10,f,1
6112258,42828,2007,40821,Australia,Private room,1,1,50,6,8,10,9,f,1
9844941,42828,1093,41735,Australia,Entire home/apt,1,1,145,7,9,10,10,f,1
10772175,42828,566,42262,Australia,Entire home/apt,1,1,110,8,9,10,9,f,1
15942666,42828,1091,41737,Australia,Entire home/apt,1,1,201,0,,,,t,1
4864252,42828,835,41993,Australia,Private room,1,1,60,31,10,10,10,f,1
4863020,42828,836,41992,Australia,Entire home/apt,1,2,650,4,10,10,10,f,1
5365936,42828,811,42017,Australia,Private room,3,3,130,0,,,,f,1
12137988,42828,1943,40885,Australia,Entire home/apt,2,2,201,1,10,10,10,f,1
6240552,42828,1304,41524,Australia,Entire home/apt,1,2,201,1,10,10,10,f,1
12388743,42828,1589,41239,Australia,Entire home/apt,1,2,195,2,5,5,8,f,1
17578298,42828,28,42800,Australia,Private room,1,1,66,0,,,,f,1
16988476,42828,352,42476,Australia,Private room,1,1,100,7,9,10,10,t,1
3160369,42828,1042,41786,Australia,Entire home/apt,1,1,140,62,9,10,9,f,1
5323078,42828,782,42046,Australia,Entire home/apt,1,1,80,9,9,10,9,f,1
16136531,42828,574,42254,Australia,Entire home/apt,1,1,201,1,10,10,10,f,1
16441060,42828,115,42713,Australia,Entire home/apt,1,2,180,0,,,,f,1
10107244,42828,1356,41472,Australia,Entire home/apt,1,2,202,0,,,,t,1
15221808,42828,646,42182,Australia,Entire home/apt,1,3,600,0,,,,f,1
7027067,42828,981,41847,Australia,Entire home/apt,1,1,94,0,,,,f,1
14301587,42828,1073,41755,Australia,Entire home/apt,1,2,300,0,,,,f,1
4471162,42828,930,41898,Australia,Entire home/apt,1,1,300,79,9,10,9,f,1
9124268,42828,524,42304,Australia,Entire home/apt,1,2,100,0,,,,t,1
11090357,42828,1071,41757,Australia,Private room,1,1,69,38,10,10,10,f,1
11405731,42828,1859,40969,Australia,Private room,1,1,75,3,9,10,10,f,1
9451997,42828,507,42321,Australia,Entire home/apt,2,1,300,3,10,9,9,f,1
9452000,42828,507,42321,Australia,Entire home/apt,1,0,109,7,10,10,10,f,1
11287026,42828,1160,41668,Australia,Entire home/apt,1,0,90,12,9,9,9,f,1
7092739,42828,643,42185,Australia,Entire home/apt,1,2,87,1,10,10,10,f,1
12862525,42828,1027,41801,Australia,Entire home/apt,3,6,1050,3,10,10,8,f,1
16335945,42828,749,42079,Australia,Private room,1,1,149,0,,,,f,1
17516051,42828,1589,41239,Australia,Entire home/apt,1,2,440,0,,,,t,1
16071207,42828,364,42464,Australia,Private room,1,1,121,0,,,,f,1
16988707,42828,501,42327,Australia,Shared room,1,1,46,0,,,,t,1
4471339,42828,1342,41486,Australia,Entire home/apt,1,4,750,3,10,10,9,f,1
12663377,42828,450,42378,Australia,Entire home/apt,1,1,160,31,10,10,10,f,1
15458075,42828,836,41992,Australia,Entire home/apt,2.5,4,800,0,,,,f,1
14891693,42828,1731,41097,Australia,Private room,1,1,67,17,8,10,9,f,1
17513139,42828,33,42795,Australia,Entire home/apt,3,3,400,0,,,,t,1
7944885,42828,970,41858,Australia,Entire home/apt,1,2,198,4,10,10,9,f,1
9845461,42828,1439,41389,Australia,Entire home/apt,1,1,190,7,10,10,10,f,1
10372182,42828,480,42348,Australia,Shared room,1,1,46,0,,,,f,1
2177795,42828,1330,41498,Australia,Private room,1,1,56,7,10,10,10,f,1
9779994,42828,487,42341,Australia,Entire home/apt,2.5,1,290,1,8,10,8,f,1
408330,42828,1848,40980,Australia,Entire home/apt,1,2,260,34,9,10,9,f,1
13885233,42828,946,41882,Australia,Private room,1,1,54,0,,,,f,1
9976610,42828,1784,41044,Australia,Private room,1,1,55,3,8,10,10,f,1
13317255,42828,900,41928,Australia,Private room,1,1,50,0,,,,f,1
2112305,42828,1418,41410,Australia,Private room,1,1,130,6,10,10,9,t,1
4471621,42828,1320,41508,Australia,Private room,2,1,69,0,,,,f,1
9911112,42828,1207,41621,Australia,Entire home/apt,1,2,130,7,10,10,10,t,1
14829569,42828,1776,41052,Australia,Entire home/apt,1,0,100,0,,,,f,1
6054228,42828,1853,40975,Australia,Private room,2,1,93,13,10,10,10,f,1
2115591,42828,1584,41244,Australia,Entire home/apt,1,1,311,1,8,8,8,f,1
15747455,42828,155,42673,Australia,Entire home/apt,1,3,349,11,10,10,10,t,1
11946047,42828,538,42290,Australia,Entire home/apt,1,2,250,0,,,,f,1
15747156,42828,163,42665,Australia,Entire home/apt,1.5,4,1000,0,,,,f,1
15524200,42828,846,41982,Australia,Entire home/apt,2,2,450,0,,,,t,1
9652584,42828,511,42317,Australia,Entire home/apt,1,3,315,1,10,10,8,f,1
15288463,42828,511,42317,Australia,Entire home/apt,1,2,180,9,9,10,10,f,1
4253843,42828,2167,40661,Australia,Entire home/apt,1,2,201,38,9,10,9,t,1
11421849,42828,1221,41607,Australia,Entire home/apt,1,2,201,1,,,,f,1
17385638,42828,45,42783,Australia,Private room,1,1,160,0,,,,t,1
17451377,42828,630,42198,Australia,Entire home/apt,1,1,180,2,10,10,10,f,1
1018911,42828,2167,40661,Australia,Entire home/apt,2,3,600,1,10,10,10,f,1
14436542,42828,1931,40897,Australia,Entire home/apt,1,1,225,7,10,10,10,f,1
17123523,42828,2128,40700,Australia,Entire home/apt,1,2,135,0,,,,t,1
16795849,42828,2001,40827,Australia,Entire home/apt,1,1,149,5,10,10,9,f,1
15878363,42828,468,42360,Australia,Entire home/apt,1,3,149,9,10,10,9,f,1
5458150,42828,770,42058,Australia,Entire home/apt,2,2,190,0,,,,t,1
17515441,42828,1430,41398,Australia,Private room,1,1,69,0,,,,t,1
11553011,42828,419,42409,Australia,Entire home/apt,1,1,190,8,10,10,10,f,1
2901623,42828,1507,41321,Australia,Entire home/apt,1,1,149,0,,,,f,1
14698109,42828,511,42317,Australia,Entire home/apt,1.5,3,700,1,,,,f,1
15943302,42828,142,42686,Australia,Entire home/apt,1,2,364,1,10,10,10,f,1
12076682,42828,371,42457,Australia,Private room,1,1,52,0,,,,f,1
13322519,42828,695,42133,Australia,Entire home/apt,2.5,4,499,2,10,10,10,f,1
8275609,42828,670,42158,Australia,Shared room,2,1,35,1,4,8,6,f,1
15484571,42828,939,41889,Australia,Entire home/apt,1,2,201,24,9,10,10,f,1
11421355,42828,921,41907,Australia,Entire home/apt,1,2,201,2,10,9,9,f,1
15287988,42828,1244,41584,Australia,Private room,2,1,100,0,,,,t,1
12500589,42828,350,42478,Australia,Entire home/apt,2.5,3,750,0,,,,f,1
6614062,42828,1312,41516,Australia,Entire home/apt,1,2,166,8,9,10,9,f,1
3426001,42828,1042,41786,Australia,Entire home/apt,1,3,400,1,10,10,8,f,1
6440684,42828,733,42095,Australia,Entire home/apt,1,1,139,1,10,10,10,f,1
3426029,42828,1337,41491,Australia,Entire home/apt,1,1,220,7,8,10,9,f,1
9848570,42828,483,42345,Australia,Entire home/apt,1,1,130,0,,,,f,1
8276269,42828,670,42158,Australia,Shared room,2,1,35,4,9,10,10,f,1
17123077,42828,1556,41272,Australia,Private room,1,1,80,0,,,,f,1
14763780,42828,1385,41443,Australia,Private room,1,1,80,13,10,10,10,f,1
8276277,42828,670,42158,Australia,Shared room,2,1,38,5,8,10,8,f,1
17123106,42828,148,42680,Australia,Private room,1,1,100,7,10,10,10,f,1
15484710,42828,1310,41518,Australia,Entire home/apt,1,2,199,5,7,9,7,f,1
12798270,42828,337,42491,Australia,Private room,0.5,1,700,0,,,,f,1
16467760,42828,1505,41323,Australia,Entire home/apt,1,1,101,10,9,9,10,f,1
10045257,42828,1173,41655,Australia,Entire home/apt,1,1,201,2,10,10,10,f,1
1001315,42828,1478,41350,Australia,Entire home/apt,3.5,4,650,2,10,10,10,f,1
6305504,42828,1155,41673,Australia,Entire home/apt,3,4,849,2,8,10,8,f,1
936258,42828,1517,41311,Australia,Entire home/apt,2,3,250,11,9,9,9,f,1
5719972,42828,1393,41435,Australia,Private room,1,1,100,5,10,10,10,f,1
14698427,42828,253,42575,Australia,Entire home/apt,1,1,250,0,,,,f,1
1067243,42828,1808,41020,Australia,Entire home/apt,1,2,149,3,9,10,10,f,1
10504581,42828,448,42380,Australia,Entire home/apt,1,3,28,0,,,,f,1
8276300,42828,670,42158,Australia,Shared room,2,1,30,4,8,10,8,f,1
8275898,42828,670,42158,Australia,Shared room,2,1,35,5,7,10,9,f,1
14174546,42828,1182,41646,Australia,Entire home/apt,1,2,149,7,9,10,9,f,1
9738613,42828,490,42338,Australia,Private room,1,1,60,19,10,10,10,f,1
13519188,42828,1062,41766,Australia,Entire home/apt,1,1,121,1,8,10,8,f,1
855031,42828,1843,40985,Australia,Entire home/apt,1,2,128,12,7,9,9,f,1
11094362,42828,668,42160,Australia,Entire home/apt,2,3,284,0,,,,f,1
8275939,42828,670,42158,Australia,Shared room,2,1,35,3,9,10,9,f,1
14240221,42828,790,42038,Australia,Entire home/apt,1,2,700,0,,,,f,1
4737514,42828,1867,40961,Australia,Entire home/apt,2,3,201,0,,,,f,1
9718253,42828,531,42297,Australia,Entire home/apt,1,1,100,0,,,,f,1
15878642,42828,146,42682,Australia,Entire home/apt,1,2,212,0,,,,t,1
6441461,42828,688,42140,Australia,Entire home/apt,1,2,125,2,9,9,9,f,1
739849,42828,1632,41196,Australia,Entire home/apt,1,2,270,6,10,10,10,f,1
13722029,42828,757,42071,Australia,Private room,1,1,80,3,6,10,6,f,1
17517083,42828,32,42796,Australia,Private room,2,1,110,0,,,,t,1
4147777,42828,1748,41080,Australia,Entire home/apt,1,2,139,6,9,10,7,f,1
16271952,42828,1231,41597,Australia,Entire home/apt,2,3,630,5,10,10,10,t,1
16075351,42828,132,42696,Australia,Private room,1,1,149,9,10,10,10,t,1
16861786,42828,883,41945,Australia,Private room,1,1,62,1,10,10,10,f,1
15878861,42828,617,42211,Australia,Private room,1,1,100,1,8,10,10,f,1
16534234,42828,1170,41658,Australia,Private room,1,1,75,10,10,10,9,t,1
17610511,42828,37,42791,Australia,Entire home/apt,1,1,111,1,10,10,10,f,1
7293541,42828,812,42016,Australia,Entire home/apt,1,1,100,1,8,8,8,f,1
17386190,42828,152,42676,Australia,Private room,1,1,69,2,10,10,10,t,1
3492467,42828,1005,41823,Australia,Entire home/apt,1,2,149,7,10,9,10,f,1
14240378,42828,1078,41750,Australia,Entire home/apt,1,1,176,9,9,10,9,f,1
4672128,42828,860,41968,Australia,Entire home/apt,3,3,1500,0,,,,f,1
6769284,42828,765,42063,Australia,Entire home/apt,2,1,149,0,,,,f,1
5261985,42828,789,42039,Australia,Private room,1,1,160,0,,,,t,1
13984199,42828,285,42543,Australia,Private room,1,1,89,0,,,,f,1
4344478,42828,901,41927,Australia,Entire home/apt,1,1,198,22,9,10,9,t,1
9259411,42828,531,42297,Australia,Entire home/apt,2,3,450,0,,,,f,1
4278962,42828,1206,41622,Australia,Private room,1,1,100,4,10,10,10,t,1
12798686,42828,440,42388,Australia,Shared room,1,1,25,0,,,,f,1
9849523,42828,483,42345,Australia,Entire home/apt,1,1,130,3,7,9,9,f,1
9718182,42828,708,42120,Australia,Entire home/apt,1,2,250,3,10,10,9,f,1
16468409,42828,103,42725,Australia,Private room,1,3,100,1,10,10,10,f,1
16075210,42828,350,42478,Australia,Shared room,1,1,35,0,,,,t,1
16207130,42828,1326,41502,Australia,Private room,1,1,94,0,,,,f,1
5983499,42828,1240,41588,Australia,Entire home/apt,1,2,185,66,10,10,9,t,1
15617345,42828,164,42664,Australia,Entire home/apt,1,1,250,2,6,10,7,f,1
2051402,42828,1212,41616,Australia,Entire home/apt,2,3,650,0,,,,f,1
16076114,42828,152,42676,Australia,Entire home/apt,1,2,149,3,10,10,8,f,1
17780057,42828,546,42282,Australia,Private room,1,1,56,0,,,,t,1
15945064,42828,1254,41574,Australia,Entire home/apt,1,1,176,0,,,,f,1
2335135,42828,1154,41674,Australia,Entire home/apt,1,2,450,6,9,10,9,f,1
15945089,42828,1502,41326,Australia,Entire home/apt,1,0,94,1,10,10,10,f,1
14241177,42828,1404,41424,Australia,Private room,1,1,149,0,,,,t,1
8867224,42828,1556,41272,Australia,Private room,1,1,79,5,9,10,10,f,1
17124075,42828,506,42322,Australia,Private room,1,1,69,2,10,10,10,f,1
806302,42828,1631,41197,Australia,Entire home/apt,1,1,220,0,,,,f,1
11553537,42828,1975,40853,Australia,Private room,2,1,100,3,10,10,10,f,1
1002247,42828,1477,41351,Australia,Private room,1,1,121,2,10,10,10,f,1
12143380,42828,368,42460,Australia,Entire home/apt,1,2,380,1,4,10,6,f,1
8276785,42828,670,42158,Australia,Shared room,2,1,35,3,8,10,9,f,1
10177341,42828,638,42190,Australia,Private room,1,1,56,28,8,10,9,f,1
9784141,42828,761,42067,Australia,Entire home/apt,1,2,250,1,8,10,6,f,1
16387220,42828,839,41989,Australia,Entire home/apt,1,2,121,2,9,10,10,f,1
12864392,42828,1177,41651,Australia,Private room,1,1,88,0,,,,f,1
15027100,42828,1014,41814,Australia,Private room,2,3,400,1,8,10,8,f,1
10833483,42828,2091,40737,Australia,Entire home/apt,1,1,300,1,10,10,6,f,1
5852076,42828,867,41961,Australia,Entire home/apt,1,1,149,0,,,,f,1
4737968,42828,852,41976,Australia,Entire home/apt,1,2,250,0,,,,f,1
7293905,42828,667,42161,Australia,Entire home/apt,3.5,4,400,4,8,9,8,f,1
11553767,42828,788,42040,Australia,Entire home/apt,1,2,80,1,10,10,10,f,1
16337888,42828,1036,41792,Australia,Entire home/apt,1,1,250,7,8,10,9,f,1
16731116,42828,516,42312,Australia,Private room,1,2,60,1,10,10,8,t,1
14699510,42828,806,42022,Australia,Private room,1,1,80,3,6,10,8,f,1
16862208,42828,73,42755,Australia,Entire home/apt,2.5,3,800,0,,,,t,1
15027252,42828,1142,41686,Australia,Entire home/apt,1,3,300,2,10,10,10,f,1
8539193,42828,594,42234,Australia,Private room,2,1,59,4,8,10,8,f,1
12799032,42828,1432,41396,Australia,Entire home/apt,1,2,90,3,10,10,9,f,1
9849915,42828,1141,41687,Australia,Private room,1,1,90,17,10,10,10,f,1
16337993,42828,260,42568,Australia,Entire home/apt,1,1,140,0,,,,f,1
5787106,42828,1455,41373,Australia,Private room,1,1,69,0,,,,f,1
6900806,42828,1104,41724,Australia,Entire home/apt,2.5,3,400,8,10,10,9,f,1
1985594,42828,1225,41603,Australia,Entire home/apt,1,0,121,84,9,10,9,f,1
7667233,42828,1044,41784,Australia,Private room,1,1,69,9,10,10,9,f,1
2968664,42828,1163,41665,Australia,Entire home/apt,2,3,322,70,10,10,10,f,1
14814397,42828,465,42363,Australia,Entire home/apt,1,2,135,1,,,,f,1
11226695,42828,1270,41558,Australia,Entire home/apt,1,2,250,26,10,10,10,f,1
2051179,42828,1217,41611,Australia,Entire home/apt,1,1,190,37,9,10,10,f,1
3755128,42828,977,41851,Australia,Private room,1,1,66,1,8,8,8,f,1
3492993,42828,1005,41823,Australia,Entire home/apt,1,1,90,3,9,10,9,f,1
4279779,42828,910,41918,Australia,Entire home/apt,3,5,300,11,8,10,9,f,1
5917834,42828,1506,41322,Australia,Entire home/apt,1,2,250,1,10,10,10,f,1
8277126,42828,670,42158,Australia,Shared room,2,1,35,12,7,10,8,f,1
8998035,42828,2366,40462,Australia,Entire home/apt,1,0,147,2,10,10,10,f,1
9850011,42828,483,42345,Australia,Private room,2,1,100,0,,,,f,1
2051577,42828,1212,41616,Australia,Entire home/apt,1,1,225,26,9,10,9,f,1
13847716,42828,357,42471,Australia,Entire home/apt,4,0,2850,0,,,,f,1
17386669,42828,700,42128,Australia,Entire home/apt,1,1,149,0,,,,f,1
16207076,42828,123,42705,Australia,Entire home/apt,3.5,5,1450,0,,,,t,1
9975727,42828,964,41864,Australia,Private room,1.5,1,100,0,,,,f,1
9981158,42828,496,42332,Australia,Entire home/apt,1,1,118,2,8,10,9,f,1
15748630,42828,1783,41045,Australia,Entire home/apt,1,2,220,2,8,9,8,f,1
4608441,42828,1160,41668,Australia,Entire home/apt,1,2,990,0,,,,f,1
8343991,42828,770,42058,Australia,Private room,1,1,50,1,8,10,10,f,1
12498914,42828,502,42326,Australia,Entire home/apt,2.5,4,750,1,10,10,10,f,1
11423580,42828,997,41831,Australia,Private room,2,1,55,3,9,9,10,f,1
4804445,42828,948,41880,Australia,Private room,1.5,1,100,1,10,10,10,f,1
2511345,42828,1124,41704,Australia,Entire home/apt,1,2,300,14,9,10,9,f,1
17125893,42828,1556,41272,Australia,Private room,1,1,85,0,,,,f,1
11423616,42828,1462,41366,Australia,Entire home/apt,1,3,400,3,10,10,10,f,1
16339467,42828,512,42316,Australia,Entire home/apt,3,5,499,0,,,,f,1
1789833,42828,1269,41559,Australia,Entire home/apt,3,4,901,3,10,10,10,f,1
8868382,42828,2114,40714,Australia,Private room,1,1,83,1,10,10,10,f,1
10834450,42828,1104,41724,Australia,Entire home/apt,2,2,425,31,10,10,9,f,1
8867972,42828,1326,41502,Australia,Entire home/apt,1,2,400,2,9,9,8,f,1
16208039,42828,411,42417,Australia,Private room,2,1,100,0,,,,f,1
16208047,42828,132,42696,Australia,Entire home/apt,2,2,400,1,10,10,10,f,1
13717685,42828,2534,40294,Australia,Entire home/apt,3.5,3,480,0,,,,f,1
17911998,42828,629,42199,Australia,Private room,1,1,66,0,,,,f,1
11227321,42828,416,42412,Australia,Entire home/apt,2,2,281,7,9,10,9,f,1
16338563,42828,224,42604,Australia,Entire home/apt,1,2,320,0,,,,f,1
13700374,42828,1739,41089,Australia,Entire home/apt,2,3,551,1,10,10,10,f,1
741598,42828,1631,41197,Australia,Entire home/apt,4,5,1100,0,,,,f,1
12275345,42828,1419,41409,Australia,Private room,1,1,41,2,9,10,10,t,1
6218505,42828,704,42124,Australia,Private room,1,1,100,0,,,,f,1
12471957,42828,1095,41733,Australia,Private room,1,1,45,3,10,10,10,f,1
1641753,42828,1303,41525,Australia,Private room,1.5,1,90,11,10,10,10,f,1
13088821,42828,1266,41562,Australia,Entire home/apt,1,2,250,2,9,7,8,f,1
1790289,42828,1268,41560,Australia,Entire home/apt,1,2,300,3,10,10,9,f,1
16273140,42828,939,41889,Australia,Entire home/apt,3.5,4,650,0,,,,f,1
16208261,42828,826,42002,Australia,Entire home/apt,3,3,800,0,,,,t,1
16339338,42828,251,42577,Australia,Entire home/apt,1,2,187,1,,,,f,1
17321731,42828,1328,41500,Australia,Entire home/apt,1,2,176,5,9,9,9,f,1
9981700,42828,476,42352,Australia,Private room,1,1,121,0,,,,f,1
4869897,42828,1638,41190,Australia,Entire home/apt,1,1,190,3,10,10,9,f,1
14464985,42828,557,42271,Australia,Entire home/apt,1,1,210,3,10,10,10,f,1
4608732,42828,867,41961,Australia,Entire home/apt,1,2,250,5,9,9,9,f,1
348891,42828,2424,40404,Australia,Entire home/apt,1,0,176,16,10,10,9,f,1
15946323,42828,141,42687,Australia,Entire home/apt,1,2,350,1,10,10,10,f,1
15422059,42828,1675,41153,Australia,Entire home/apt,1,1,250,1,8,10,8,f,1
8409739,42828,1750,41078,Australia,Entire home/apt,3.5,4,1500,2,10,10,10,f,1
1790606,42828,1363,41465,Australia,Entire home/apt,3,4,1039,1,10,10,8,f,1
16274068,42828,294,42534,Australia,Entire home/apt,1,2,260,11,10,10,10,f,1
6378171,42828,692,42136,Australia,Entire home/apt,1,1,110,1,10,10,10,f,1
2970282,42828,1065,41763,Australia,Entire home/apt,1,2,250,68,10,10,9,f,1
12473031,42828,789,42039,Australia,Private room,0,1,69,0,,,,f,1
9720577,42828,1113,41715,Australia,Entire home/apt,1,2,201,5,9,9,10,f,1
17436119,42828,38,42790,Australia,Private room,1,1,80,2,9,10,10,t,1
11728174,42828,858,41970,Australia,Entire home/apt,1,0,185,6,10,10,10,t,1
9982744,42828,476,42352,Australia,Entire home/apt,2,1,350,0,,,,f,1
1729330,42828,1309,41519,Australia,Entire home/apt,1,3,229,5,10,10,10,f,1
13980460,42828,265,42563,Australia,Private room,1,1,125,9,10,10,10,f,1
16339781,42828,525,42303,Australia,Entire home/apt,1,1,300,0,,,,f,1
17126111,42828,396,42432,Australia,Private room,1,1,100,0,,,,f,1
12473056,42828,444,42384,Australia,Entire home/apt,3,3,499,2,10,10,10,f,1
10572540,42828,1251,41577,Australia,Private room,1,1,85,18,10,10,10,f,1
3691567,42828,984,41844,Australia,Private room,1,1,55,2,8,9,9,f,1
2053171,42828,1211,41617,Australia,Entire home/apt,1,1,275,7,9,10,10,f,1
8410164,42828,1350,41478,Australia,Entire home/apt,1,2,201,1,10,10,10,f,1
16864317,42828,1319,41509,Australia,Private room,1,1,83,1,10,10,10,t,1
9393226,42828,843,41985,Australia,Entire home/apt,2,2,250,1,,,,f,1
13230952,42828,1966,40862,Australia,Entire home/apt,1,2,225,13,9,10,8,f,1
4740221,42828,851,41977,Australia,Entire home/apt,1,3,201,2,10,10,10,f,1
16340122,42828,543,42285,Australia,Entire home/apt,1.5,3,300,1,10,10,10,f,1
16209061,42828,955,41873,Australia,Entire home/apt,1,2,201,1,8,10,10,f,1
7165099,42828,638,42190,Australia,Entire home/apt,1,2,121,1,8,10,10,f,1
8017073,42828,742,42086,Australia,Entire home/apt,2,5,440,0,,,,f,1
16274629,42828,477,42351,Australia,Entire home/apt,1,1,201,0,,,,f,1
16275347,42828,2675,40153,Australia,Private room,1,1,80,3,9,10,9,f,1
9000144,42828,854,41974,Australia,Private room,1,1,80,0,,,,f,1
12368078,42828,511,42317,Australia,Entire home/apt,1,2,135,11,9,10,9,f,1
17982332,42828,1252,41576,Australia,Private room,1,1,79,0,,,,f,1
11228417,42828,438,42390,Australia,Entire home/apt,4,4,450,0,,,,f,1
219030,42828,2189,40639,Australia,Entire home/apt,1,3,250,58,9,9,8,f,1
7165216,42828,638,42190,Australia,Entire home/apt,1,1,145,21,10,10,10,f,1
10394852,42828,2058,40770,Australia,Private room,1,1,87,23,10,10,10,f,1
9262417,42828,662,42166,Australia,Private room,1,1,69,0,,,,f,1
16406442,42828,1310,41518,Australia,Private room,0,1,121,1,10,10,10,f,1
743357,42828,1696,41132,Australia,Entire home/apt,2,2,201,6,9,9,9,f,1
6903183,42828,1485,41343,Australia,Entire home/apt,1,1,320,1,8,10,8,f,1
4711325,42828,1438,41390,Australia,Private room,,1,110,2,8,10,10,f,1
2840006,42828,1096,41732,Australia,Entire home/apt,1,2,149,9,10,10,9,f,1
768251,42828,2399,40429,Australia,Entire home/apt,,1,145,48,9,10,9,t,1
13129208,42828,596,42232,Australia,Private room,1,1,90,0,,,,f,1
4937225,42828,828,42000,Australia,Entire home/apt,1,2,185,2,7,10,9,f,1
16471601,42828,1586,41242,Australia,Private room,1,1,165,0,,,,f,1
16602730,42828,1182,41646,Australia,Private room,1,1,125,0,,,,f,1
16340594,42828,497,42331,Australia,Private room,1,1,100,0,,,,f,1
11228796,42828,1778,41050,Australia,Entire home/apt,2,3,450,1,10,10,10,f,1
254911,42828,1986,40842,Australia,Entire home/apt,1,1,250,19,10,10,9,f,1
6575768,42828,1195,41633,Australia,Entire home/apt,1,0,94,1,8,10,8,f,1
15947417,42828,364,42464,Australia,Shared room,1,1,80,2,10,10,10,f,1
12932769,42828,839,41989,Australia,Private room,1,1,60,2,10,10,10,f,1
16537270,42828,251,42577,Australia,Private room,1,1,100,2,9,10,10,f,1
10573523,42828,768,42060,Australia,Entire home/apt,1,1,180,10,8,10,9,f,1
15470202,42828,861,41967,Australia,Private room,1,1,83,3,8,10,9,f,1
16668382,42828,1820,41008,Australia,Private room,1,2,111,5,10,10,10,f,1
8345313,42828,569,42259,Australia,Entire home/apt,1,1,115,2,10,10,10,f,1
16278481,42828,1951,40877,Australia,Private room,1,1,66,0,,,,f,1
1857274,42828,1252,41576,Australia,Entire home/apt,2,3,170,2,10,9,9,f,1
8446933,42828,1398,41430,Australia,Entire home/apt,1.5,2,201,4,10,10,10,f,1
1857494,42828,1419,41409,Australia,Entire home/apt,2.5,3,551,30,10,10,9,f,1
16274295,42828,437,42391,Australia,Entire home/apt,1,2,250,2,9,9,9,f,1
9962729,42828,803,42025,Australia,Entire home/apt,1,1,228,0,,,,t,1
2774803,42828,1158,41670,Australia,Entire home/apt,2,2,160,15,9,10,9,f,1
9982851,42828,806,42022,Australia,Private room,1,1,66,1,10,10,10,f,1
6443913,42828,2439,40389,Australia,Entire home/apt,1,3,220,0,,,,f,1
12277740,42828,1692,41136,Australia,Private room,1,1,100,0,,,,f,1
14373784,42828,873,41955,Australia,Entire home/apt,1,1,250,0,,,,f,1
4412319,42828,893,41935,Australia,Private room,1,1,50,0,,,,f,1
6772526,42828,663,42165,Australia,Private room,1,1,180,0,,,,f,1
17978286,42828,434,42394,Australia,Private room,1,1,79,0,,,,f,1
17847207,42828,1361,41467,Australia,Private room,1,1,94,1,10,10,10,f,1
15750078,42828,402,42426,Australia,Entire home/apt,1,2,149,1,10,10,10,t,1
4412356,42828,896,41932,Australia,Entire home/apt,2,2,250,1,10,10,8,f,1
11949000,42828,1262,41566,Australia,Entire home/apt,1,2,321,7,9,10,8,f,1
3036105,42828,1399,41429,Australia,Private room,1,1,90,11,9,10,10,f,1
12237107,42828,716,42112,Australia,Entire home/apt,1,2,128,2,8,10,9,t,1
16208852,42828,319,42509,Australia,Shared room,1,1,50,2,9,10,9,t,1
1004507,42828,1476,41352,Australia,Entire home/apt,4,4,1500,0,,,,f,1
9331678,42828,1183,41645,Australia,Entire home/apt,1,2,220,0,,,,f,1
13980651,42828,265,42563,Australia,Entire home/apt,1.5,3,149,1,10,10,10,f,1
14242811,42828,1700,41128,Australia,Private room,1,1,80,0,,,,t,1
16208900,42828,122,42706,Australia,Private room,1,1,138,0,,,,t,1
1135581,42828,1639,41189,Australia,Entire home/apt,1,1,180,191,9,10,9,f,1
15423315,42828,177,42651,Australia,Entire home/apt,1,3,480,3,10,9,8,f,1
13194270,42828,1572,41256,Australia,Entire home/apt,1,0,94,0,,,,f,1
8654341,42828,2534,40294,Australia,Entire home/apt,2,3,790,0,,,,f,1
2511909,42828,1369,41459,Australia,Private room,1,1,75,4,10,10,10,f,1
16406684,42828,530,42298,Australia,Entire home/apt,1,1,117,1,10,10,10,t,1
16341171,42828,510,42318,Australia,Entire home/apt,1,1,190,0,,,,f,1
17717431,42828,1121,41707,Australia,Private room,1,1,69,1,10,10,8,f,1
481472,42828,1783,41045,Australia,Entire home/apt,1,1,155,6,10,10,10,f,1
17520860,42828,103,42725,Australia,Entire home/apt,1,1,121,1,10,10,10,t,1
10180853,42828,464,42364,Australia,Private room,1,1,80,0,,,,f,1
9263367,42828,601,42227,Australia,Entire home/apt,3,4,1000,0,,,,f,1
15423757,42828,1744,41084,Australia,Entire home/apt,1,2,350,0,,,,f,1
5593356,42828,757,42071,Australia,Entire home/apt,2,3,499,11,9,10,9,f,1
16406808,42828,813,42015,Australia,Private room,1,1,75,1,10,10,10,f,1
9000991,42828,533,42295,Australia,Entire home/apt,1,2,165,0,,,,f,1
3168307,42828,1041,41787,Australia,Entire home/apt,2,2,195,7,9,10,10,f,1
1988660,42828,1225,41603,Australia,Private room,1,1,100,2,4,10,8,f,1
8476731,42828,841,41987,Australia,Entire home/apt,1,2,201,7,7,10,8,f,1
792913,42828,1597,41231,Australia,Entire home/apt,1,1,110,8,9,10,9,f,1
16478999,42828,1920,40908,Australia,Private room,1,1,69,3,9,9,9,f,1
9656425,42828,1770,41058,Australia,Entire home/apt,2,2,240,2,9,10,10,f,1
11556975,42828,398,42430,Australia,Shared room,1,1,55,0,,,,t,1
17725071,42828,36,42792,Australia,Private room,1,1,60,0,,,,f,1
16537741,42828,1419,41409,Australia,Entire home/apt,1,0,100,5,9,10,8,f,1
8720095,42828,850,41978,Australia,Entire home/apt,1,1,250,4,8,10,9,f,1
9116062,42828,1692,41136,Australia,Entire home/apt,1,0,152,2,6,10,8,f,1
14899563,42828,1584,41244,Australia,Private room,1,1,90,1,10,10,10,f,1
17389940,42828,422,42406,Australia,Entire home/apt,1,1,165,2,8,10,8,f,1
16931299,42828,430,42398,Australia,Private room,1,1,63,5,3,10,7,f,1
12933566,42828,592,42236,Australia,Private room,1.5,1,72,0,,,,t,1
2578912,42828,1470,41358,Australia,Entire home/apt,1,1,94,1,10,10,6,f,1
13930230,42828,989,41839,Australia,Entire home/apt,1,1,149,0,,,,f,1
17783248,42828,558,42270,Australia,Entire home/apt,2,2,149,0,,,,f,1
17128152,42828,940,41888,Australia,Entire home/apt,1,2,201,3,10,10,10,f,1
7958334,42829,1164,41665,Australia,Entire home/apt,1,1,94,1,10,10,10,f,1
10445236,42828,531,42297,Australia,Private room,1,1,90,2,10,9,9,f,1
7563374,42828,1902,40926,Australia,Entire home/apt,1,1,180,4,9,10,9,f,1
9015369,42828,530,42298,Australia,Entire home/apt,1,1,100,3,9,9,9,f,1
9657057,42828,857,41971,Australia,Entire home/apt,1,1,149,1,10,10,8,f,1
2058370,42828,1775,41053,Australia,Entire home/apt,1,2,300,9,8,10,8,f,1
3605984,42828,992,41836,Australia,Private room,1,1,66,35,9,9,9,f,1
6516559,42829,42829,,Australia,Entire home/apt,1,1,69,4,8,9,8,f,1
15360459,42828,1498,41330,Australia,Entire home/apt,2,2,249,2,10,10,10,f,1
13066722,42828,1163,41665,Australia,Private room,1,1,92,0,,,,f,1
9134559,42828,1363,41465,Australia,Entire home/apt,2.5,3,350,3,7,10,8,f,1
14225194,42828,1219,41609,Australia,Entire home/apt,1.5,2,250,1,10,10,10,f,1
15471247,42829,42829,,Australia,Entire home/apt,3.5,5,1199,0,,,,f,1
14995201,42828,205,42623,Australia,Private room,1,1,60,3,8,10,8,t,1
16800537,42828,582,42246,Australia,Private room,1,1,75,0,,,,f,1
15620888,42828,164,42664,Australia,Entire home/apt,3,3,551,3,9,10,9,f,1
17913991,42828,1571,41257,Australia,Entire home/apt,1,1,121,0,,,,t,1
13723816,42828,1080,41748,Australia,Private room,1,1,41,1,10,10,10,f,1
9441075,42828,1363,41465,Australia,Entire home/apt,2.5,3,1039,2,10,10,10,f,1
15426059,42828,1121,41707,Australia,Private room,1,1,59,0,,,,f,1
14115337,42828,256,42572,Australia,Entire home/apt,2,5,176,1,2,10,6,f,1
10435330,42828,1776,41052,Australia,Entire home/apt,1,3,419,3,9,10,7,f,1
11950933,42828,1807,41021,Australia,Entire home/apt,1,2,80,0,,,,f,1
12413167,42828,1175,41653,Australia,Entire home/apt,1,2,110,9,10,10,10,f,1
1910372,42828,1397,41431,Australia,Entire home/apt,1.5,1,75,8,9,9,9,f,1
16084897,42830,806,42024,Australia,Entire home/apt,1,2,166,1,8,6,10,f,1
750830,42829,1657,41172,Australia,Entire home/apt,1,0,160,49,9,10,9,f,1
15758698,42829,42829,,Australia,Private room,1,1,35,2,,,,t,1
3870530,42828,963,41865,Australia,Entire home/apt,1,2,94,11,10,10,10,f,1
2387898,42830,1147,41683,Australia,Entire home/apt,4,4,950,0,,,,f,1
15809584,42828,151,42677,Australia,Private room,1,1,66,7,10,10,10,t,1
16410916,42828,1104,41724,Australia,Entire home/apt,2,2,398,10,10,10,9,f,1
4710098,42828,1438,41390,Australia,Entire home/apt,,2,201,1,8,10,10,f,1
750827,42829,42829,,Australia,Entire home/apt,1,1,190,48,,,,f,1
14965659,42828,633,42195,Australia,Entire home/apt,1,2,250,16,10,10,10,t,1
15364085,42829,42829,,Australia,Entire home/apt,2,3,490,0,,,,f,1
13197904,42828,928,41900,Australia,Entire home/apt,2,3,201,0,,,,f,1
1598045,42828,1841,40987,Australia,Private room,1,1,149,0,,,,f,1
6415518,42828,788,42040,Australia,Entire home/apt,1,2,149,0,,,,f,1
4747276,42829,1364,41465,Australia,Entire home/apt,3,4,592,1,,,,f,1
2712163,42828,1095,41733,Australia,Entire home/apt,2,2,295,1,10,10,10,f,1
16151811,42829,42829,,Australia,Private room,1,1,83,0,,,,f,1
3890138,42828,961,41867,Australia,Private room,1,1,80,9,10,10,10,f,1
5663074,42828,757,42071,Australia,Entire home/apt,1,1,225,1,2,10,6,f,1
4221293,42828,917,41911,Australia,Private room,1,1,72,0,,,,f,1
811635,42828,1587,41241,Australia,Private room,2,1,75,61,9,9,9,f,1
15424508,42828,584,42244,Australia,Entire home/apt,3,4,849,1,6,8,6,f,1
2120670,42828,1531,41297,Australia,Private room,1,1,85,78,9,9,9,f,1
9594603,42828,1149,41679,Australia,Entire home/apt,1,3,299,2,7,10,8,f,1
4943911,42830,842,41988,Australia,Entire home/apt,1,3,300,1,10,10,10,f,1
3498663,42828,1111,41717,Australia,Entire home/apt,1,2,149,3,10,9,9,f,1
14572556,42828,1128,41700,Australia,Private room,1,1,41,4,10,10,10,f,1
15360681,42828,1816,41012,Australia,Entire home/apt,1,1,195,7,10,10,9,f,1
4624792,42828,1363,41465,Australia,Entire home/apt,1,2,201,12,9,9,9,t,1
4811144,42828,1267,41561,Australia,Private room,1,1,100,11,9,10,9,f,1
9451464,42828,507,42321,Australia,Entire home/apt,1,3,250,1,10,10,10,t,1
7956891,42828,593,42235,Australia,Entire home/apt,3,5,408,0,,,,f,1
4874940,42828,966,41862,Australia,Private room,1,1,59,5,8,10,9,f,1
11426836,42828,1010,41818,Australia,Entire home/apt,1,1,149,5,8,10,8,f,1
12696353,42828,2071,40757,Australia,Private room,1,1,50,1,8,10,8,f,1
14443214,42828,1695,41133,Australia,Entire home/apt,4,4,1901,1,10,10,10,f,1
9334859,42829,1062,41767,Australia,Entire home/apt,1,1,149,1,8,10,10,f,1
17656255,42828,1013,41815,Australia,Entire home/apt,1,1,125,0,,,,f,1
16671462,42828,152,42676,Australia,Entire home/apt,1,1,128,2,8,9,8,f,1
7887942,42828,1155,41673,Australia,Entire home/apt,1,3,210,6,9,10,9,f,1
4910872,42828,827,42001,Australia,Entire home/apt,2,3,600,2,10,10,10,f,1
6066020,42828,716,42112,Australia,Entire home/apt,1,2,300,0,,,,f,1
16607734,42828,116,42712,Australia,Entire home/apt,1,2,225,1,8,10,10,f,1
17914981,42828,2037,40791,Australia,Private room,1,1,75,0,,,,f,1
4681826,42829,872,41957,Australia,Entire home/apt,1,1,194,10,9,10,9,f,1
13941845,42828,1384,41444,Australia,Entire home/apt,7,5,1400,0,,,,f,1
16147205,42828,767,42061,Australia,Entire home/apt,1,1,180,1,10,10,10,t,1
15415825,42828,177,42651,Australia,Private room,1.5,1,140,2,10,10,10,f,1
6494981,42828,943,41885,Australia,Entire home/apt,3.5,4,1500,2,10,10,9,f,1
16530522,42828,109,42719,Australia,Entire home/apt,1,1,218,0,,,,t,1
16147242,42828,378,42450,Australia,Entire home/apt,1,2,107,1,10,10,10,f,1
16605997,42828,1308,41520,Australia,Private room,1,2,85,1,10,10,10,f,1
17994160,42828,1120,41708,Australia,Entire home/apt,2,2,299,0,,,,t,1
8020792,42828,588,42240,Australia,Entire home/apt,3,3,300,0,,,,f,1
12215123,42828,971,41857,Australia,Entire home/apt,1,2,149,2,10,10,10,f,1
13332633,42829,1724,41105,Australia,Entire home/apt,1,2,353,7,7,9,7,f,1
14563869,42828,1379,41449,Australia,Entire home/apt,1,0,130,8,9,10,9,f,1
9136716,42828,771,42057,Australia,Entire home/apt,1,0,114,3,9,9,9,f,1
11758144,42828,1436,41392,Australia,Entire home/apt,1,2,180,1,10,10,10,f,1
14117450,42828,822,42006,Australia,Entire home/apt,1,2,250,1,10,10,10,f,1
13851828,42828,890,41938,Australia,Entire home/apt,1,1,201,1,,,,f,1
4778017,42829,847,41982,Australia,Entire home/apt,2.5,2,165,0,,,,f,1
8614058,42829,1856,40973,Australia,Private room,2.5,1,100,37,,,,f,1
4745865,42828,1363,41465,Australia,Entire home/apt,2,4,634,1,10,10,8,f,1
9333389,42828,513,42315,Australia,Entire home/apt,1,2,330,1,10,10,10,f,1
10578590,42828,445,42383,Australia,Entire home/apt,1,1,149,5,8,10,9,f,1
16342254,42828,2038,40790,Australia,Private room,1,1,85,2,9,10,10,f,1
9203949,42829,1066,41763,Australia,Entire home/apt,1,3,450,0,,,,f,1
14900470,42828,1071,41757,Australia,Entire home/apt,1,1,180,15,10,10,10,f,1
10141056,42829,929,41900,Australia,Entire home/apt,1,2,260,0,,,,f,1
1995000,42829,1356,41473,Australia,Entire home/apt,1,2,275,3,,,,f,1
13196621,42828,313,42515,Australia,Entire home/apt,1,2,300,4,7,10,9,f,1
9200644,42828,520,42308,Australia,Entire home/apt,2,2,800,0,,,,f,1
16147468,42828,789,42039,Australia,Entire home/apt,1,1,139,3,10,10,10,f,1
7564003,42828,758,42070,Australia,Entire home/apt,1,1,121,7,10,10,10,f,1
8745238,42830,554,42276,Australia,Entire home/apt,4,5,399,0,,,,f,1
14640161,42828,829,41999,Australia,Entire home/apt,4,3,2000,0,,,,t,1
17390970,42828,40,42788,Australia,Private room,1,1,80,0,,,,f,1
12611882,42829,1300,41529,Australia,Entire home/apt,1,1,185,18,10,10,10,f,1
3326729,42829,1842,40987,Australia,Private room,1,1,121,9,10,10,10,f,1
7957233,42828,593,42235,Australia,Private room,3,3,138,5,9,10,10,f,1
13177565,42829,922,41907,Australia,Private room,1,1,75,1,10,10,10,f,1
3106031,42828,1680,41148,Australia,Private room,1,1,60,0,,,,f,1
15424953,42828,176,42652,Australia,Entire home/apt,3.5,4,1250,0,,,,t,1
1885938,42828,1246,41582,Australia,Private room,1,1,90,6,10,10,10,f,1
9723325,42828,490,42338,Australia,Entire home/apt,1,2,300,1,8,10,8,f,1
15100716,42828,1828,41000,Australia,Private room,2,1,79,11,9,9,10,t,1
16016520,42828,1499,41329,Australia,Entire home/apt,1,1,300,0,,,,f,1
11990251,42828,511,42317,Australia,Entire home/apt,1,2,320,1,6,10,10,f,1
7298503,42828,930,41898,Australia,Entire home/apt,1,0,75,25,9,10,8,t,1
12608666,42828,443,42385,Australia,Private room,1,1,100,7,9,10,10,f,1
746657,42828,1659,41169,Australia,Entire home/apt,3,4,901,0,,,,f,1
15819942,42828,256,42572,Australia,Entire home/apt,3,4,499,0,,,,f,1
4811562,42828,842,41986,Australia,Entire home/apt,2,2,220,34,9,10,9,f,1
1598651,42828,1584,41244,Australia,Entire home/apt,1,2,400,0,,,,f,1
877753,42828,1998,40830,Australia,Entire home/apt,,1,149,4,10,10,9,f,1
1733024,42830,1284,41546,Australia,Entire home/apt,2.5,5,1000,0,,,,f,1
9335205,42830,514,42316,Australia,Private room,1,1,130,0,,,,f,1
5491482,42828,1221,41607,Australia,Private room,1,1,90,9,9,10,10,f,1
1793550,42828,1517,41311,Australia,Entire home/apt,1,2,250,1,10,10,10,f,1
16018295,42828,137,42691,Australia,Entire home/apt,1,1,180,11,9,10,10,f,1
4745023,42828,1282,41546,Australia,Entire home/apt,1,2,180,19,9,10,9,f,1
10709836,42828,785,42043,Australia,Entire home/apt,2,2,145,2,10,10,10,t,1
12546503,42830,513,42317,Australia,Entire home/apt,1,1,155,1,10,10,8,f,1
9200885,42828,1183,41645,Australia,Entire home/apt,1,1,128,3,10,10,10,t,1
3169832,42828,1041,41787,Australia,Entire home/apt,1,2,190,5,9,10,10,f,1
16932400,42828,69,42759,Australia,Private room,1,1,73,9,10,10,10,t,1
2778367,42828,1831,40997,Australia,Entire home/apt,1,1,170,0,,,,f,1
16739151,42830,1044,41786,Australia,Entire home/apt,2,2,399,0,,,,f,1
7888447,42828,635,42193,Australia,Private room,1,1,55,0,,,,f,1
16151007,42829,1712,41117,Australia,Entire home/apt,2,3,400,2,10,10,8,f,1
15820039,42828,1683,41145,Australia,Private room,1,1,45,6,9,10,10,f,1
6186261,42828,890,41938,Australia,Entire home/apt,1,1,145,0,,,,f,1
13131336,42828,1447,41381,Australia,Entire home/apt,2,2,370,0,,,,f,1
11627411,42828,1670,41158,Australia,Entire home/apt,1,2,229,0,,,,f,1
17033028,42828,1855,40973,Australia,Private room,1.5,1,100,6,7,9,9,f,1
17656728,42828,1918,40910,Australia,Entire home/apt,2,1,391,0,,,,f,1
9751201,42828,1249,41579,Australia,Entire home/apt,2,3,229,1,8,8,8,f,1
4788447,42828,1035,41793,Australia,Entire home/apt,1,2,77,2,8,8,8,t,1
4625149,42829,1156,41673,Australia,Entire home/apt,2,3,700,0,,,,f,1
6250102,42828,701,42127,Australia,Entire home/apt,1.5,3,235,1,8,10,10,f,1
8217928,42828,1498,41330,Australia,Entire home/apt,2,3,600,13,10,10,9,t,1
13070854,42829,979,41850,Australia,Entire home/apt,1,1,152,5,,,,f,1
5137763,42828,811,42017,Australia,Entire home/apt,1,1,125,3,9,10,10,f,1
1077803,42829,1450,41379,Australia,Entire home/apt,1,2,121,7,10,10,10,f,1
815654,42830,1588,41242,Australia,Entire home/apt,1,1,194,0,,,,f,1
9335348,42829,949,41880,Australia,Entire home/apt,1,2,190,1,8,10,10,f,1
9332286,42828,1027,41801,Australia,Entire home/apt,1,1,275,0,,,,f,1
12610513,42828,942,41886,Australia,Private room,1,1,69,15,10,10,10,f,1
6577826,42828,2534,40294,Australia,Entire home/apt,1,1,201,1,10,8,8,t,1
9595841,42828,511,42317,Australia,Entire home/apt,3.5,4,2000,0,,,,f,1
4682321,42829,42829,,Australia,Entire home/apt,1,1,201,5,10,10,9,f,1
18030699,42828,155,42673,Australia,Private room,1,1,140,0,,,,t,1
10216564,42828,942,41886,Australia,Entire home/apt,1,1,195,0,,,,f,1
16277187,42828,745,42083,Australia,Entire home/apt,1,0,110,1,10,10,10,f,1
13591964,42828,288,42540,Australia,Private room,1,1,121,0,,,,f,1
7828071,42829,42829,,Australia,Entire home/apt,1,1,107,0,,,,f,1
17895373,42828,1262,41566,Australia,Entire home/apt,1,2,330,0,,,,t,1
58954,42828,2337,40491,Australia,Entire home/apt,2,4,1016,0,,,,f,1
3014510,42828,1058,41770,Australia,Private room,1,1,80,0,,,,f,1
4873978,42828,834,41994,Australia,Entire home/apt,1,1,210,1,10,10,10,f,1
9723636,42828,721,42107,Australia,Private room,1,1,69,39,9,10,9,f,1
11168761,42828,949,41879,Australia,Private room,1,1,225,2,10,10,10,f,1
13788635,42828,277,42551,Australia,Private room,1,1,35,0,,,,f,1
16394059,42828,109,42719,Australia,Entire home/apt,1,0,149,38,10,10,10,t,1
14859175,42828,425,42403,Australia,Private room,1,1,60,0,,,,t,1
9530391,42828,1167,41661,Australia,Private room,1,1,155,0,,,,f,1
6709028,42828,1891,40937,Australia,Entire home/apt,1,2,250,11,9,10,9,f,1
9332228,42828,513,42315,Australia,Entire home/apt,1,2,201,0,,,,f,1
17906871,42828,8,42820,Australia,Entire home/apt,2,0,350,0,,,,t,1
9333816,42828,1418,41410,Australia,Private room,1,1,100,11,10,10,10,f,1
135691,42829,2185,40644,Australia,Private room,1,1,90,29,9,10,9,f,1
2321453,42829,1157,41672,Australia,Private room,1,1,75,52,10,10,9,f,1
5139555,42829,1197,41632,Australia,Private room,1.5,1,55,2,10,10,10,f,1
11047176,42828,449,42379,Australia,Entire home/apt,1,1,149,5,6,10,8,f,1
11955292,42828,1176,41652,Australia,Entire home/apt,1,2,201,3,8,10,10,f,1
8294932,42829,1261,41568,Australia,Private room,1,1,100,15,9,9,8,f,1
17001604,42829,498,42331,Australia,Private room,1,5,100,1,8,10,10,t,1
15381322,42828,413,42415,Australia,Private room,1,1,75,14,10,10,10,f,1
15363206,42829,1330,41499,Australia,Private room,1,1,85,12,9,10,9,t,1
16872182,42829,553,42276,Australia,Private room,1,1,85,2,,,,f,1
17656987,42829,666,42163,Australia,Entire home/apt,1,1,220,0,,,,f,1
17720922,42828,1647,41181,Australia,Private room,1,1,69,0,,,,f,1
14376829,42828,240,42588,Australia,Entire home/apt,1,2,195,2,10,10,10,f,1
8942356,42829,42829,,Australia,Entire home/apt,2,2,630,0,,,,f,1
13266097,42829,648,42181,Australia,Entire home/apt,1,1,180,21,10,10,10,f,1
13266113,42829,309,42520,Australia,Private room,1,1,66,29,9,10,9,t,1
15918774,42828,2345,40483,Australia,Entire home/apt,1,1,195,1,10,10,,f,1
4712306,42829,1671,41158,Australia,Private room,1,1,90,34,9,10,9,f,1
13266118,42829,969,41860,Australia,Entire home/apt,3,5,1500,0,,,,f,1
9794341,42829,42829,,Australia,Entire home/apt,1,0,110,6,9,10,8,f,1
4025550,42829,1364,41465,Australia,Entire home/apt,2.5,3,579,2,6,8,6,f,1
8871815,42828,2116,40712,Australia,Entire home/apt,1,0,149,24,10,10,10,f,1
4874126,42828,834,41994,Australia,Entire home/apt,1,2,499,0,,,,f,1
4220792,42829,918,41911,Australia,Private room,1,1,100,13,10,9,9,f,1
16934520,42828,84,42744,Australia,Private room,1,1,350,2,10,10,10,f,1
17655422,42828,1240,41588,Australia,Private room,1,1,199,0,,,,f,1
17657094,42829,583,42246,Australia,Entire home/apt,1,1,98,0,,,,t,1
9792778,42829,490,42339,Australia,Entire home/apt,1,3,339,4,10,10,10,f,1
12744006,42829,2049,40780,Australia,Entire home/apt,1,1,121,3,,,,f,1
9849470,42829,936,41893,Australia,Private room,1,1,56,0,,,,f,1
4418851,42829,893,41936,Australia,Entire home/apt,2,2,160,12,10,10,10,f,1
5731139,42830,803,42027,Australia,Private room,1,1,360,1,6,10,8,f,1
7562917,42828,617,42211,Australia,Entire home/apt,1,2,85,6,10,10,10,f,1
17853772,42829,433,42396,Australia,Private room,1,2,52,0,,,,t,1
16479059,42830,563,42267,Australia,Entire home/apt,1,1,150,1,4,10,8,f,1
15953209,42829,1152,41677,Australia,Private room,2,1,149,0,,,,t,1
9658314,42828,502,42326,Australia,Private room,1,1,201,6,9,10,10,f,1
6798283,42828,1397,41431,Australia,Entire home/apt,1,2,300,5,8,10,8,f,1
3042637,42829,1057,41772,Australia,Entire home/apt,1,0,153,147,10,10,10,f,1
13133516,42828,382,42446,Australia,Entire home/apt,1.5,3,250,1,,,,f,1
3698044,42829,1133,41696,Australia,Entire home/apt,2,3,450,0,,,,f,1
14380399,42829,1140,41689,Australia,Entire home/apt,2.5,2,201,1,,,,f,1
15166847,42829,2034,40795,Australia,Entire home/apt,1,1,140,2,10,10,8,f,1
9789425,42828,509,42319,Australia,Entire home/apt,1.5,3,240,0,,,,t,1
2321818,42829,1157,41672,Australia,Entire home/apt,1,2,110,0,,,,f,1
3761889,42828,1300,41528,Australia,Entire home/apt,1,1,210,8,10,10,9,f,1
6645468,42828,672,42156,Australia,Entire home/apt,1,2,450,22,10,10,10,f,1
5598619,42829,764,42065,Australia,Entire home/apt,1,2,901,0,,,,f,1
4944811,42830,824,42006,Australia,Entire home/apt,1,2,399,19,9,9,9,f,1
16366832,42829,149,42680,Australia,Private room,1,1,121,7,10,10,10,f,1
10839807,42828,2367,40461,Australia,Entire home/apt,1,2,140,0,,,,f,1
8873742,42828,877,41951,Australia,Private room,1,1,100,1,,,,f,1
9332498,42828,1520,41308,Australia,Entire home/apt,1,2,201,3,9,9,9,f,1
2723630,42829,1228,41601,Australia,Entire home/apt,2,3,455,1,,,,f,1
9334242,42829,1211,41618,Australia,Entire home/apt,2,3,700,0,,,,t,1
10250016,42828,638,42190,Australia,Private room,1,1,56,16,8,10,9,f,1
8152879,42828,2534,40294,Australia,Entire home/apt,3,4,890,0,,,,f,1
8152881,42828,1363,41465,Australia,Entire home/apt,2.5,4,447,1,8,10,10,f,1
9592915,42828,2045,40783,Australia,Private room,1,1,66,8,9,9,10,t,1
4153442,42828,1744,41084,Australia,Entire home/apt,1,2,250,1,8,10,8,f,1
4087918,42828,938,41890,Australia,Entire home/apt,2,3,419,3,9,9,9,f,1
11562537,42829,399,42430,Australia,Entire home/apt,1,1,140,36,10,10,10,f,1
16605303,42828,788,42040,Australia,Private room,2,1,119,15,10,10,10,t,1
5031101,42829,42829,,Australia,Private room,1,1,90,5,10,10,10,f,1
12547165,42830,601,42229,Australia,Private room,1,1,70,0,,,,f,1
9714662,42828,561,42267,Australia,Private room,1,1,700,0,,,,f,1
1990859,42828,1656,41172,Australia,Entire home/apt,1,0,160,34,10,10,10,f,1
4876175,42828,883,41945,Australia,Private room,1,1,121,4,7,10,7,f,1
16151683,42829,1321,41508,Australia,Entire home/apt,1,1,100,14,9,10,10,f,1
9793185,42829,589,42240,Australia,Private room,2,1,300,4,10,10,10,f,1
8152994,42828,1864,40964,Australia,Entire home/apt,1,1,104,7,10,10,10,f,1
103273,42830,2452,40378,Australia,Entire home/apt,1,2,160,45,9,10,9,f,1
9596586,42829,658,42171,Australia,Entire home/apt,1,0,149,0,,,,t,1
16279475,42828,361,42467,Australia,Entire home/apt,1,1,121,0,,,,t,1
4199027,42829,1281,41548,Australia,Entire home/apt,2.5,4,1250,3,9,9,9,f,1
1799351,42829,2091,40738,Australia,Private room,1.5,1,149,0,,,,f,1
6976686,42829,1059,41770,Australia,Private room,1,1,100,0,,,,f,1
16873684,42828,73,42755,Australia,Private room,1,2,75,0,,,,t,1
8744663,42829,546,42283,Australia,Private room,1,1,69,2,10,10,10,f,1
15820774,42828,345,42483,Australia,Entire home/apt,1,2,170,2,10,10,10,t,1
16277783,42828,461,42367,Australia,Entire home/apt,1,2,149,3,7,10,8,f,1
4825806,42828,840,41988,Australia,Private room,1,1,39,1,10,10,10,f,1
15822603,42829,42829,,Australia,Private room,1,1,100,0,,,,t,1
12374301,42828,363,42465,Australia,Entire home/apt,1,1,64,1,10,10,10,f,1
16277854,42828,1203,41625,Australia,Entire home/apt,1,1,180,0,,,,f,1
15758560,42829,512,42317,Australia,Entire home/apt,2,4,1199,0,,,,f,1
8742914,42828,1675,41153,Australia,Entire home/apt,1,3,499,23,9,10,9,f,1
17983511,42828,1363,41465,Australia,Entire home/apt,3,4,627,0,,,,f,1
11320625,42829,773,42056,Australia,Entire home/apt,1,1,149,2,9,10,10,f,1
15822639,42829,580,42249,Australia,Private room,1,1,60,2,10,10,10,f,1
16148519,42828,127,42701,Australia,Private room,1,1,80,1,6,10,10,f,1
14968696,42830,2078,40752,Australia,Entire home/apt,1,1,150,8,9,10,10,f,1
9347641,42829,513,42316,Australia,Entire home/apt,1,1,128,1,8,8,8,f,1
9893632,42830,761,42069,Australia,Private room,1,1,155,1,10,10,10,f,1
17594326,42830,1777,41053,Australia,Private room,1,1,70,0,,,,f,1
10188713,42830,862,41968,Australia,Entire home/apt,1,1,197,0,,,,f,1
15744678,42829,275,42554,Australia,Entire home/apt,1,2,201,0,,,,f,1
1046319,42830,1463,41367,Australia,Entire home/apt,1,2,200,3,8,10,9,f,1
16042759,42830,492,42338,Australia,Entire home/apt,1,1,298,0,,,,f,1
7093929,42829,644,42185,Australia,Entire home/apt,1,2,201,1,10,8,10,f,1
10713100,42829,1314,41515,Australia,Entire home/apt,1,2,210,0,,,,f,1
2028077,42830,1864,40966,Australia,Private room,1,1,130,13,8,10,8,t,1
15791932,42830,457,42373,Australia,Private room,1,1,99,0,,,,f,1
6941063,42830,1144,41686,Australia,Private room,1,1,150,0,,,,f,1
16989869,42829,65,42764,Australia,Entire home/apt,1,2,149,1,10,10,8,f,1
17099103,42829,59,42770,Australia,Private room,2.5,1,149,0,,,,f,1
9911990,42829,905,41924,Australia,Entire home/apt,1,1,180,1,10,10,10,f,1
10139017,42829,1133,41696,Australia,Private room,2,1,90,0,,,,f,1
5797769,42830,740,42090,Australia,Entire home/apt,1,2,210,35,9,10,9,f,1
16152694,42829,1364,41465,Australia,Entire home/apt,2,3,260,0,,,,f,1
14641517,42829,608,42221,Australia,Entire home/apt,1,1,90,3,10,10,9,f,1
16315605,42829,788,42041,Australia,Private room,1,1,100,0,,,,f,1
12826171,42829,337,42492,Australia,Private room,1,1,94,0,,,,f,1
9599181,42829,1158,41671,Australia,Entire home/apt,1.5,2,300,0,,,,f,1
17655703,42830,37,42793,Australia,Entire home/apt,2.5,3,250,0,,,,f,1
9599184,42829,1813,41016,Australia,Entire home/apt,1,1,220,0,,,,f,1
12351695,42829,884,41945,Australia,Private room,2,2,149,4,10,10,10,f,1
5919795,42830,890,41940,Australia,Private room,1,1,50,0,,,,f,1
15890663,42829,254,42575,Australia,Private room,1,1,80,9,10,10,10,t,1
7764207,42829,606,42223,Australia,Entire home/apt,1,1,90,1,10,10,8,f,1
17496944,42830,1352,41478,Australia,Private room,2,1,120,1,10,10,8,f,1
16579855,42830,1116,41714,Australia,Entire home/apt,1.5,3,196,0,,,,t,1
14579966,42829,750,42079,Australia,Private room,1,1,100,3,10,10,10,f,1
16167185,42830,135,42695,Australia,Entire home/apt,1,2,204,10,10,9,9,t,1
16480532,42829,1190,41639,Australia,Private room,1.5,1,90,1,8,10,10,f,1
7076118,42830,659,42171,Australia,Entire home/apt,1,2,150,79,9,10,9,f,1
12613934,42829,1004,41825,Australia,Entire home/apt,1,2,250,15,10,10,10,f,1
15169856,42829,390,42439,Australia,Private room,1.5,1,73,2,8,8,10,t,1
15847406,42829,1039,41790,Australia,Private room,1,1,102,17,10,10,9,f,1
9564919,42830,737,42093,Australia,Entire home/apt,1,1,156,1,8,10,10,f,1
8779775,42830,844,41986,Australia,Entire home/apt,1,0,150,61,10,9,9,t,1
15694161,42829,160,42669,Australia,Entire home/apt,1,1,281,0,,,,f,1
10320215,42829,548,42281,Australia,Entire home/apt,3,4,700,2,9,9,9,f,1
11106673,42829,1232,41597,Australia,Entire home/apt,3,5,1600,15,10,10,10,f,1
4618606,42829,867,41962,Australia,Entire home/apt,2.5,4,1000,0,,,,f,1
16290875,42829,117,42712,Australia,Entire home/apt,1,0,115,21,9,9,9,t,1
13283968,42829,2008,40821,Australia,Entire home/apt,1,3,380,0,,,,f,1
13160621,42829,316,42513,Australia,Private room,2,1,95,0,,,,f,1
16677259,42829,187,42642,Australia,Private room,2,0,100,1,10,10,10,f,1
8485278,42829,566,42263,Australia,Private room,1,1,80,0,,,,f,1
15438241,42830,178,42652,Australia,Entire home/apt,1,3,551,1,8,10,8,f,1
17332682,42829,171,42658,Australia,Entire home/apt,1.5,2,240,0,,,,f,1
1866205,42829,1251,41578,Australia,Entire home/apt,1,1,260,10,7,10,8,f,1
15523456,42829,965,41864,Australia,Entire home/apt,3,4,700,0,,,,f,1
5470716,42829,1283,41546,Australia,Private room,1,1,97,23,10,10,10,f,1
2724442,42830,1095,41735,Australia,Entire home/apt,1,0,138,24,8,10,9,f,1
5470725,42829,842,41987,Australia,Entire home/apt,2,2,450,2,10,10,10,f,1
17561678,42830,963,41867,Australia,Shared room,1,1,45,0,,,,f,1
3373613,42829,1177,41652,Australia,Entire home/apt,1,1,350,9,10,10,10,f,1
5376697,42829,1063,41766,Australia,Entire home/apt,1,1,150,1,10,10,10,f,1
15956536,42829,142,42687,Australia,Private room,1,1,149,1,10,10,10,t,1
15366236,42830,1399,41431,Australia,Entire home/apt,1.5,2,385,0,,,,f,1
5923796,42829,728,42101,Australia,Private room,1,1,64,0,,,,f,1
14285290,42830,762,42068,Australia,Entire home/apt,1,1,150,68,10,10,10,t,1
14406546,42830,849,41981,Australia,Entire home/apt,1,3,349,1,10,10,10,f,1
11827800,42829,2008,40821,Australia,Shared room,1,1,35,2,8,10,10,f,1
15454963,42829,1022,41807,Australia,Private room,1,1,80,12,10,10,10,f,1
12686285,42829,512,42317,Australia,Entire home/apt,2,2,255,1,10,10,10,f,1
15891038,42829,1282,41547,Australia,Entire home/apt,1,2,349,0,,,,t,1
12047105,42829,374,42455,Australia,Entire home/apt,1,0,64,1,8,6,8,f,1
9097988,42829,526,42303,Australia,Entire home/apt,1,2,200,13,9,10,9,f,1
17158954,42829,901,41928,Australia,Private room,1,1,75,0,,,,f,1
16044872,42829,958,41871,Australia,Entire home/apt,1,1,250,0,,,,f,1
11326260,42829,413,42416,Australia,Private room,1,1,79,5,10,10,10,t,1
14675467,42830,1799,41031,Australia,Entire home/apt,1,1,110,0,,,,f,1
14996283,42829,1161,41668,Australia,Entire home/apt,1,1,75,10,8,9,9,f,1
824426,42829,1773,41056,Australia,Entire home/apt,1,1,149,7,7,10,9,f,1
15978129,42829,140,42689,Australia,Private room,1,1,158,0,,,,t,1
10998666,42829,1759,41070,Australia,Private room,1,1,95,2,10,10,10,f,1
16831385,42829,369,42460,Australia,Entire home/apt,2,3,275,0,,,,t,1
17683360,42829,358,42471,Australia,Entire home/apt,1,0,451,0,,,,t,1
2151340,42829,1188,41641,Australia,Entire home/apt,1,2,200,2,4,10,6,f,1
13751219,42829,785,42044,Australia,Entire home/apt,1,0,102,42,10,10,10,t,1
15258610,42829,512,42317,Australia,Entire home/apt,2,3,620,0,,,,f,1
2194102,42829,1180,41649,Australia,Entire home/apt,3,3,800,0,,,,f,1
14341136,42829,299,42530,Australia,Private room,1,1,64,0,,,,f,1
16634926,42829,96,42733,Australia,Entire home/apt,1,2,120,0,,,,f,1
16307275,42829,116,42713,Australia,Entire home/apt,1,2,169,7,10,10,10,f,1
11260997,42829,840,41989,Australia,Entire home/apt,1.5,2,141,1,10,10,10,f,1
6453438,42830,687,42143,Australia,Private room,1,1,89,0,,,,f,1
4707420,42829,1204,41625,Australia,Entire home/apt,1,2,219,1,10,10,10,f,1
291782,42830,2550,40280,Australia,Private room,1,1,70,4,8,10,10,f,1
16743142,42829,349,42480,Australia,Entire home/apt,1,1,180,2,10,10,10,f,1
1685286,42829,1294,41535,Australia,Entire home/apt,2,4,551,2,10,10,9,f,1
16045249,42829,135,42694,Australia,Entire home/apt,1,2,250,0,,,,f,1
11850965,42829,543,42286,Australia,Entire home/apt,1,2,300,0,,,,f,1
13069973,42830,1770,41060,Australia,Entire home/apt,1,2,300,2,10,9,10,f,1
3200243,42829,1063,41766,Australia,Entire home/apt,1,2,800,18,9,10,9,f,1
11442094,42829,1518,41311,Australia,Entire home/apt,3,4,595,1,10,10,8,f,1
7371528,42829,628,42201,Australia,Entire home/apt,3,3,229,2,9,9,9,f,1
10147097,42829,468,42361,Australia,Entire home/apt,1,2,300,33,10,10,10,f,1
8312087,42829,716,42113,Australia,Private room,1,2,79,12,10,10,10,f,1
16160764,42829,652,42177,Australia,Entire home/apt,2,3,700,0,,,,f,1
15848771,42829,524,42305,Australia,Entire home/apt,1,1,244,1,,,,f,1
9098656,42829,1558,41271,Australia,Entire home/apt,1,2,399,0,,,,f,1
13415785,42829,301,42528,Australia,Private room,2.5,1,31,1,10,10,10,t,1
8616756,42829,961,41868,Australia,Entire home/apt,1,1,149,0,,,,f,1
16045481,42829,595,42234,Australia,Entire home/apt,4,4,600,2,,,,f,1
14996933,42829,1576,41253,Australia,Entire home/apt,1,2,250,0,,,,f,1
14187327,42829,1847,40982,Australia,Entire home/apt,1,2,250,8,10,10,9,f,1
579078,42829,1733,41096,Australia,Private room,1,1,49,85,9,10,9,f,1
15482525,42830,863,41967,Australia,Private room,1,1,147,1,8,10,8,f,1
1693218,42829,1293,41536,Australia,Entire home/apt,1,1,197,20,10,10,10,f,1
9139089,42830,868,41962,Australia,Entire home/apt,1,1,200,0,,,,f,1
6628576,42829,1721,41108,Australia,Entire home/apt,1,1,100,76,9,10,10,f,1
2125537,42830,1708,41122,Australia,Entire home/apt,1,2,200,8,8,10,9,f,1
11327108,42829,944,41885,Australia,Entire home/apt,1,2,191,0,,,,f,1
1211285,42829,1458,41371,Australia,Entire home/apt,1,2,190,9,10,10,9,f,1
9499683,42829,504,42325,Australia,Entire home/apt,1,2,160,1,10,10,8,f,1
8616855,42829,1267,41562,Australia,Entire home/apt,1,1,240,4,8,10,9,f,1
10124185,42829,1523,41306,Australia,Private room,1,1,281,0,,,,f,1
16506719,42829,198,42631,Australia,Private room,1,1,41,0,,,,f,1
17464221,42829,790,42039,Australia,Private room,1,1,85,1,10,10,10,f,1
13398648,42830,608,42222,Australia,Entire home/apt,1,1,349,0,,,,f,1
6805223,42829,1064,41765,Australia,Entire home/apt,2,5,695,10,10,10,9,f,1
14538517,42829,953,41876,Australia,Entire home/apt,1,2,280,0,,,,f,1
15849277,42829,1223,41606,Australia,Private room,1,1,80,1,10,10,10,f,1
16481210,42829,957,41872,Australia,Entire home/apt,1,2,440,0,,,,f,1
7460671,42829,869,41960,Australia,Private room,1,1,64,1,8,10,10,f,1
12744324,42830,744,42086,Australia,Private room,1,1,125,4,10,10,8,f,1
14538562,42829,2185,40644,Australia,Entire home/apt,1,2,250,6,9,9,9,f,1
6870878,42829,1913,40916,Australia,Entire home/apt,1,1,166,3,10,10,10,t,1
11659769,42829,394,42435,Australia,Entire home/apt,1,1,180,5,10,10,10,f,1
13162343,42829,944,41885,Australia,Entire home/apt,1,1,112,9,9,10,10,f,1
2210292,42829,1221,41608,Australia,Entire home/apt,2.5,4,1000,4,10,10,10,f,1
16546784,42829,789,42040,Australia,Private room,1,1,100,10,10,10,9,t,1
2061696,42829,1862,40967,Australia,Entire home/apt,1,1,121,1,10,10,10,f,1
15956957,42829,1219,41610,Australia,Entire home/apt,1,2,190,16,10,10,9,t,1
6321559,42829,697,42132,Australia,Entire home/apt,1,1,160,1,10,10,10,f,1
2414569,42829,1141,41688,Australia,Entire home/apt,1,2,300,2,10,10,10,f,1
16261592,42829,119,42710,Australia,Private room,2,1,200,0,,,,f,1
10142804,42829,1453,41376,Australia,Private room,1.5,1,80,1,10,10,10,f,1
17684500,42829,1364,41465,Australia,Entire home/apt,1,2,213,0,,,,t,1
8493949,42829,1549,41280,Australia,Entire home/apt,1,0,149,15,10,10,10,f,1
8378409,42829,1261,41568,Australia,Private room,1,1,99,14,9,9,9,f,1
12376186,42829,435,42394,Australia,Shared room,1,1,25,0,,,,f,1
293951,42829,1932,40897,Australia,Entire home/apt,1,1,249,0,,,,f,1
9492615,42829,757,42072,Australia,Entire home/apt,1,2,230,0,,,,f,1
13265212,42829,390,42439,Australia,Entire home/apt,1,2,149,0,,,,f,1
4905142,42829,1096,41733,Australia,Entire home/apt,1,1,50,1,,,,f,1
16053379,42830,1131,41699,Australia,Entire home/apt,1,2,300,1,8,10,10,t,1
16832714,42829,76,42753,Australia,Private room,0.5,1,72,0,,,,t,1
5232870,42829,792,42037,Australia,Private room,1,1,50,1,10,10,10,f,1
16111850,42829,1274,41555,Australia,Private room,1,1,120,0,,,,f,1
13008038,42829,512,42317,Australia,Entire home/apt,2.5,3,330,0,,,,f,1
17331651,42829,42829,,Australia,Private room,1.5,1,72,3,10,9,10,t,1
17815813,42829,554,42275,Australia,Shared room,1,1,35,0,,,,f,1
17225990,42829,578,42251,Australia,Private room,1,1,75,0,,,,f,1
16177420,42829,1711,41118,Australia,Entire home/apt,1,2,130,1,10,10,10,f,1
17333433,42829,115,42714,Australia,Entire home/apt,1,2,750,2,10,10,9,t,1
16874724,42829,630,42199,Australia,Entire home/apt,1,0,349,4,10,10,10,f,1
6646305,42829,1877,40952,Australia,Entire home/apt,1,1,80,1,10,10,10,f,1
7503081,42829,626,42203,Australia,Entire home/apt,1,1,87,2,6,10,8,f,1
12156171,42829,369,42460,Australia,Entire home/apt,1,1,149,22,9,10,10,f,1
9755043,42829,768,42061,Australia,Private room,1,1,85,8,10,10,10,f,1
16874780,42829,73,42756,Australia,Entire home/apt,2.5,3,225,0,,,,f,1
8313288,42829,609,42220,Australia,Entire home/apt,2,3,300,0,,,,f,1
9886139,42829,975,41854,Australia,Private room,1,1,59,0,,,,f,1
4876236,42829,834,41995,Australia,Entire home/apt,1,1,220,0,,,,f,1
5076437,42829,1599,41230,Australia,Private room,1,1,229,0,,,,f,1
4226362,42829,918,41911,Australia,Entire home/apt,3,4,901,3,10,10,9,f,1
13752789,42829,280,42549,Australia,Private room,1,1,60,24,10,10,10,t,1
9993534,42829,694,42135,Australia,Entire home/apt,1.5,4,600,1,6,10,8,f,1
13960986,42829,1336,41493,Australia,Private room,1.5,1,66,0,,,,f,1
17241314,42829,542,42287,Australia,Entire home/apt,1,1,149,4,9,10,9,t,1
9862482,42829,531,42298,Australia,Private room,1,1,41,1,10,10,10,f,1
7644244,42829,1033,41796,Australia,Entire home/apt,1,1,180,39,9,9,9,f,1
1759772,42829,1276,41553,Australia,Entire home/apt,3,4,650,3,9,10,9,f,1
4512300,42829,1212,41617,Australia,Entire home/apt,2,2,191,20,10,9,9,f,1
17462744,42829,1252,41577,Australia,Private room,1,1,69,1,8,10,10,t,1
11697596,42829,393,42436,Australia,Shared room,1,1,33,1,10,10,10,f,1
2719162,42829,1095,41734,Australia,Entire home/apt,1,2,201,9,8,9,7,f,1
14539402,42829,260,42569,Australia,Private room,1,1,55,1,10,10,10,f,1
9886357,42829,967,41862,Australia,Private room,1,1,100,3,10,10,10,f,1
13556404,42829,1800,41029,Australia,Private room,1,1,60,0,,,,f,1
12835507,42829,1134,41695,Australia,Private room,1,1,124,9,10,10,10,f,1
14843386,42829,2535,40294,Australia,Entire home/apt,4,4,1320,0,,,,f,1
1497797,42829,1827,41002,Australia,Entire home/apt,1,2,200,6,9,9,9,f,1
10714620,42829,860,41969,Australia,Private room,2,1,66,5,10,10,10,f,1
8907350,42829,1075,41754,Australia,Entire home/apt,2,3,750,0,,,,f,1
6871794,42829,657,42172,Australia,Entire home/apt,1,1,99,5,10,10,10,f,1
16291074,42829,1226,41603,Australia,Entire home/apt,1,2,250,0,,,,f,1
14776788,42830,897,41933,Australia,Entire home/apt,1,0,200,2,10,10,10,f,1
9034505,42829,586,42243,Australia,Entire home/apt,3,4,349,2,10,10,10,f,1
10253804,42830,560,42270,Australia,Private room,1,1,118,1,10,10,10,f,1
2063917,42829,1210,41619,Australia,Entire home/apt,1,1,125,6,8,10,9,f,1
15457040,42829,558,42271,Australia,Entire home/apt,2,1,150,1,10,10,10,f,1
16416319,42829,1703,41126,Australia,Entire home/apt,1,1,149,0,,,,f,1
256569,42830,1985,40845,Australia,Entire home/apt,1,1,135,294,9,10,9,t,1
8641309,42829,755,42074,Australia,Private room,1,1,180,1,8,10,8,f,1
5537347,42829,1590,41239,Australia,Private room,1,1,63,17,9,10,9,f,1
1996254,42830,1476,41354,Australia,Entire home/apt,1,1,198,27,10,10,9,f,1
14974566,42829,207,42622,Australia,Private room,1,1,56,7,10,10,9,t,1
16416380,42829,940,41889,Australia,Entire home/apt,2,3,275,0,,,,t,1
17750885,42829,1080,41749,Australia,Entire home/apt,1,0,200,0,,,,f,1
13163379,42829,316,42513,Australia,Entire home/apt,2,2,276,4,9,10,9,t,1
10714798,42829,440,42389,Australia,Private room,1.5,1,89,2,10,10,10,f,1
5364619,42829,779,42050,Australia,Entire home/apt,1,2,175,0,,,,f,1
3988362,42829,990,41839,Australia,Entire home/apt,1,2,501,98,10,10,10,f,1
15302359,42829,1381,41448,Australia,Entire home/apt,1,0,132,2,10,10,10,f,1
3980776,42829,1080,41749,Australia,Entire home/apt,1,1,250,2,9,10,10,f,1
16416478,42829,108,42721,Australia,Entire home/apt,1,1,190,1,10,10,10,t,1
10342224,42829,457,42372,Australia,Private room,1,1,35,1,10,10,10,f,1
9828861,42830,1196,41634,Australia,Entire home/apt,1,1,250,2,9,10,10,f,1
17306922,42829,964,41865,Australia,Private room,1.5,1,69,0,,,,f,1
17423367,42829,1585,41244,Australia,Entire home/apt,1,2,169,1,10,10,10,f,1
11067324,42829,1380,41449,Australia,Entire home/apt,1,1,170,2,10,10,10,f,1
16875279,42829,1048,41781,Australia,Shared room,1,1,41,0,,,,f,1
2022401,42829,1675,41154,Australia,Entire home/apt,1,2,349,5,10,10,9,f,1
16219920,42829,970,41859,Australia,Entire home/apt,1,1,184,0,,,,f,1
14998536,42829,1303,41526,Australia,Entire home/apt,1,1,180,1,8,10,8,f,1
15302423,42829,1337,41492,Australia,Private room,1,1,45,9,10,10,10,t,1
12049436,42829,1096,41733,Australia,Private room,1,1,50,1,8,10,10,f,1
9478030,42829,1204,41625,Australia,Private room,1,1,79,2,9,10,10,f,1
1081139,42829,2535,40294,Australia,Entire home/apt,3,5,830,0,,,,f,1
5996316,42829,1263,41566,Australia,Entire home/apt,1.5,1,300,4,9,10,9,f,1
9797447,42829,905,41924,Australia,Private room,1,1,119,0,,,,f,1
3595373,42829,1213,41616,Australia,Entire home/apt,3.5,4,495,1,8,10,6,t,1
16416624,42829,128,42701,Australia,Entire home/apt,1,3,250,0,,,,t,1
16471396,42829,941,41888,Australia,Private room,1,1,100,0,,,,f,1
7962431,42829,593,42236,Australia,Entire home/apt,1,1,100,7,9,9,8,f,1
14408827,42829,1513,41316,Australia,Entire home/apt,2,3,476,1,8,10,10,f,1
17268546,42829,68,42761,Australia,Entire home/apt,1,0,140,11,8,10,9,t,1
12311672,42829,1941,40888,Australia,Private room,1,1,39,0,,,,f,1
17465165,42829,1177,41652,Australia,Entire home/apt,1,3,201,2,10,8,9,f,1
7569269,42829,617,42212,Australia,Entire home/apt,1,2,189,1,,,,t,1
9600890,42829,498,42331,Australia,Private room,1,1,48,3,9,9,9,f,1
9755794,42829,490,42339,Australia,Private room,1,1,100,1,8,10,10,f,1
16416700,42829,108,42721,Australia,Private room,1,1,75,0,,,,t,1
7848447,42829,905,41924,Australia,Entire home/apt,1,1,165,20,9,10,9,f,1
9598815,42830,513,42317,Australia,Entire home/apt,1,1,180,4,10,10,9,f,1
1995635,42830,1622,41208,Australia,Entire home/apt,1,2,227,0,,,,f,1
15064352,42829,201,42628,Australia,Entire home/apt,1,2,300,7,10,10,10,f,1
3953704,42829,954,41875,Australia,Entire home/apt,1,0,141,98,10,10,10,f,1
8994812,42829,663,42166,Australia,Private room,1,1,100,1,,,,t,1
7372775,42829,757,42072,Australia,Private room,1,1,60,12,9,10,10,f,1
11304916,42829,730,42099,Australia,Entire home/apt,1,2,250,10,10,10,10,f,1
2022752,42829,1219,41610,Australia,Entire home/apt,1,1,120,11,9,9,9,f,1
11656548,42829,394,42435,Australia,Private room,2,1,100,0,,,,f,1
974204,42829,1491,41338,Australia,Private room,1,1,75,16,10,10,10,f,1
16899467,42829,1280,41549,Australia,Entire home/apt,1,1,160,1,10,10,10,f,1
9994292,42829,1329,41500,Australia,Entire home/apt,2,2,281,5,10,10,10,f,1
13032854,42829,2671,40158,Australia,Entire home/apt,1.5,2,349,3,10,10,10,f,1
14409125,42829,475,42354,Australia,Entire home/apt,3.5,4,1990,0,,,,f,1
813754,42829,1587,41242,Australia,Entire home/apt,1,1,201,26,10,9,9,f,1
17596486,42829,933,41896,Australia,Entire home/apt,1,1,191,0,,,,f,1
15195601,42829,1738,41091,Australia,Private room,1,1,120,2,8,10,10,f,1
13795442,42829,897,41932,Australia,Entire home/apt,1,1,149,5,8,10,10,t,1
12854887,42830,513,42317,Australia,Entire home/apt,1,2,315,0,,,,f,1
14736865,42829,1140,41689,Australia,Private room,1.5,1,85,11,8,9,8,f,1
10911893,42829,841,41988,Australia,Entire home/apt,1,1,157,14,10,10,9,f,1
4882586,42829,1790,41039,Australia,Private room,1,1,37,1,6,10,10,f,1
6979744,42829,980,41849,Australia,Private room,1,1,69,0,,,,f,1
15761573,42829,1403,41426,Australia,Private room,1,1,63,17,10,10,10,f,1
11894971,42829,1185,41644,Australia,Entire home/apt,1,1,151,0,,,,f,1
16440846,42829,1744,41085,Australia,Entire home/apt,1,2,271,0,,,,f,1
16899606,42829,595,42234,Australia,Entire home/apt,1,1,198,1,10,10,10,t,1
10123865,42830,471,42359,Australia,Entire home/apt,1,2,250,0,,,,f,1
16834099,42829,2192,40637,Australia,Private room,1,1,80,4,10,10,10,f,1
6799396,42829,2332,40497,Australia,Private room,1,1,97,1,10,10,10,f,1
3449285,42829,1048,41781,Australia,Entire home/apt,1,1,200,8,10,10,10,f,1
7076451,42830,684,42146,Australia,Private room,1,1,55,0,,,,f,1
17882719,42829,31,42798,Australia,Private room,1,1,110,0,,,,t,1
16899668,42829,412,42417,Australia,Entire home/apt,1,2,300,1,10,10,10,f,1
16220378,42829,1665,41164,Australia,Private room,1,1,79,1,10,,,f,1
491774,42829,1779,41050,Australia,Entire home/apt,1,2,201,2,8,10,8,t,1
17882756,42829,502,42327,Australia,Entire home/apt,1,1,46,0,,,,t,1
14319872,42829,931,41898,Australia,Private room,1,0,90,15,9,9,9,t,1
2008339,42829,1223,41606,Australia,Entire home/apt,1,1,200,34,10,10,10,f,1
7986819,42829,1755,41074,Australia,Private room,1,1,81,0,,,,f,1
14016120,42829,264,42565,Australia,Private room,1,1,100,0,,,,f,1
11630200,42829,793,42036,Australia,Entire home/apt,1,2,80,1,8,10,10,f,1
2968975,42829,2030,40799,Australia,Entire home/apt,1,1,165,0,,,,f,1
4882750,42829,1602,41227,Australia,Entire home/apt,1,2,250,5,8,10,9,f,1
16613699,42829,405,42424,Australia,Entire home/apt,2,2,220,10,10,10,10,t,1
13360831,42829,1653,41176,Australia,Entire home/apt,1,2,420,0,,,,t,1
14474962,42829,237,42592,Australia,Entire home/apt,2,2,225,12,8,10,8,t,1
1614471,42829,1763,41066,Australia,Entire home/apt,1,2,300,0,,,,f,1
3273260,42830,1259,41571,Australia,Private room,1,1,80,3,10,10,9,f,1
16220569,42829,685,42144,Australia,Entire home/apt,1,1,100,1,10,10,8,f,1
11105908,42829,1571,41258,Australia,Entire home/apt,1,1,149,3,9,10,10,f,1
503025,42829,2151,40678,Australia,Entire home/apt,2,2,429,3,10,10,10,f,1
9889794,42830,672,42158,Australia,Private room,1,1,95,0,,,,f,1
8056895,42830,588,42242,Australia,Private room,1,1,124,25,9,10,9,t,1
15987556,42830,212,42618,Australia,Entire home/apt,2,2,1150,0,,,,f,1
6092670,42830,990,41840,Australia,Entire home/apt,1,1,150,0,,,,f,1
13630047,42830,288,42542,Australia,Private room,2,1,120,0,,,,f,1
6160069,42830,1444,41386,Australia,Entire home/apt,3,5,1200,2,9,10,10,f,1
4424187,42829,1736,41093,Australia,Entire home/apt,1,2,176,2,8,10,9,t,1
14058038,42829,261,42568,Australia,Entire home/apt,2,3,650,0,,,,f,1
8300201,42830,574,42256,Australia,Entire home/apt,1,1,100,0,,,,f,1
9697581,42829,495,42334,Australia,Entire home/apt,1,2,200,1,10,10,10,f,1
11108945,42829,1050,41779,Australia,Entire home/apt,3,4,475,1,8,10,6,t,1
10122649,42830,471,42359,Australia,Entire home/apt,1,2,167,2,9,10,10,f,1
4825986,42829,890,41939,Australia,Entire home/apt,1,2,200,1,10,10,10,f,1
9863784,42829,841,41988,Australia,Entire home/apt,1,0,149,1,8,10,10,f,1
6340329,42829,933,41896,Australia,Entire home/apt,2,3,430,1,8,10,8,f,1
17562167,42830,457,42373,Australia,Entire home/apt,1,2,194,2,10,10,10,t,1
9011834,42829,1218,41611,Australia,Entire home/apt,1,2,250,2,10,10,10,f,1
9667174,42829,1014,41815,Australia,Entire home/apt,1,0,85,24,9,10,9,f,1
10188444,42829,1680,41149,Australia,Private room,1,1,85,3,,,,f,1
16220821,42829,1330,41499,Australia,Private room,1,2,115,8,9,10,10,f,1
16351882,42829,1108,41721,Australia,Private room,1,1,269,0,,,,t,1
16548516,42829,96,42733,Australia,Private room,2,1,50,0,,,,t,1
11628742,42830,558,42272,Australia,Entire home/apt,1,2,296,0,,,,f,1
7832251,42829,1806,41023,Australia,Entire home/apt,3,4,475,0,,,,f,1
10388137,42829,2040,40789,Australia,Entire home/apt,1,1,180,11,10,10,10,f,1
8618715,42829,553,42276,Australia,Entire home/apt,1.5,3,250,1,10,10,10,f,1
16351969,42829,1261,41568,Australia,Private room,1,1,66,4,10,10,10,f,1
1606341,42829,1311,41518,Australia,Entire home/apt,1,2,127,111,9,10,9,f,1
2102739,42829,1320,41509,Australia,Entire home/apt,1,3,391,1,10,10,10,f,1
16483078,42829,1042,41787,Australia,Private room,1,1,80,0,,,,f,1
11124867,42829,706,42123,Australia,Entire home/apt,1,1,499,0,,,,f,1
16085351,42830,135,42695,Australia,Private room,1,1,70,0,,,,f,1
4236337,42829,1059,41770,Australia,Entire home/apt,2,2,198,28,9,10,9,t,1
4817674,42829,1294,41535,Australia,Entire home/apt,1,2,275,11,9,10,9,f,1
8758315,42829,1184,41645,Australia,Entire home/apt,1,2,495,19,10,10,9,f,1
17924908,42829,543,42286,Australia,Entire home/apt,1,1,139,0,,,,t,1
5997387,42829,2008,40821,Australia,Private room,1,1,499,3,7,7,7,f,1
17138512,42829,1083,41746,Australia,Entire home/apt,1,2,201,0,,,,f,1
16352084,42829,1389,41440,Australia,Entire home/apt,1,1,220,1,8,10,10,t,1
7766855,42829,605,42224,Australia,Entire home/apt,2,3,450,0,,,,f,1
16221015,42829,575,42254,Australia,Private room,2,1,130,2,9,10,9,f,1
14779247,42829,479,42350,Australia,Private room,1,1,100,8,10,10,10,f,1
16426208,42829,1029,41800,Australia,Private room,1.5,1,64,1,8,10,10,f,1
6980465,42829,1025,41804,Australia,Entire home/apt,1,1,450,0,,,,f,1
4424557,42829,1086,41743,Australia,Entire home/apt,1,2,240,4,10,10,10,f,1
2455246,42829,1134,41695,Australia,Private room,1,1,60,64,8,9,9,f,1
9077662,42829,528,42301,Australia,Entire home/apt,1,1,250,0,,,,f,1
16417696,42829,372,42457,Australia,Entire home/apt,1,2,284,0,,,,t,1
7957321,42829,640,42189,Australia,Entire home/apt,1,1,96,8,9,10,9,t,1
17129969,42829,268,42561,Australia,Private room,1,1,71,0,,,,f,1
15975532,42830,1589,41241,Australia,Entire home/apt,1,2,459,2,10,10,9,t,1
10126300,42829,733,42096,Australia,Private room,1,1,130,0,,,,f,1
8356824,42829,569,42260,Australia,Entire home/apt,1,1,121,8,8,10,9,f,1
1803241,42829,42829,,Australia,Entire home/apt,3,4,950,0,,,,f,1
10126314,42829,42829,,Australia,Entire home/apt,1,2,201,1,6,10,8,f,1
3861364,42830,970,41860,Australia,Entire home/apt,1,2,180,2,6,10,8,f,1
11302674,42829,1187,41642,Australia,Private room,1,1,81,0,,,,t,1
6522104,42829,1686,41143,Australia,Entire home/apt,2.5,2,750,0,,,,f,1
9597228,42830,588,42242,Australia,Entire home/apt,1,1,229,6,9,10,9,f,1
17794339,42829,234,42595,Australia,Private room,1,1,33,0,,,,f,1
9930009,42829,948,41881,Australia,Private room,1,1,60,19,10,10,10,f,1
3516188,42829,1003,41826,Australia,Entire home/apt,3,4,520,12,10,10,9,f,1
16016603,42829,638,42191,Australia,Private room,1,1,80,12,10,10,10,f,1
13006623,42830,1358,41472,Australia,Entire home/apt,2,2,360,0,,,,f,1
16418132,42829,2100,40729,Australia,Entire home/apt,1,2,199,1,10,10,8,f,1
4425034,42829,42829,,Australia,Entire home/apt,2,3,295,2,9,10,9,f,1
6267139,42829,701,42128,Australia,Private room,1,1,150,6,10,10,10,f,1
15959402,42829,42829,,Australia,Entire home/apt,1,0,80,0,,,,t,1
11240803,42829,42829,,Australia,Entire home/apt,1,3,400,4,,,,f,1
4752752,42829,42829,,Australia,Entire home/apt,1,1,201,12,10,10,10,f,1
15238515,42829,195,42634,Australia,Entire home/apt,3.5,4,800,1,,,,f,1
16418249,42829,867,41962,Australia,Private room,1,2,80,0,,,,t,1
8488424,42829,562,42267,Australia,Entire home/apt,2,2,250,2,9,10,9,f,1
12547902,42829,512,42317,Australia,Entire home/apt,2,4,575,0,,,,f,1
16180419,42829,933,41896,Australia,Private room,1,1,80,0,,,,f,1
3434806,42829,1013,41816,Australia,Private room,1,1,94,9,10,9,10,f,1
4228622,42829,917,41912,Australia,Entire home/apt,2,4,750,0,,,,f,1
13534760,42829,854,41975,Australia,Private room,1,1,55,0,,,,t,1
16152391,42829,916,41913,Australia,Entire home/apt,2,2,375,1,10,8,10,f,1
16241524,42829,544,42285,Australia,Private room,2,1,60,0,,,,f,1
9012813,42829,1295,41534,Australia,Private room,2,1,100,3,9,10,9,f,1
1818894,42829,1576,41253,Australia,Entire home/apt,1.5,2,284,4,10,10,9,f,1
7308893,42829,659,42170,Australia,Private room,1,1,67,0,,,,f,1
12813931,42829,338,42491,Australia,Entire home/apt,1,2,60,14,10,10,10,t,1
9864823,42829,503,42326,Australia,Private room,1,1,75,2,8,10,8,f,1
16873316,42829,42829,,Australia,Private room,1,1,75,0,,,,t,1
17794718,42829,1219,41610,Australia,Entire home/apt,1,1,149,0,,,,t,1
16352930,42829,454,42375,Australia,Private room,1,1,55,2,9,10,8,f,1
3962691,42829,953,41876,Australia,Entire home/apt,1,1,177,23,,,,f,1
9562832,42830,502,42328,Australia,Entire home/apt,1,2,150,0,,,,f,1
3962733,42830,1529,41301,Australia,Entire home/apt,1,3,600,0,,,,f,1
14776185,42829,219,42610,Australia,Entire home/apt,1,3,400,0,,,,f,1
11346296,42829,1073,41756,Australia,Entire home/apt,1,2,200,8,9,10,9,f,1
15363115,42830,750,42080,Australia,Entire home/apt,1,1,279,6,9,10,9,t,1
2780207,42830,1154,41676,Australia,Entire home/apt,1,1,300,6,9,9,8,f,1
750029,42830,1626,41204,Australia,Entire home/apt,1,2,451,2,8,10,10,t,1
17080582,42829,378,42451,Australia,Private room,2,1,91,10,9,10,9,f,1
9863226,42829,678,42151,Australia,Entire home/apt,1,1,150,1,,,,t,1
17925151,42829,76,42753,Australia,Private room,1,1,95,0,,,,t,1
5801076,42829,739,42090,Australia,Private room,1,1,125,0,,,,f,1
820346,42829,1583,41246,Australia,Entire home/apt,1,2,380,3,9,9,9,f,1
15467740,42829,372,42457,Australia,Private room,1,1,88,15,10,10,10,t,1
4326684,42829,904,41925,Australia,Private room,1,1,64,13,10,10,10,f,1
9078104,42829,1368,41461,Australia,Entire home/apt,2,2,250,1,10,10,10,f,1
12748182,42829,1357,41472,Australia,Private room,2,1,62,1,8,10,10,t,1
5014943,42829,816,42013,Australia,Private room,1,1,120,80,10,10,10,f,1
1748033,42829,1585,41244,Australia,Entire home/apt,1,2,273,0,,,,f,1
10127575,42829,1367,41462,Australia,Entire home/apt,1,1,191,1,8,10,10,f,1
17336859,42829,1052,41777,Australia,Entire home/apt,1,1,150,0,,,,t,1
15567244,42829,1695,41134,Australia,Entire home/apt,1,1,200,8,10,10,10,t,1
8226657,42829,938,41891,Australia,Entire home/apt,1,2,120,1,2,6,6,t,1
9734002,42829,1177,41652,Australia,Private room,1,1,70,0,,,,f,1
10454953,42829,654,42175,Australia,Private room,1.5,1,70,41,10,10,10,f,1
13535357,42829,293,42536,Australia,Entire home/apt,2,2,166,7,10,10,9,f,1
15763596,42829,155,42674,Australia,Private room,2,1,110,12,10,10,10,f,1
13287840,42829,2008,40821,Australia,Shared room,1,1,328,0,,,,f,1
15960390,42829,141,42688,Australia,Entire home/apt,1,1,219,0,,,,f,1
3770360,42829,976,41853,Australia,Private room,1,1,106,133,9,10,9,t,1
13142826,42829,410,42419,Australia,Entire home/apt,1,0,116,5,9,10,10,f,1
4951009,42829,1050,41779,Australia,Entire home/apt,2.5,3,501,1,8,8,8,f,1
16419627,42829,496,42333,Australia,Private room,1,1,100,0,,,,t,1
5707630,42829,748,42081,Australia,Private room,1,1,80,0,,,,f,1
7376185,42829,628,42201,Australia,Entire home/apt,1,1,100,1,10,10,6,f,1
6917323,42829,656,42173,Australia,Entire home/apt,1,2,250,8,9,10,9,f,1
14191349,42829,252,42577,Australia,Entire home/apt,1,2,200,7,10,10,10,t,1
4164821,42829,927,41902,Australia,Entire home/apt,1,3,300,2,10,10,10,f,1
17795977,42829,326,42503,Australia,Entire home/apt,1,1,100,0,,,,f,1
1543298,42829,1325,41504,Australia,Entire home/apt,3,5,850,7,10,10,9,f,1
14389543,42829,244,42585,Australia,Private room,1,1,55,2,2,9,6,f,1
12095128,42829,1723,41106,Australia,Private room,2.5,1,150,0,,,,f,1
4165483,42829,925,41904,Australia,Private room,1,1,50,4,9,9,9,f,1
11702789,42829,391,42438,Australia,Private room,1,1,70,29,9,10,9,t,1
7638909,42829,613,42216,Australia,Entire home/apt,1,1,180,1,,,,f,1
10041811,42829,1036,41793,Australia,Entire home/apt,1,2,198,0,,,,f,1
7311508,42829,631,42198,Australia,Entire home/apt,1,2,260,7,9,9,9,f,1
1347473,42829,1767,41062,Australia,Private room,1,1,68,27,10,10,10,f,1
8229016,42829,1074,41755,Australia,Entire home/apt,1,2,349,0,,,,f,1
16302708,42829,117,42712,Australia,Entire home/apt,1,2,250,8,8,10,9,f,1
16289467,42829,519,42310,Australia,Entire home/apt,2,2,280,0,,,,t,1
16682474,42829,1363,41466,Australia,Entire home/apt,1,2,169,1,10,10,10,f,1
1937096,42829,1466,41363,Australia,Entire home/apt,1,1,240,36,10,10,9,f,1
4493690,42829,1321,41508,Australia,Entire home/apt,2,3,349,0,,,,f,1
16355711,42829,1097,41732,Australia,Private room,1,1,160,0,,,,f,1
9080326,42829,528,42301,Australia,Entire home/apt,3,5,725,0,,,,f,1
2723337,42829,1095,41734,Australia,Entire home/apt,2,2,995,0,,,,f,1
11440052,42829,408,42421,Australia,Entire home/apt,1,0,180,51,9,10,9,f,1
889410,42829,1539,41290,Australia,Entire home/apt,1,1,150,3,10,10,9,f,1
2003135,42829,1223,41606,Australia,Entire home/apt,1,1,91,1,10,10,8,f,1
17993925,42829,772,42057,Australia,Private room,1.5,1,54,0,,,,f,1
10129822,42829,1574,41255,Australia,Entire home/apt,1,2,166,0,,,,f,1
15634190,42829,767,42062,Australia,Entire home/apt,1,1,120,1,8,8,10,t,1
16421089,42829,1368,41461,Australia,Entire home/apt,1,1,120,0,,,,t,1
757986,42829,1911,40918,Australia,Entire home/apt,1,1,271,14,9,10,8,f,1
4297327,42829,1883,40946,Australia,Entire home/apt,2,2,200,13,10,10,10,f,1
15134153,42829,1504,41325,Australia,Entire home/apt,1,1,91,9,9,10,10,t,1
823998,42829,1582,41247,Australia,Entire home/apt,1,2,180,2,10,9,10,f,1
16813870,42829,512,42317,Australia,Entire home/apt,1,2,260,0,,,,f,1
9998965,42829,1956,40873,Australia,Private room,1,1,129,2,10,10,10,f,1
12685336,42829,512,42317,Australia,Entire home/apt,1,1,155,1,8,,,f,1
10523099,42829,501,42328,Australia,Private room,1,1,70,5,10,10,10,f,1
16289600,42829,1688,41141,Australia,Entire home/apt,1,2,160,1,6,8,10,f,1
2068052,42829,1634,41195,Australia,Private room,1,1,120,0,,,,f,1
1412698,42829,1354,41475,Australia,Entire home/apt,1,2,371,6,9,10,9,f,1
12292155,42829,573,42256,Australia,Entire home/apt,1,2,300,14,10,10,9,f,1
12095316,42829,393,42436,Australia,Private room,1.5,1,50,1,8,10,10,f,1
5084468,42829,1546,41283,Australia,Entire home/apt,1,2,150,7,10,10,10,f,1
13735099,42829,1024,41805,Australia,Private room,1,1,43,2,7,10,8,f,1
955592,42829,1568,41261,Australia,Entire home/apt,1,1,130,5,8,10,9,f,1
496747,42829,1776,41053,Australia,Private room,1,1,70,1,8,10,10,f,1
4559984,42829,1129,41700,Australia,Entire home/apt,2,3,861,2,10,10,10,f,1
15439069,42829,1183,41646,Australia,Entire home/apt,1,1,750,0,,,,f,1
1774326,42829,1596,41233,Australia,Entire home/apt,1.5,3,198,26,10,10,10,f,1
15635446,42829,964,41865,Australia,Entire home/apt,1,1,100,2,6,10,9,f,1
17863910,42829,512,42317,Australia,Entire home/apt,1,0,200,0,,,,f,1
8635307,42829,2016,40813,Australia,Entire home/apt,1,2,501,0,,,,f,1
1873224,42829,1689,41140,Australia,Entire home/apt,1,2,194,9,10,10,9,f,1
16815105,42829,90,42739,Australia,Private room,1,1,60,0,,,,f,1
694483,42829,1664,41165,Australia,Private room,1,1,35,3,4,9,8,t,1
8295440,42829,1777,41052,Australia,Entire home/apt,1.5,2,197,1,10,6,10,f,1
4297628,42829,908,41921,Australia,Private room,1,1,99,1,10,10,8,f,1
1873060,42829,1250,41579,Australia,Entire home/apt,1,1,100,2,8,9,10,f,1
6395363,42829,1386,41443,Australia,Entire home/apt,2.5,3,399,4,9,10,10,f,1
12686131,42829,512,42317,Australia,Entire home/apt,1,1,155,3,9,10,9,f,1
8295922,42829,1370,41459,Australia,Private room,1,1,300,0,,,,f,1
9868214,42829,484,42345,Australia,Entire home/apt,1,2,150,1,10,10,10,t,1
16290988,42829,117,42712,Australia,Private room,1,1,100,0,,,,f,1
15570335,42829,512,42317,Australia,Entire home/apt,2,2,430,0,,,,f,1
4834201,42829,1275,41554,Australia,Entire home/apt,1,1,150,3,9,10,9,f,1
3052488,42829,2535,40294,Australia,Entire home/apt,4,4,914,0,,,,f,1
15975204,42829,985,41844,Australia,Private room,1,1,100,2,6,10,10,t,1
9737871,42829,525,42304,Australia,Entire home/apt,1,1,160,1,8,10,10,t,1
15833005,42829,513,42316,Australia,Entire home/apt,2,2,427,0,,,,f,1
8427831,42829,923,41906,Australia,Private room,1,1,50,0,,,,f,1
1218594,42829,1428,41401,Australia,Entire home/apt,1,2,194,69,10,9,9,f,1
17406006,42829,1622,41207,Australia,Entire home/apt,1,1,105,0,,,,f,1
12327223,42829,1303,41526,Australia,Entire home/apt,2,2,260,3,9,10,9,f,1
11704496,42829,543,42286,Australia,Entire home/apt,2,3,349,4,9,10,10,f,1
11442500,42829,1504,41325,Australia,Private room,1,1,60,8,9,9,9,f,1
2332609,42829,1156,41673,Australia,Private room,1,1,64,41,9,9,9,f,1
17275063,42829,289,42540,Australia,Entire home/apt,1,1,180,1,10,10,10,t,1
16816092,42829,914,41915,Australia,Private room,1,3,551,0,,,,f,1
13604718,42829,673,42156,Australia,Private room,1,1,53,0,,,,f,1
16357452,42829,897,41932,Australia,Private room,1,1,55,3,10,10,10,f,1
9738460,42829,1059,41770,Australia,Entire home/apt,1,2,300,0,,,,f,1
15636028,42829,163,42666,Australia,Entire home/apt,1,1,120,2,8,10,8,f,1
12687613,42829,343,42486,Australia,Entire home/apt,1,2,150,0,,,,f,1
2332541,42829,1156,41673,Australia,Entire home/apt,1,1,99,3,9,10,10,f,1
11573234,42829,1471,41358,Australia,Private room,1,1,64,5,7,9,9,f,1
16357257,42829,1043,41786,Australia,Private room,1,1,100,0,,,,f,1
4533931,42829,877,41952,Australia,Entire home/apt,2,3,579,0,,,,f,1
15374602,42829,1056,41773,Australia,Private room,1,1,95,2,10,10,10,f,1
5347087,42829,1950,40879,Australia,Private room,1,1,60,0,,,,t,1
17733240,42829,1090,41739,Australia,Entire home/apt,2,3,180,0,,,,f,1
15833101,42829,689,42140,Australia,Entire home/apt,2.5,2,451,0,,,,f,1
4953797,42829,2085,40744,Australia,Entire home/apt,1,1,150,10,9,10,9,f,1
2136197,42829,1191,41638,Australia,Entire home/apt,1,1,250,1,10,10,10,f,1
11573666,42829,400,42429,Australia,Entire home/apt,2,2,200,2,10,10,10,f,1
17701796,42829,145,42684,Australia,Entire home/apt,1,1,91,0,,,,t,1
13607434,42829,378,42451,Australia,Private room,1,1,105,2,6,10,7,f,1
8494045,42829,819,42010,Australia,Private room,1.5,1,80,0,,,,f,1
3579014,42829,2099,40730,Australia,Entire home/apt,1,1,159,2,10,9,8,f,1
7904404,42829,596,42233,Australia,Entire home/apt,3,3,349,3,10,10,10,t,1
4824237,42829,1085,41744,Australia,Private room,1,1,95,2,10,10,10,t,1
13868231,42829,272,42557,Australia,Entire home/apt,1,2,150,4,10,10,10,f,1
2333966,42829,1155,41674,Australia,Entire home/apt,1,3,399,3,10,10,8,f,1
17079656,42829,110,42719,Australia,Shared room,2,1,50,1,10,10,10,f,1
13081969,42829,1777,41052,Australia,Entire home/apt,1,2,346,0,,,,f,1
6856125,42829,1218,41611,Australia,Entire home/apt,1,1,451,7,10,10,9,f,1
3513769,42829,1215,41614,Australia,Entire home/apt,1,1,91,65,10,10,9,f,1
5610938,42829,1446,41383,Australia,Entire home/apt,1.5,2,240,28,10,10,10,f,1
10165707,42829,755,42074,Australia,Entire home/apt,2,2,219,1,10,8,10,f,1
826840,42829,2535,40294,Australia,Entire home/apt,4,5,900,0,,,,t,1
5512694,42829,792,42037,Australia,Entire home/apt,1,2,120,1,10,10,10,f,1
12098138,42829,2526,40303,Australia,Entire home/apt,2,3,451,4,10,10,10,f,1
8886799,42829,980,41849,Australia,Entire home/apt,2,3,600,1,10,10,10,f,1
1941030,42829,1689,41140,Australia,Private room,2,1,75,73,10,10,10,f,1
17079908,42829,110,42719,Australia,Shared room,2,1,45,1,10,10,8,f,1
9028892,42829,1359,41470,Australia,Entire home/apt,1,2,219,1,10,10,8,f,1
17407826,42829,1399,41430,Australia,Private room,1,1,80,1,10,10,10,f,1
16162759,42829,127,42702,Australia,Entire home/apt,1,1,130,11,7,10,8,f,1
15441928,42829,2098,40731,Australia,Entire home/apt,1,2,75,9,10,10,10,f,1
12787731,42829,339,42490,Australia,Private room,1,1,50,0,,,,f,1
16097503,42829,1311,41518,Australia,Entire home/apt,3,4,1200,0,,,,f,1
13607177,42829,1030,41799,Australia,Entire home/apt,1,2,200,2,10,10,10,f,1
9356722,42829,894,41935,Australia,Private room,1,1,120,2,10,6,6,f,1
17146154,42829,876,41953,Australia,Entire home/apt,2,2,197,1,,,,f,1
11510136,42829,1529,41300,Australia,Entire home/apt,2,1,156,7,10,10,9,f,1
15931824,42829,1400,41429,Australia,Private room,2,1,85,4,7,10,9,t,1
1317571,42829,1473,41356,Australia,Private room,2,1,91,78,9,10,9,f,1
18028989,42829,880,41949,Australia,Entire home/apt,3,4,275,0,,,,f,1
2661123,42829,1103,41726,Australia,Entire home/apt,1,1,250,15,9,10,9,f,1
17079050,42829,110,42719,Australia,Shared room,2,1,45,1,8,10,10,f,1
2857778,42829,1090,41739,Australia,Entire home/apt,1,2,205,20,9,10,8,f,1
17079114,42829,110,42719,Australia,Shared room,2,1,55,1,8,10,8,f,1
15901817,42829,512,42317,Australia,Entire home/apt,1,1,420,0,,,,f,1
9217617,42829,1519,41310,Australia,Entire home/apt,1,2,700,2,10,10,10,f,1
633795,42829,1659,41170,Australia,Private room,1,1,100,1,,,,f,1
8763050,42829,546,42283,Australia,Entire home/apt,1.5,2,229,0,,,,f,1
964701,42829,1497,41332,Australia,Private room,1,1,125,4,8,10,9,f,1
12762013,42829,1043,41786,Australia,Entire home/apt,2,3,501,0,,,,f,1
16370227,42829,1326,41503,Australia,Private room,1,1,80,1,10,10,10,f,1
4033115,42829,1333,41496,Australia,Entire home/apt,3,5,1351,1,10,10,10,f,1
6472521,42829,1401,41428,Australia,Private room,1,1,35,0,,,,f,1
17942064,42829,371,42458,Australia,Entire home/apt,2.5,4,1200,0,,,,t,1
14829119,42829,2535,40294,Australia,Entire home/apt,2,4,930,0,,,,f,1
6735799,42829,666,42163,Australia,Entire home/apt,1,2,399,0,,,,f,1
9652725,42829,512,42317,Australia,Entire home/apt,2,2,374,0,,,,f,1
9434907,42829,1238,41591,Australia,Private room,1.5,1,85,12,9,10,10,f,1
1920616,42829,1239,41590,Australia,Entire home/apt,1,2,349,8,8,10,9,f,1
249998,42829,1994,40835,Australia,Entire home/apt,1,2,250,13,9,10,10,t,1
4575789,42829,891,41938,Australia,Entire home/apt,1,0,125,0,,,,f,1
16231367,42829,1869,40960,Australia,Entire home/apt,1.5,1,600,1,10,10,10,f,1
7318456,42829,859,41970,Australia,Entire home/apt,1,0,185,25,10,10,9,t,1
9284522,42829,1145,41684,Australia,Entire home/apt,1,1,300,1,8,10,10,f,1
2665381,42829,1289,41540,Australia,Entire home/apt,1,4,300,6,10,10,9,t,1
15379303,42829,890,41939,Australia,Entire home/apt,2,3,501,0,,,,t,1
4311175,42829,1585,41244,Australia,Entire home/apt,1,2,460,0,,,,f,1
4174592,42829,1546,41283,Australia,Entire home/apt,1,2,260,109,10,10,10,f,1
9744485,42829,1093,41736,Australia,Private room,1,1,78,0,,,,f,1
7974993,42829,592,42237,Australia,Entire home/apt,2,2,250,0,,,,f,1
13348950,42829,1355,41474,Australia,Private room,1,1,50,0,,,,f,1
5550144,42829,1238,41591,Australia,Private room,1.5,1,70,37,8,9,9,f,1
6860833,42829,658,42171,Australia,Private room,2,1,55,4,10,10,10,f,1
16887840,42829,72,42757,Australia,Entire home/apt,1,1,200,1,10,8,10,t,1
9280858,42829,517,42312,Australia,Entire home/apt,1,1,150,1,6,10,10,t,1
15904787,42829,156,42673,Australia,Entire home/apt,1,2,399,9,10,10,10,t,1
4960278,42829,821,42008,Australia,Private room,1,1,85,0,,,,f,1
17018879,42829,1370,41459,Australia,Private room,1,1,91,4,10,10,10,f,1
12496899,42829,407,42422,Australia,Private room,2,1,55,2,6,8,8,f,1
15662978,42830,163,42667,Australia,Private room,1,1,79,4,10,10,10,f,1
4325246,42830,1302,41528,Australia,Private room,1,1,91,15,10,10,9,f,1
14876464,42830,392,42438,Australia,Entire home/apt,1,2,200,6,10,10,10,t,1
10020927,42830,2092,40738,Australia,Private room,1.5,1,125,0,,,,f,1
9698914,42830,494,42336,Australia,Entire home/apt,1,1,219,1,2,10,6,f,1
2620990,42830,1110,41720,Australia,Entire home/apt,1,1,116,45,10,10,10,f,1
10419214,42830,640,42190,Australia,Private room,1,1,56,15,7,10,9,f,1
2161668,42830,1429,41401,Australia,Private room,1,1,68,1,10,8,8,f,1
12254099,42830,460,42370,Australia,Private room,2,1,50,1,10,10,10,f,1
16382844,42830,959,41871,Australia,Entire home/apt,1,0,200,0,,,,f,1
9698099,42830,494,42336,Australia,Entire home/apt,1,1,152,1,10,10,8,f,1
7666416,42830,1445,41385,Australia,Entire home/apt,1,2,131,2,9,10,10,f,1
16382552,42830,704,42126,Australia,Entire home/apt,2,1,185,0,,,,f,1
1898993,42830,1245,41585,Australia,Entire home/apt,1,2,285,2,7,8,7,f,1
5241274,42830,1365,41465,Australia,Entire home/apt,2,3,737,0,,,,f,1
14155057,42830,991,41839,Australia,Entire home/apt,3,5,1000,0,,,,f,1
6683934,42830,1869,40961,Australia,Entire home/apt,1,1,75,0,,,,f,1
16383252,42830,111,42719,Australia,Private room,1,1,60,0,,,,f,1
14613733,42830,1347,41483,Australia,Entire home/apt,1,1,141,2,10,9,9,t,1
16383176,42830,115,42715,Australia,Private room,1,1,60,3,9,10,10,f,1
4193453,42830,923,41907,Australia,Entire home/apt,2,3,141,1,6,10,6,f,1
15858795,42830,513,42317,Australia,Entire home/apt,2,2,470,0,,,,f,1
5241936,42830,793,42037,Australia,Entire home/apt,3,4,1349,6,8,9,8,f,1
17333316,42830,1649,41181,Australia,Private room,1,2,100,0,,,,t,1
9238898,42830,520,42310,Australia,Entire home/apt,2,4,501,0,,,,f,1
15857722,42830,513,42317,Australia,Entire home/apt,2,1,850,0,,,,f,1
14940179,42830,329,42501,Australia,Private room,1,1,64,15,10,10,9,f,1
784357,42830,1604,41226,Australia,Entire home/apt,1,2,300,4,8,10,9,f,1
653240,42830,1693,41137,Australia,Private room,1,1,78,116,9,10,9,t,1
16616747,42830,639,42191,Australia,Private room,1,1,80,8,10,10,10,t,1
16572068,42830,1160,41670,Australia,Entire home/apt,2,3,900,0,,,,f,1
879178,42830,1810,41020,Australia,Private room,1,1,66,9,9,10,9,f,1
9564825,42830,502,42328,Australia,Entire home/apt,1,1,100,0,,,,f,1
15329850,42830,451,42379,Australia,Entire home/apt,1,1,436,8,9,10,9,f,1
11499369,42830,403,42427,Australia,Private room,2,1,39,0,,,,f,1
17560891,42830,1014,41816,Australia,Entire home/apt,1,1,130,1,6,8,10,f,1
17954097,42830,364,42466,Australia,Shared room,1,1,28,0,,,,t,1
3732664,42830,1141,41689,Australia,Entire home/apt,1,1,141,11,9,9,9,f,1
16341293,42830,114,42716,Australia,Entire home/apt,1,2,187,0,,,,f,1
16479399,42830,104,42726,Australia,Entire home/apt,1,1,141,3,10,10,10,f,1
6748487,42830,773,42057,Australia,Shared room,1,1,42,0,,,,f,1
16054583,42830,1786,41044,Australia,Entire home/apt,1,2,250,1,10,10,10,f,1
9435433,42830,1419,41411,Australia,Entire home/apt,2,3,590,2,9,8,7,f,1
9697545,42830,1228,41602,Australia,Entire home/apt,1,2,75,2,10,10,8,t,1
960394,42830,1500,41330,Australia,Private room,1,1,110,1,,,,f,1
13105339,42830,321,42509,Australia,Private room,1,3,56,9,8,10,9,f,1
9828503,42830,1093,41737,Australia,Private room,1,1,80,6,9,9,9,f,1
14809226,42830,851,41979,Australia,Entire home/apt,2,2,349,1,10,10,10,f,1
10156169,42830,640,42190,Australia,Private room,1,1,60,18,8,10,9,f,1
4379490,42830,975,41855,Australia,Entire home/apt,1,2,250,8,9,10,9,f,1
16380780,42830,406,42424,Australia,Private room,1,1,150,1,6,10,6,f,1
9261864,42830,1143,41687,Australia,Entire home/apt,1,1,160,21,10,10,10,f,1
12972760,42830,1586,41244,Australia,Entire home/apt,2,3,250,0,,,,f,1
9138903,42830,621,42209,Australia,Private room,0.5,1,150,0,,,,f,1
13367033,42830,1957,40873,Australia,Entire home/apt,1,2,271,7,8,10,9,f,1
5764835,42830,743,42087,Australia,Entire home/apt,1,1,250,5,9,10,9,f,1
9850640,42830,485,42345,Australia,Private room,1,1,64,0,,,,f,1
2029117,42830,1961,40869,Australia,Entire home/apt,1.5,3,315,0,,,,f,1
914960,42830,1975,40855,Australia,Entire home/apt,1,2,260,6,9,10,9,f,1
9500152,42830,505,42325,Australia,Entire home/apt,2.5,4,395,2,8,10,10,f,1
15103375,42830,1133,41697,Australia,Entire home/apt,1,1,1000,2,10,10,10,f,1
7009651,42830,672,42158,Australia,Shared room,2,1,35,10,6,8,7,f,1
1995459,42830,1226,41604,Australia,Entire home/apt,1,2,250,1,10,10,10,f,1
5291466,42830,1612,41218,Australia,Entire home/apt,1,1,179,27,9,10,10,f,1
13005362,42830,743,42087,Australia,Entire home/apt,1,1,100,0,,,,f,1
1995192,42830,1613,41217,Australia,Private room,1,1,110,11,9,10,10,f,1
15793775,42830,1261,41569,Australia,Entire home/apt,1,1,110,1,8,10,8,f,1
3208816,42830,1179,41651,Australia,Entire home/apt,1,1,290,1,4,10,8,f,1
12055614,42830,375,42455,Australia,Private room,1,1,110,17,9,10,9,f,1
3044381,42830,1365,41465,Australia,Entire home/apt,2,2,210,2,10,8,8,f,1
5862431,42830,806,42024,Australia,Entire home/apt,1.5,2,250,0,,,,f,1
15758355,42830,422,42408,Australia,Entire home/apt,2,2,349,3,9,10,8,f,1
6124494,42830,889,41941,Australia,Entire home/apt,1,2,349,0,,,,f,1
15823816,42830,581,42249,Australia,Private room,1,1,120,1,10,10,10,f,1
5469086,42830,1841,40989,Australia,Entire home/apt,1,1,130,18,9,9,8,f,1
4387091,42830,900,41930,Australia,Entire home/apt,1,2,180,0,,,,f,1
17592506,42830,30,42800,Australia,Entire home/apt,1,1,155,0,,,,f,1
15134861,42830,1068,41762,Australia,Entire home/apt,1,1,300,14,9,10,9,f,1
9498756,42830,533,42297,Australia,Entire home/apt,1,1,200,1,2,10,6,f,1
9826433,42830,490,42340,Australia,Entire home/apt,2,3,242,1,8,10,10,f,1
10022976,42830,884,41946,Australia,Private room,1,1,50,0,,,,f,1
7828114,42830,669,42161,Australia,Entire home/apt,1,0,130,3,9,10,10,f,1
12546695,42830,513,42317,Australia,Entire home/apt,1,1,155,2,10,10,10,f,1
16314312,42830,1758,41072,Australia,Entire home/apt,1,1,200,0,,,,f,1
7565245,42830,1011,41819,Australia,Private room,1,1,79,0,,,,f,1
1961902,42830,1233,41597,Australia,Entire home/apt,5,6,1600,19,10,10,9,f,1
8584508,42830,1396,41434,Australia,Entire home/apt,1,1,219,3,10,10,8,f,1
782070,42830,1633,41197,Australia,Entire home/apt,1,1,175,56,8,9,9,f,1
5766339,42830,743,42087,Australia,Private room,1,1,64,6,8,10,10,f,1
16247817,42830,360,42470,Australia,Entire home/apt,1,2,349,15,10,10,9,f,1
8941568,42830,537,42293,Australia,Entire home/apt,1,2,160,1,10,10,10,f,1
4681721,42830,860,41970,Australia,Private room,1,1,80,1,6,10,10,f,1
13495196,42830,318,42512,Australia,Private room,1,1,39,0,,,,t,1
16444310,42830,961,41869,Australia,Private room,2,1,70,0,,,,f,1
15395713,42830,419,42411,Australia,Private room,1,1,150,2,10,10,10,t,1
16444000,42830,485,42345,Australia,Entire home/apt,1,0,271,4,10,10,10,f,1
4123202,42830,1125,41705,Australia,Entire home/apt,1,2,175,29,9,10,9,f,1
9097654,42830,955,41875,Australia,Private room,1,1,120,1,8,8,10,f,1
2484762,42830,1130,41700,Australia,Entire home/apt,1,0,155,54,9,10,8,f,1
16901895,42830,1492,41338,Australia,Entire home/apt,1,1,150,0,,,,f,1
9927741,42830,1073,41757,Australia,Private room,2.5,1,148,0,,,,f,1
16313839,42830,1141,41689,Australia,Entire home/apt,1,2,451,0,,,,t,1
6548839,42830,680,42150,Australia,Entire home/apt,1,1,169,4,9,10,10,f,1
4615473,42830,975,41855,Australia,Private room,1,1,55,6,8,10,9,f,1
5500173,42830,767,42063,Australia,Entire home/apt,1,2,340,1,10,10,10,f,1
16772350,42830,1225,41605,Australia,Entire home/apt,1.5,3,551,1,10,10,10,t,1
17852510,42830,287,42543,Australia,Private room,1,1,70,0,,,,f,1
11266133,42830,415,42415,Australia,Private room,1,1,150,0,,,,f,1
15397822,42830,181,42649,Australia,Private room,1,1,70,3,10,10,10,f,1
9496548,42830,1628,41202,Australia,Entire home/apt,1,2,141,4,9,9,10,f,1
9829012,42830,634,42196,Australia,Entire home/apt,2,2,275,1,,,,f,1
15756844,42830,857,41973,Australia,Entire home/apt,3,5,451,1,10,10,10,f,1
7335464,42830,1724,41106,Australia,Entire home/apt,2,4,750,1,10,10,8,f,1
4582944,42830,873,41957,Australia,Entire home/apt,2,3,321,0,,,,f,1
4582940,42830,1649,41181,Australia,Entire home/apt,1,1,250,4,10,10,10,f,1
16182797,42830,126,42704,Australia,Entire home/apt,2,3,300,2,10,10,10,t,1
13495164,42830,827,42003,Australia,Entire home/apt,1,2,280,3,9,9,9,f,1
17427273,42830,40,42790,Australia,Private room,1,1,51,0,,,,t,1
10283844,42830,1589,41241,Australia,Entire home/apt,2,2,448,0,,,,f,1
11660065,42830,1282,41548,Australia,Entire home/apt,1,1,244,4,10,10,9,f,1
15132512,42830,1733,41097,Australia,Entire home/apt,1,2,219,1,8,10,8,f,1
16492174,42830,103,42727,Australia,Private room,1,1,80,1,8,10,10,t,1
9037647,42830,868,41962,Australia,Private room,1,1,100,1,10,10,10,f,1
10025855,42829,475,42354,Australia,Private room,1,1,141,0,,,,f,1
9432697,42830,510,42320,Australia,Private room,1,1,88,1,,,,f,1
3075667,42830,1111,41719,Australia,Entire home/apt,1,1,200,4,10,10,10,f,1
16442343,42829,286,42543,Australia,Private room,1.5,1,95,0,,,,f,1
4318125,42829,949,41880,Australia,Entire home/apt,1,1,91,9,10,9,10,f,1
16442255,42829,247,42582,Australia,Entire home/apt,1,0,120,15,9,9,8,f,1
17752973,42829,1334,41495,Australia,Private room,1,1,180,0,,,,f,1
4842292,42829,839,41990,Australia,Private room,1,1,70,1,8,10,8,f,1
16098286,42829,132,42697,Australia,Private room,1,2,99,10,10,10,10,f,1
15591075,42830,177,42653,Australia,Private room,1,1,54,26,10,10,10,t,1
13493907,42830,1365,41465,Australia,Entire home/apt,3,3,1062,0,,,,f,1
1894018,42830,1365,41465,Australia,Entire home/apt,2,2,180,3,10,10,9,f,1
15328842,42830,185,42645,Australia,Private room,1,1,83,9,10,9,10,f,1
6415827,42830,1331,41499,Australia,Entire home/apt,2,2,349,4,8,10,9,f,1
9758087,42829,490,42339,Australia,Entire home/apt,2,4,200,0,,,,f,1
4365362,42829,1585,41244,Australia,Entire home/apt,2,4,646,0,,,,f,1
1893048,42829,1246,41583,Australia,Entire home/apt,1,2,219,1,2,10,6,f,1
6545838,42829,680,42149,Australia,Entire home/apt,2,2,200,3,9,10,9,f,1
16245161,42829,120,42709,Australia,Entire home/apt,1,2,225,0,,,,f,1
4841873,42829,840,41989,Australia,Entire home/apt,3,3,650,2,10,10,10,f,1
4526838,42829,1653,41176,Australia,Private room,2,1,67,8,10,10,10,f,1
1892705,42829,1246,41583,Australia,Private room,1,1,75,4,9,10,10,f,1
3596529,42829,994,41835,Australia,Private room,1,1,39,0,,,,f,1
6545645,42829,679,42150,Australia,Private room,1,1,85,5,9,10,9,f,1
17686754,42829,85,42744,Australia,Entire home/apt,1,1,180,0,,,,f,1
4252714,42829,1043,41786,Australia,Entire home/apt,3,4,1000,2,10,10,10,f,1
4841364,42829,1372,41457,Australia,Entire home/apt,1,2,135,5,10,10,10,f,1
13819625,42829,693,42136,Australia,Private room,1,1,150,1,8,10,10,f,1
16178684,42829,126,42703,Australia,Private room,1,1,49,1,10,10,10,f,1
16244199,42829,491,42338,Australia,Private room,1,1,91,1,10,10,10,f,1
16833967,42829,680,42149,Australia,Private room,1,1,80,1,10,10,8,t,1
16440682,42829,1371,41458,Australia,Private room,1,,70,0,,,,f,1
15589530,42829,833,41996,Australia,Entire home/apt,1,2,200,3,9,10,9,f,1
3006604,42829,1490,41339,Australia,Entire home/apt,1,2,150,0,,,,f,1
16441469,42829,590,42239,Australia,Private room,1,1,70,15,9,10,9,t,1
13033575,42829,324,42505,Australia,Entire home/apt,1,1,89,8,9,10,9,f,1
4710375,42829,1345,41484,Australia,Private room,1,1,78,51,10,10,10,f,1
8511466,42829,1125,41704,Australia,Entire home/apt,1,1,169,1,8,10,10,f,1
15457183,42829,436,42393,Australia,Entire home/apt,2,2,349,2,7,10,10,f,1
16637590,42829,411,42418,Australia,Private room,1,1,75,0,,,,t,1
7134344,42829,1129,41700,Australia,Entire home/apt,1,3,250,30,9,10,10,f,1
16243855,42829,121,42708,Australia,Private room,1,1,100,1,,,,f,1
12919856,42829,674,42155,Australia,Private room,1,1,60,4,10,10,10,f,1
14339793,42829,1135,41694,Australia,Private room,1,1,100,2,10,10,10,f,1
5298281,42829,931,41898,Australia,Entire home/apt,3.5,4,700,12,10,10,9,f,1
17422312,42829,40,42789,Australia,Private room,1,1,64,2,10,10,10,t,1
9239345,42829,1214,41615,Australia,Entire home/apt,1,1,191,13,10,10,10,f,1
2545514,42829,1127,41702,Australia,Private room,1,1,75,5,10,10,10,f,1
6543154,42829,680,42149,Australia,Entire home/apt,1,1,91,0,,,,f,1
13031165,42829,325,42504,Australia,Private room,1,1,60,27,8,9,9,t,1
9033448,42829,715,42114,Australia,Entire home/apt,1,0,135,5,10,10,9,f,1
13161698,42829,1268,41561,Australia,Private room,1,1,91,0,,,,f,1
9950394,42829,966,41863,Australia,Private room,2,2,95,61,10,10,10,f,1
1365195,42829,1364,41465,Australia,Entire home/apt,1,2,116,3,9,10,9,f,1
10343448,42829,698,42131,Australia,Entire home/apt,1,1,100,1,10,10,10,f,1
17683105,42829,1043,41786,Australia,Entire home/apt,2,2,501,0,,,,f,1
7459441,42829,1415,41414,Australia,Entire home/apt,2.5,3,501,0,,,,f,1
4379944,42829,1597,41232,Australia,Entire home/apt,1,1,141,1,10,10,10,f,1
15848008,42829,149,42680,Australia,Entire home/apt,1,2,244,9,9,10,10,t,1
16667117,42829,177,42652,Australia,Entire home/apt,1,1,100,3,9,10,7,f,1
17945055,42829,1524,41305,Australia,Entire home/apt,1,1,130,0,,,,f,1
18010586,42829,897,41932,Australia,Entire home/apt,1,0,194,0,,,,f,1
3405902,42829,2535,40294,Australia,Entire home/apt,4,5,1000,1,8,10,10,f,1
15651276,42829,634,42195,Australia,Private room,1,2,32,2,10,10,10,f,1
3264942,42829,1042,41787,Australia,Entire home/apt,1,2,200,6,10,10,10,f,1
12177833,42829,382,42447,Australia,Private room,1,1,91,1,8,10,10,f,1
14995871,42829,1239,41590,Australia,Entire home/apt,1,2,138,15,10,10,10,f,1
6035736,42829,1282,41547,Australia,Private room,1,1,100,0,,,,f,1
17944967,42829,730,42099,Australia,Private room,1,1,70,0,,,,f,1
16044420,42829,1731,41098,Australia,Entire home/apt,1,1,191,2,8,10,10,f,1
1364351,42829,2259,40570,Australia,Entire home/apt,2,2,280,5,10,9,9,f,1
9884026,42829,483,42346,Australia,Entire home/apt,1,2,160,0,,,,f,1
6672708,42829,671,42158,Australia,Shared room,2,1,35,12,7,10,8,f,1
17944895,42829,630,42199,Australia,Entire home/apt,1,1,198,0,,,,f,1
9621781,42829,1207,41622,Australia,Private room,1,1,91,0,,,,f,1
13947151,42829,267,42562,Australia,Entire home/apt,2,3,501,1,6,8,8,t,1
7687553,42829,1676,41153,Australia,Entire home/apt,1,2,399,9,9,9,8,f,1
11260163,42829,1376,41453,Australia,Private room,1,1,50,0,,,,f,1
381135,42829,1849,40980,Australia,Entire home/apt,1,1,129,17,9,10,9,f,1
12570840,42829,728,42101,Australia,Shared room,1,1,22,0,,,,f,1
11325554,42829,1575,41254,Australia,Private room,1,1,70,4,10,10,10,f,1
7119549,42829,1484,41345,Australia,Private room,1,1,70,7,8,10,9,f,1
10014752,42829,1094,41735,Australia,Private room,1,1,80,1,8,10,10,f,1
8835103,42829,562,42267,Australia,Entire home/apt,3,4,1299,0,,,,f,1
9687048,42829,493,42336,Australia,Entire home/apt,3,4,845,1,10,10,10,f,1
14525096,42829,1551,41278,Australia,Entire home/apt,1,1,185,8,10,10,10,f,1
16306159,42829,784,42045,Australia,Entire home/apt,2,3,800,0,,,,f,1
12177375,42829,1328,41501,Australia,Entire home/apt,1,0,110,3,10,10,10,f,1
14733261,42829,222,42607,Australia,Entire home/apt,1,1,130,27,10,10,10,f,1
10932176,42829,916,41913,Australia,Private room,1,1,201,1,10,8,8,f,1
2084780,42829,2168,40661,Australia,Entire home/apt,1,2,180,56,9,10,9,t,1
15585204,42829,533,42296,Australia,Private room,1,1,130,3,10,10,9,t,1
10506115,42829,1861,40968,Australia,Entire home/apt,1,0,130,32,9,10,9,t,1
16371590,42829,872,41957,Australia,Private room,1,1,75,2,10,9,9,f,1
773969,42829,1611,41218,Australia,Entire home/apt,1.5,2,250,1,10,10,10,t,1
15979040,42829,994,41835,Australia,Private room,1.5,1,100,0,,,,f,1
12472141,42829,1912,40917,Australia,Private room,1,1,100,0,,,,f,1
5885656,42829,951,41878,Australia,Private room,1.5,2,70,3,10,9,9,f,1
5262984,42829,1638,41191,Australia,Entire home/apt,1,2,160,2,10,10,9,f,1
9948792,42829,479,42350,Australia,Entire home/apt,1,1,300,0,,,,f,1
8572515,42829,1529,41300,Australia,Entire home/apt,1,2,349,5,10,10,9,f,1
15945294,42829,1241,41588,Australia,Entire home/apt,2,2,399,0,,,,f,1
15650366,42829,162,42667,Australia,Entire home/apt,2,2,250,2,9,10,10,f,1
4050497,42829,941,41888,Australia,Private room,1,1,85,0,,,,f,1
11259424,42829,1779,41050,Australia,Entire home/apt,2,2,250,13,10,10,10,f,1
1297960,42829,1482,41347,Australia,Private room,,1,100,0,,,,f,1
14732817,42829,2026,40803,Australia,Private room,1,1,110,4,9,10,10,f,1
16371209,42829,1294,41535,Australia,Entire home/apt,1,2,300,0,,,,t,1
9096679,42829,527,42302,Australia,Entire home/apt,1,2,150,0,,,,t,1
8704175,42829,834,41995,Australia,Entire home/apt,1,2,280,3,10,10,10,f,1
11325604,42829,673,42156,Australia,Entire home/apt,1,1,137,4,10,10,10,f,1
3133591,42829,1047,41782,Australia,Entire home/apt,1,2,180,4,10,10,10,f,1
9489755,42829,1364,41465,Australia,Entire home/apt,3,3,861,0,,,,f,1
6201913,42829,854,41975,Australia,Private room,1,1,180,1,,,,f,1
10734909,42829,702,42127,Australia,Entire home/apt,1,2,200,0,,,,f,1
3722533,42829,1454,41375,Australia,Entire home/apt,1,2,250,5,10,9,9,f,1
7654686,42829,612,42217,Australia,Private room,1,1,80,7,9,10,10,f,1
12176676,42829,980,41849,Australia,Entire home/apt,1,2,150,0,,,,f,1
15846633,42829,246,42583,Australia,Private room,2,2,300,2,10,10,10,f,1
11553965,42829,463,42366,Australia,Private room,1,1,55,0,,,,f,1
17910944,42829,1055,41774,Australia,Private room,1,1,60,0,,,,t,1
13225090,42829,313,42516,Australia,Entire home/apt,1,3,349,0,,,,f,1
7720065,42829,917,41912,Australia,Private room,1,1,60,0,,,,f,1
3645965,42829,990,41839,Australia,Entire home/apt,1,1,150,6,9,9,8,f,1
16523788,42829,557,42272,Australia,Private room,1,1,169,0,,,,f,1
6278214,42829,700,42129,Australia,Entire home/apt,2,2,349,0,,,,f,1
16501825,42829,489,42340,Australia,Entire home/apt,1,2,501,1,10,8,6,f,1
4115512,42829,941,41888,Australia,Entire home/apt,1,1,230,2,10,9,10,f,1
5524539,42829,764,42065,Australia,Private room,2,1,80,0,,,,f,1
12274740,42829,363,42466,Australia,Private room,1.5,1,91,0,,,,f,1
969774,42829,1530,41299,Australia,Entire home/apt,1,2,250,5,8,10,9,f,1
8244118,42829,576,42253,Australia,Entire home/apt,1,2,180,0,,,,f,1
13224842,42829,313,42516,Australia,Entire home/apt,1,2,145,5,9,10,9,t,1
8637315,42829,1246,41583,Australia,Private room,2,1,80,0,,,,f,1
10177400,42829,1780,41049,Australia,Entire home/apt,1,2,325,0,,,,f,1
8833886,42829,1378,41451,Australia,Entire home/apt,1,1,125,2,10,10,8,f,1
10210126,42829,616,42213,Australia,Private room,2,1,62,15,10,10,10,f,1
15059768,42829,243,42586,Australia,Entire home/apt,1,2,349,5,10,10,10,f,1
1035059,42829,1530,41299,Australia,Private room,2,1,72,18,10,10,10,f,1
11914033,42829,1059,41770,Australia,Entire home/apt,1,1,141,5,10,10,10,f,1
15759154,42829,486,42343,Australia,Entire home/apt,1.5,2,395,0,,,,f,1
8571689,42829,1304,41525,Australia,Entire home/apt,1,2,166,0,,,,t,1
5819113,42829,1534,41295,Australia,Private room,1,1,64,7,9,9,9,t,1
6277834,42829,701,42128,Australia,Entire home/apt,1,2,200,0,,,,f,1
8374962,42829,1582,41247,Australia,Entire home/apt,1.5,3,430,43,10,10,10,t,1
10341824,42829,457,42372,Australia,Private room,1,1,78,0,,,,f,1
9391503,42829,1882,40947,Australia,Entire home/apt,1,1,250,1,8,10,10,f,1
16829834,42829,827,42002,Australia,Entire home/apt,3,3,465,3,10,10,10,f,1
15617404,42829,980,41849,Australia,Private room,2,1,95,9,10,10,9,f,1
5950834,42829,2008,40821,Australia,Private room,1,1,78,2,5,10,7,f,1
6604065,42829,1521,41308,Australia,Entire home/apt,1,1,198,5,9,10,9,f,1
4834590,42829,1411,41418,Australia,Private room,1,1,50,0,,,,f,1
8799519,42829,714,42115,Australia,Private room,1,1,64,1,8,10,10,t,1
13419805,42829,464,42365,Australia,Entire home/apt,1,1,194,16,10,10,10,f,1
969603,42829,1493,41336,Australia,Entire home/apt,1,1,200,32,9,10,9,f,1
4048145,42829,942,41887,Australia,Private room,1,1,91,0,,,,f,1
17351947,42829,342,42487,Australia,Private room,1,1,125,2,10,10,10,f,1
6276355,42829,902,41927,Australia,Private room,1,1,169,3,10,9,9,f,1
17286359,42829,48,42781,Australia,Private room,1,1,175,8,8,10,9,t,1
9618574,42829,1777,41052,Australia,Entire home/apt,2,3,414,0,,,,f,1
11912320,42829,1151,41678,Australia,Entire home/apt,1,0,130,9,9,10,9,f,1
14730268,42829,1777,41052,Australia,Entire home/apt,1,1,198,1,10,10,10,f,1
14917805,42829,1381,41448,Australia,Private room,1,1,64,1,10,10,10,t,1
15647754,42829,736,42093,Australia,Private room,1,1,75,1,6,10,4,f,1
13224998,42829,413,42416,Australia,Entire home/apt,2,2,70,1,10,10,10,f,1
2935811,42829,1084,41745,Australia,Private room,1,1,75,1,10,10,10,f,1
8178678,42829,580,42249,Australia,Private room,1,1,70,1,10,10,10,f,1
17484783,42829,708,42121,Australia,Private room,1,1,64,0,,,,f,1
476032,42829,1878,40951,Australia,Entire home/apt,1,1,188,30,9,10,9,f,1
9159544,42829,1096,41733,Australia,Entire home/apt,1,2,200,4,10,10,9,f,1
10142526,42829,469,42360,Australia,Entire home/apt,1,2,349,0,,,,f,1
12436264,42829,512,42317,Australia,Entire home/apt,2,2,205,2,6,9,8,f,1
17908513,42829,592,42237,Australia,Entire home/apt,1,1,106,0,,,,t,1
12501790,42829,351,42478,Australia,Private room,1,1,53,1,10,10,10,f,1
3380892,42829,1018,41811,Australia,Entire home/apt,2.5,3,850,1,10,10,10,f,1
4440815,42829,1114,41715,Australia,Entire home/apt,2,2,376,2,9,10,10,f,1
2088305,42829,1815,41014,Australia,Private room,1,1,100,12,10,10,10,f,1
14795481,42829,393,42436,Australia,Private room,1,1,91,3,10,10,10,f,1
12436172,42829,354,42475,Australia,Entire home/apt,1,1,141,16,9,10,9,f,1
10437320,42829,1044,41785,Australia,Private room,1,1,60,1,10,10,10,f,1
17547955,42829,310,42519,Australia,Entire home/apt,1,1,349,0,,,,t,1
2540209,42829,1121,41708,Australia,Entire home/apt,1,2,300,3,9,10,9,f,1
2704040,42829,1097,41732,Australia,Private room,1,1,91,5,8,10,9,f,1
9355907,42829,1419,41410,Australia,Entire home/apt,1,2,219,20,10,10,9,f,1
1950334,42829,1234,41595,Australia,Private room,1,1,50,0,,,,f,1
16042577,42829,436,42393,Australia,Entire home/apt,1,2,250,3,8,9,9,t,1
11127365,42829,2535,40294,Australia,Entire home/apt,2,4,759,0,,,,f,1
9095683,42829,789,42040,Australia,Entire home/apt,1,2,198,25,10,10,10,f,1
15256083,42829,1350,41479,Australia,Entire home/apt,2,3,600,1,6,10,8,f,1
10734045,42829,508,42321,Australia,Entire home/apt,1,1,298,0,,,,t,1
14731738,42829,1023,41806,Australia,Private room,1,1,100,4,9,10,9,f,1
11051425,42829,425,42404,Australia,Private room,1,1,91,3,10,10,9,f,1
9030085,42829,961,41868,Australia,Entire home/apt,1,1,150,0,,,,f,1
15649211,42829,258,42571,Australia,Private room,2.5,1,650,0,,,,f,1
15649195,42829,1621,41208,Australia,Private room,1,1,75,1,10,10,10,f,1
2017689,42829,1512,41317,Australia,Entire home/apt,1,1,150,17,9,10,9,f,1
5491060,42829,1086,41743,Australia,Entire home/apt,2,3,600,34,10,10,10,f,1
16468347,42829,1183,41646,Australia,Entire home/apt,1,2,219,1,10,10,10,f,1
16370025,42829,111,42718,Australia,Entire home/apt,1,1,172,9,10,10,10,f,1
16763249,42829,494,42335,Australia,Entire home/apt,2,2,219,1,10,10,8,f,1
7227726,42829,1442,41387,Australia,Entire home/apt,1,2,150,4,10,10,10,f,1
16337221,42829,926,41903,Australia,Entire home/apt,1,1,180,4,10,10,10,f,1
4770116,42829,848,41981,Australia,Entire home/apt,2,4,325,0,,,,f,1
9849908,42829,1646,41183,Australia,Private room,1,1,100,2,4,8,8,f,1
13158699,42829,1317,41512,Australia,Entire home/apt,1,1,250,1,4,10,8,f,1
13453609,42829,2535,40294,Australia,Entire home/apt,2,3,907,0,,,,f,1
14207249,42829,450,42379,Australia,Entire home/apt,2,2,395,14,10,10,10,t,1
16697625,42829,85,42744,Australia,Entire home/apt,1,1,125,4,10,10,10,f,1
9881841,42829,483,42346,Australia,Entire home/apt,1,1,200,0,,,,f,1
9095379,42829,527,42302,Australia,Entire home/apt,2,3,499,0,,,,f,1
16468165,42829,592,42237,Australia,Entire home/apt,1,1,106,11,10,10,9,t,1
5425298,42829,854,41975,Australia,Private room,1,1,53,7,9,9,9,f,1
641123,42829,1699,41130,Australia,Private room,1,1,75,5,8,8,8,f,1
1919038,42829,1241,41588,Australia,Entire home/apt,2,3,191,3,8,9,7,f,1
16507223,42829,1144,41685,Australia,Entire home/apt,1,1,180,3,10,10,10,f,1
8374273,42829,2163,40666,Australia,Private room,1,1,75,2,10,10,10,f,1
12765180,42829,1090,41739,Australia,Entire home/apt,1,1,150,4,9,9,7,f,1
9684965,42829,494,42335,Australia,Entire home/apt,1.5,4,991,0,,,,f,1
15452785,42829,958,41871,Australia,Entire home/apt,1,0,328,4,9,10,10,f,1
12961742,42829,917,41912,Australia,Shared room,1,1,28,2,9,10,10,f,1
4769678,42829,848,41981,Australia,Private room,1,2,91,2,8,10,9,f,1
706428,42829,1657,41172,Australia,Entire home/apt,1,0,160,51,10,10,9,f,1
15648628,42829,1059,41770,Australia,Private room,1,1,60,1,10,10,10,f,1
9553783,42829,1058,41771,Australia,Private room,1,1,95,0,,,,f,1
13944677,42829,634,42195,Australia,Entire home/apt,1,0,99,3,6,10,9,f,1
9619277,42829,1461,41368,Australia,Private room,1,1,50,0,,,,f,1
15779657,42829,446,42383,Australia,Private room,1,1,85,3,10,10,10,f,1
6506294,42829,847,41982,Australia,Entire home/apt,2,3,349,1,10,10,10,f,1
14141234,42829,971,41858,Australia,Private room,1,1,70,2,5,9,7,t,1
9488155,42829,1364,41465,Australia,Entire home/apt,3,3,1041,0,,,,f,1
837325,42829,2312,40517,Australia,Entire home/apt,1,1,105,2,10,10,10,f,1
15451834,42829,583,42246,Australia,Entire home/apt,1,0,130,1,10,8,6,f,1
8636081,42829,1641,41188,Australia,Entire home/apt,1,2,194,25,9,9,9,f,1
9815726,42829,682,42147,Australia,Private room,1,1,99,27,10,10,10,f,1
4867753,42829,836,41993,Australia,Entire home/apt,1,1,148,19,9,10,9,f,1
6997627,42829,651,42178,Australia,Entire home/apt,1,1,150,0,,,,f,1
11191907,42829,1204,41625,Australia,Entire home/apt,2,2,208,3,10,10,10,f,1
16827943,42829,777,42052,Australia,Entire home/apt,1,2,200,6,10,10,9,t,1
15844873,42829,1118,41711,Australia,Entire home/apt,1,2,260,0,,,,f,1
9815538,42829,1184,41645,Australia,Entire home/apt,1,1,100,20,9,10,10,f,1
11191754,42829,420,42409,Australia,Private room,1,1,91,1,10,10,10,f,1
9160085,42829,1741,41088,Australia,Entire home/apt,1,1,150,0,,,,f,1
4519488,42829,1751,41078,Australia,Entire home/apt,1,0,150,27,9,9,9,f,1
9782631,42829,1307,41522,Australia,Entire home/apt,2,4,650,0,,,,f,1
12797274,42829,339,42490,Australia,Entire home/apt,1,2,91,4,8,8,8,f,1
9684313,42829,511,42318,Australia,Entire home/apt,1,2,180,0,,,,f,1
1557815,42829,1329,41500,Australia,Entire home/apt,1,0,155,1,10,10,8,f,1
3458347,42829,1182,41647,Australia,Entire home/apt,1,1,160,1,10,10,10,f,1
13550197,42829,931,41898,Australia,Entire home/apt,1,0,80,21,9,10,9,t,1
8372857,42829,1696,41133,Australia,Entire home/apt,4,6,2500,2,8,10,8,f,1
3752564,42829,2075,40754,Australia,Entire home/apt,1,1,135,0,,,,f,1
15221360,42829,1330,41499,Australia,Private room,2,1,100,0,,,,f,1
10273376,42829,1777,41052,Australia,Entire home/apt,1,1,321,0,,,,f,1
15647270,42829,426,42403,Australia,Entire home/apt,1,1,100,0,,,,f,1
49698,42829,2535,40294,Australia,Entire home/apt,1,2,250,9,9,10,9,f,1
9355807,42829,1447,41382,Australia,Entire home/apt,1,1,349,2,10,10,9,t,1
14303741,42829,1385,41444,Australia,Entire home/apt,1,1,250,11,10,10,10,f,1
15647227,42829,1442,41387,Australia,Entire home/apt,1,2,240,3,8,10,9,f,1
1950159,42829,1247,41582,Australia,Entire home/apt,1,2,155,78,8,9,8,t,1
17809887,42829,1044,41785,Australia,Private room,1,1,60,0,,,,f,1
14795129,42829,1263,41566,Australia,Entire home/apt,1,2,310,0,,,,f,1
15057252,42829,202,42627,Australia,Entire home/apt,1,1,100,1,10,10,10,f,1
8761279,42829,546,42283,Australia,Entire home/apt,1,2,191,2,6,10,9,f,1
3588456,42829,1086,41743,Australia,Private room,1,1,89,2,10,10,10,f,1
9224509,42829,884,41945,Australia,Private room,1,1,64,6,9,9,10,f,1
14795068,42829,999,41830,Australia,Entire home/apt,1,1,120,0,,,,f,1
16859447,42829,512,42317,Australia,Entire home/apt,1,2,360,0,,,,f,1
16662818,42829,1139,41690,Australia,Private room,1.5,1,75,1,8,10,10,f,1
9355546,42829,1642,41187,Australia,Entire home/apt,1,1,180,3,10,10,9,f,1
14598420,42829,1397,41432,Australia,Private room,1.5,1,80,1,6,10,10,f,1
12435731,42829,512,42317,Australia,Entire home/apt,1,3,255,0,,,,f,1
7652264,42829,2086,40743,Australia,Private room,1,1,70,0,,,,f,1
3588344,42829,995,41834,Australia,Entire home/apt,1,3,200,1,10,10,10,f,1
9879787,42829,998,41831,Australia,Entire home/apt,1,3,219,1,10,10,8,f,1
10734260,42829,439,42390,Australia,Private room,1,1,45,61,8,9,9,t,1
5423185,42829,1487,41342,Australia,Entire home/apt,1.5,4,800,1,10,10,10,f,1
17612874,42829,1068,41761,Australia,Private room,1,1,80,0,,,,f,1
3063866,42829,1054,41775,Australia,Entire home/apt,1,1,130,16,8,10,9,f,1
11124782,42829,448,42381,Australia,Entire home/apt,1,0,150,26,9,10,9,f,1
4767800,42829,849,41980,Australia,Private room,1,1,300,0,,,,f,1
6529027,42829,680,42149,Australia,Private room,1,1,50,0,,,,f,1
14270427,42829,301,42528,Australia,Entire home/apt,4,5,2000,0,,,,f,1
4571075,42829,2535,40294,Australia,Entire home/apt,1,2,355,5,9,10,8,f,1
4505519,42829,881,41948,Australia,Entire home/apt,1,2,200,6,10,9,9,f,1
15056797,42829,1960,40869,Australia,Entire home/apt,1,1,160,1,,,,f,1
5750662,42829,1364,41465,Australia,Entire home/apt,3,4,438,0,,,,f,1
10141540,42829,469,42360,Australia,Entire home/apt,2,2,175,1,8,8,8,t,1
14795341,42829,479,42350,Australia,Entire home/apt,2,2,250,2,9,10,9,f,1
16368208,42829,439,42390,Australia,Private room,1,1,67,2,5,9,7,t,1
5240115,42829,792,42037,Australia,Entire home/apt,1,1,125,4,9,10,9,f,1
16695089,42829,135,42694,Australia,Private room,1,1,200,10,9,10,10,f,1
1490589,42829,1337,41492,Australia,Entire home/apt,1,3,399,3,8,8,8,f,1
18008686,42829,3,42826,Australia,Private room,1,0,59,0,,,,f,1
12369535,42829,357,42472,Australia,Entire home/apt,1,1,91,3,10,10,10,f,1
14696049,42829,1144,41685,Australia,Entire home/apt,2,2,191,1,10,10,10,t,1
3456536,42829,1073,41756,Australia,Private room,1,1,46,0,,,,f,1
8571477,42829,1773,41056,Australia,Private room,1,1,64,12,10,10,10,f,1
2276845,42829,1638,41191,Australia,Private room,1,1,120,23,10,10,9,f,1
8371694,42829,896,41933,Australia,Entire home/apt,3,4,731,3,9,10,10,f,1
16104935,42829,812,42017,Australia,Entire home/apt,1,3,501,0,,,,f,1
15973853,42829,491,42338,Australia,Entire home/apt,1,2,501,1,10,10,8,t,1
15908309,42829,1523,41306,Australia,Entire home/apt,2,2,290,1,10,10,10,t,1
5094862,42829,808,42021,Australia,Private room,1,1,120,28,10,10,10,f,1
15711663,42829,1429,41400,Australia,Private room,1.5,1,45,5,9,9,9,f,1
9949449,42829,1301,41528,Australia,Entire home/apt,1,2,271,5,9,10,9,f,1
4504969,42829,883,41946,Australia,Entire home/apt,1,1,169,1,10,8,10,f,1
16105660,42829,533,42296,Australia,Entire home/apt,1,1,141,1,10,10,10,f,1
15256265,42829,1053,41776,Australia,Private room,1,2,97,3,10,10,10,f,1
13156534,42829,479,42350,Australia,Private room,1,1,55,1,8,10,8,f,1
8831150,42829,995,41834,Australia,Entire home/apt,1,2,451,1,8,6,8,f,1
5553424,42829,761,42068,Australia,Entire home/apt,1,0,141,153,9,10,9,t,1
16104668,42829,1002,41827,Australia,Private room,0.5,1,150,2,9,10,9,t,1
4701372,42829,857,41972,Australia,Entire home/apt,1,1,100,18,9,10,10,f,1
13352102,42829,1282,41547,Australia,Private room,1,1,70,2,8,10,10,f,1
16301216,42829,1090,41739,Australia,Entire home/apt,1,2,300,2,9,10,10,f,1
14761078,42829,221,42608,Australia,Entire home/apt,1,2,200,4,10,10,10,f,1
16697875,42829,85,42744,Australia,Entire home/apt,1.5,3,639,17,10,10,9,t,1
11287673,42829,413,42416,Australia,Shared room,2,1,39,0,,,,f,1
15711345,42829,159,42670,Australia,Private room,1,1,150,2,8,10,10,f,1
1489994,42829,1434,41395,Australia,Private room,1,1,93,30,10,10,9,f,1
8371239,42829,1218,41611,Australia,Entire home/apt,1,1,150,4,9,10,10,f,1
6470663,42829,685,42144,Australia,Private room,1,1,64,4,9,9,9,t,1
17284105,42829,267,42562,Australia,Private room,1,1,75,6,9,10,9,f,1
10002261,42829,476,42353,Australia,Entire home/apt,1,1,250,4,9,10,8,f,1
16366568,42829,483,42346,Australia,Entire home/apt,1,2,275,1,10,10,8,f,1
6732775,42829,841,41988,Australia,Private room,1,1,200,0,,,,f,1
15154150,42829,1640,41189,Australia,Private room,1,2,117,0,,,,f,1
16104420,42829,1618,41211,Australia,Entire home/apt,1,1,100,0,,,,f,1
17284910,42829,655,42174,Australia,Entire home/apt,1,1,150,0,,,,f,1
11910898,42829,601,42228,Australia,Private room,1,1,70,0,,,,f,1
9617125,42829,650,42179,Australia,Entire home/apt,1,1,250,1,10,10,8,f,1
16301789,42829,118,42711,Australia,Private room,2,1,156,0,,,,t,1
17481438,42829,1559,41270,Australia,Entire home/apt,2,2,250,0,,,,t,1
12861146,42829,1098,41731,Australia,Entire home/apt,1,2,250,2,7,9,9,f,1
4701895,42829,857,41972,Australia,Private room,1,1,100,15,9,10,9,f,1
4832952,42829,1087,41742,Australia,Entire home/apt,1,2,180,4,9,9,9,f,1
9685499,42829,500,42329,Australia,Entire home/apt,1.5,3,349,0,,,,f,1
9616338,42829,1446,41383,Australia,Entire home/apt,2,2,399,1,10,10,10,f,1
6732731,42829,934,41895,Australia,Private room,1,1,45,1,10,10,10,f,1
11760748,42829,1145,41684,Australia,Private room,1,1,91,1,8,10,10,f,1
8895091,42829,547,42282,Australia,Entire home/apt,1,0,91,7,8,9,9,f,1
9812602,42829,662,42167,Australia,Private room,2,1,120,0,,,,f,1
5945970,42829,1364,41465,Australia,Entire home/apt,2,3,805,3,9,10,9,f,1
16431678,42829,1233,41596,Australia,Private room,1,1,91,1,10,,,t,1
5290551,42829,1518,41311,Australia,Entire home/apt,1,3,595,18,9,10,9,f,1
8960570,42829,42829,,Australia,Entire home/apt,1,3,205,0,,,,f,1
15907382,42829,1717,41112,Australia,Private room,1,1,50,9,10,10,10,t,1
16759314,42829,446,42383,Australia,Private room,1,1,102,0,,,,t,1
1030668,42829,1468,41361,Australia,Private room,1,1,110,5,10,10,10,f,1
17345950,42829,884,41945,Australia,Entire home/apt,2,2,125,0,,,,f,1
9615867,42829,498,42331,Australia,Entire home/apt,1,2,420,0,,,,f,1
15710675,42829,1409,41420,Australia,Entire home/apt,2,1,349,1,,,,f,1
9615777,42829,1469,41360,Australia,Entire home/apt,1,1,116,82,9,10,9,t,1
13352279,42829,907,41922,Australia,Private room,1,1,50,0,,,,f,1
2145594,42829,1708,41121,Australia,Private room,1,1,80,0,,,,f,1
4373803,42829,898,41931,Australia,Entire home/apt,1,1,100,0,,,,t,1
16366856,42829,1108,41721,Australia,Entire home/apt,1,0,200,4,10,10,10,f,1
16544839,42829,1617,41212,Australia,Entire home/apt,1,1,99,9,10,10,10,t,1
3586444,42829,995,41834,Australia,Entire home/apt,2,3,449,2,10,10,9,f,1
16300359,42829,694,42135,Australia,Entire home/apt,0.5,1,22,11,5,8,7,t,1
16693553,42829,1272,41557,Australia,Private room,1,1,100,0,,,,f,1
16693512,42829,86,42743,Australia,Private room,1,1,70,1,10,10,10,f,1
6528719,42829,816,42013,Australia,Shared room,1,1,30,0,,,,f,1
2406577,42829,1143,41686,Australia,Entire home/apt,2,3,200,6,10,10,10,f,1
2078894,42829,1227,41602,Australia,Entire home/apt,2,3,451,10,10,9,9,f,1
11897201,42829,1328,41501,Australia,Entire home/apt,1,1,130,4,8,10,8,t,1
768156,42829,1817,41012,Australia,Private room,1,1,150,24,10,10,10,f,1
3979430,42829,980,41849,Australia,Private room,1,1,35,6,5,9,7,f,1
8894624,42829,1056,41773,Australia,Entire home/apt,1,1,175,4,9,10,9,f,1
8512388,42829,630,42199,Australia,Private room,2,1,51,2,10,10,10,f,1
9615493,42829,1223,41606,Australia,Entire home/apt,3,4,800,1,10,10,10,f,1
827069,42829,1580,41249,Australia,Private room,1,1,99,3,8,10,10,f,1
16693358,42829,86,42743,Australia,Entire home/apt,1,2,208,2,10,10,10,f,1
750087,42829,1625,41204,Australia,Entire home/apt,1,2,260,4,9,10,9,f,1
12367963,42829,415,42414,Australia,Entire home/apt,1,2,141,1,10,10,10,f,1
9812012,42829,695,42134,Australia,Private room,1,1,91,2,10,10,10,f,1
15711142,42829,1428,41401,Australia,Private room,1,1,64,9,10,10,10,f,1
13286307,42829,1090,41739,Australia,Entire home/apt,1,0,55,1,,,,f,1
16169847,42829,552,42277,Australia,Entire home/apt,4,4,800,0,,,,f,1
9812849,42829,1124,41705,Australia,Entire home/apt,1,1,127,6,9,10,10,f,1
16235342,42829,1903,40926,Australia,Entire home/apt,1,1,150,1,8,8,8,f,1
11909939,42829,813,42016,Australia,Private room,1,1,80,16,10,10,10,f,1
12499762,42829,351,42478,Australia,Private room,1,1,55,0,,,,f,1
3783473,42829,1353,41476,Australia,Entire home/apt,2,2,244,6,10,10,10,f,1
6339358,42829,1352,41477,Australia,Entire home/apt,1,1,160,8,10,10,10,f,1
8107571,42829,584,42245,Australia,Entire home/apt,4,4,799,0,,,,t,1
5551614,42829,761,42068,Australia,Entire home/apt,1,2,235,5,10,10,9,f,1
12432892,42829,484,42345,Australia,Private room,1,1,46,0,,,,f,1
14267873,42829,764,42065,Australia,Entire home/apt,1,1,160,0,,,,f,1
5551576,42829,1331,41498,Australia,Entire home/apt,1,2,175,14,8,10,9,t,1
16430547,42829,106,42723,Australia,Private room,1,3,116,0,,,,t,1
3126723,42829,1047,41782,Australia,Entire home/apt,1,3,200,12,8,10,9,f,1
4502957,42829,1941,40888,Australia,Entire home/apt,2.5,4,690,5,8,10,9,f,1
8314432,42829,934,41895,Australia,Entire home/apt,1,2,150,3,8,9,9,f,1
16233813,42829,1111,41718,Australia,Private room,1,1,91,6,9,10,10,t,1
374072,42829,1853,40976,Australia,Entire home/apt,2,4,300,7,9,9,9,f,1
9221407,42829,692,42137,Australia,Private room,1,1,155,12,9,10,10,f,1
8107272,42829,1149,41680,Australia,Private room,2,1,120,11,10,10,10,t,1
9417930,42829,916,41913,Australia,Entire home/apt,1,2,501,0,,,,f,1
14611315,42829,392,42437,Australia,Entire home/apt,1,1,141,6,9,10,10,f,1
14922883,42829,210,42619,Australia,Entire home/apt,1,2,200,0,,,,f,1
7779345,42829,1318,41511,Australia,Entire home/apt,1.5,2,321,2,10,10,8,f,1
11514896,42829,456,42373,Australia,Entire home/apt,2,4,1299,0,,,,f,1
10269696,42829,639,42190,Australia,Private room,1,1,56,12,8,10,9,f,1
766969,42829,2935,39894,Australia,Entire home/apt,1,2,950,3,9,10,9,f,1
17669631,42829,25,42804,Australia,Entire home/apt,1,1,244,0,,,,t,1
9417686,42829,1664,41165,Australia,Private room,1.5,1,80,41,9,10,9,f,1
16233457,42829,1118,41711,Australia,Private room,1,1,83,0,,,,f,1
16101158,42829,457,42372,Australia,Entire home/apt,1,4,727,0,,,,f,1
1160171,42829,1585,41244,Australia,Entire home/apt,2,3,900,0,,,,f,1
12497838,42829,828,42001,Australia,Entire home/apt,1,2,210,0,,,,f,1
16429994,42829,548,42281,Australia,Private room,1,0,150,0,,,,t,1
5354398,42829,1689,41140,Australia,Private room,1,1,91,15,10,10,10,f,1
17544078,42829,458,42371,Australia,Private room,1,1,169,0,,,,t,1
7844724,42829,1239,41590,Australia,Entire home/apt,2,3,445,4,10,10,10,f,1
9417544,42829,598,42231,Australia,Private room,1,1,75,65,10,10,10,t,1
9614160,42829,498,42331,Australia,Entire home/apt,1,2,200,25,10,10,9,f,1
4306807,42829,1212,41617,Australia,Entire home/apt,2,2,250,0,,,,f,1
12695384,42829,931,41898,Australia,Entire home/apt,1,0,75,23,9,10,9,t,1
1697179,42829,1291,41538,Australia,Entire home/apt,1,3,230,3,9,9,9,f,1
6403926,42829,691,42138,Australia,Entire home/apt,1,1,250,2,10,10,10,f,1
10729278,42829,695,42134,Australia,Private room,2,1,70,0,,,,f,1
9680698,42829,715,42114,Australia,Private room,1,2,200,0,,,,f,1
17741616,42829,1833,40996,Australia,Private room,1,1,60,0,,,,t,1
10154969,42829,1370,41459,Australia,Private room,2,3,85,1,8,10,6,f,1
2668260,42829,1868,40961,Australia,Entire home/apt,2,3,160,0,,,,f,1
10270379,42829,461,42368,Australia,Private room,1,1,75,0,,,,f,1
6277402,42829,701,42128,Australia,Entire home/apt,1,2,125,4,9,10,10,f,1
9418338,42829,509,42320,Australia,Entire home/apt,1,2,250,0,,,,t,1
7517002,42829,1263,41566,Australia,Entire home/apt,1,2,551,18,9,10,9,f,1
9548218,42829,2206,40623,Australia,Private room,1,1,59,1,10,10,10,f,1
6926758,42829,653,42176,Australia,Entire home/apt,1,2,169,7,9,10,9,f,1
13152669,42829,1234,41595,Australia,Entire home/apt,1,1,150,8,9,9,9,f,1
45440,42829,2425,40404,Australia,Entire home/apt,3,5,750,41,9,10,9,f,1
6205827,42829,2880,39949,Australia,Entire home/apt,2,3,399,0,,,,f,1
4174192,42829,925,41904,Australia,Entire home/apt,2,3,399,4,10,10,9,f,1
12812268,42829,1135,41694,Australia,Entire home/apt,1,2,150,29,9,10,9,t,1
16298306,42829,1019,41810,Australia,Entire home/apt,1,2,889,0,,,,f,1
6992186,42829,650,42179,Australia,Private room,1,1,95,0,,,,f,1
16232740,42829,127,42702,Australia,Entire home/apt,1,1,399,0,,,,f,1
7844111,42829,1673,41156,Australia,Entire home/apt,1,1,235,1,10,10,10,f,1
11514066,42829,1730,41099,Australia,Private room,1,1,85,16,10,10,9,f,1
5708117,42829,1218,41611,Australia,Entire home/apt,2,2,179,1,8,10,10,f,1
11645088,42829,394,42435,Australia,Entire home/apt,2,2,440,0,,,,f,1
2142358,42829,1190,41639,Australia,Entire home/apt,2,2,650,11,9,10,9,f,1
8435684,42829,565,42264,Australia,Shared room,1,1,28,1,8,8,8,f,1
6928332,42829,1274,41555,Australia,Private room,2,1,80,0,,,,f,1
15710117,42829,1105,41724,Australia,Entire home/apt,1,2,399,20,10,10,10,t,1
16234407,42829,914,41915,Australia,Private room,1,1,110,1,10,10,10,f,1
9942247,42829,480,42349,Australia,Entire home/apt,3.5,3,1500,0,,,,f,1
3715176,42829,1215,41614,Australia,Entire home/apt,1,1,110,78,10,10,9,f,1
13611111,42829,1897,40932,Australia,Entire home/apt,1,2,110,1,10,10,10,f,1
10596202,42829,671,42158,Australia,Entire home/apt,1,2,180,1,8,10,10,t,1
5042823,42829,1215,41614,Australia,Entire home/apt,1,0,85,77,9,10,9,f,1
896866,42829,2535,40294,Australia,Entire home/apt,2,2,271,9,7,10,7,f,1
1945412,42829,1234,41595,Australia,Entire home/apt,1,1,200,5,10,10,8,f,1
11382543,42829,934,41895,Australia,Entire home/apt,1,1,160,0,,,,f,1
15380232,42829,180,42649,Australia,Entire home/apt,1,2,194,5,8,10,9,f,1
16232184,42829,121,42708,Australia,Entire home/apt,1,2,300,0,,,,f,1
1945296,42829,1235,41594,Australia,Entire home/apt,3,2,342,1,10,10,10,f,1
13086412,42829,1696,41133,Australia,Entire home/apt,4,5,2500,1,10,10,10,f,1
14790351,42829,1189,41640,Australia,Entire home/apt,1,1,162,5,9,10,8,f,1
6532813,42829,1590,41239,Australia,Entire home/apt,1,2,124,1,,,,f,1
9481928,42829,1755,41074,Australia,Private room,1,1,75,2,10,10,10,f,1
13020848,42829,625,42204,Australia,Entire home/apt,1,0,120,0,,,,f,1
3459000,42829,1141,41688,Australia,Private room,1,1,95,67,9,10,10,f,1
9259726,42829,910,41919,Australia,Entire home/apt,2.5,4,900,0,,,,t,1
9154161,42829,762,42067,Australia,Entire home/apt,1,2,180,4,7,10,9,f,1
6342587,42829,1518,41311,Australia,Private room,1,1,55,0,,,,f,1
2076256,42829,1305,41524,Australia,Entire home/apt,1,2,240,0,,,,f,1
2076255,42829,1207,41622,Australia,Entire home/apt,1,1,250,8,10,9,8,f,1
9575694,42829,500,42329,Australia,Entire home/apt,2,1,175,0,,,,f,1
16428627,42829,1059,41770,Australia,Private room,1,1,79,0,,,,f,1
11578951,42829,683,42146,Australia,Entire home/apt,1,3,750,0,,,,f,1
17866202,42829,13,42816,Australia,Private room,1,1,91,0,,,,t,1
3846921,42829,1774,41055,Australia,Private room,1,1,91,1,8,10,6,f,1
12687004,42829,512,42317,Australia,Entire home/apt,2,3,505,0,,,,f,1
5807564,42829,1431,41398,Australia,Entire home/apt,1,1,150,10,10,10,10,f,1
7123640,42829,784,42045,Australia,Private room,1,1,55,0,,,,f,1
10400423,42829,454,42375,Australia,Private room,1.5,1,55,4,10,10,10,f,1
4567707,42829,1364,41465,Australia,Entire home/apt,2,3,311,21,9,9,8,t,1
15118992,42829,1546,41283,Australia,Private room,1,1,55,0,,,,f,1
15823372,42829,776,42053,Australia,Entire home/apt,1,2,246,0,,,,f,1
4371045,42829,899,41930,Australia,Entire home/apt,3,4,501,10,10,9,9,f,1
5288557,42829,1199,41630,Australia,Entire home/apt,2,3,451,4,9,10,9,f,1
9810703,42829,487,42342,Australia,Private room,1,1,91,1,10,10,10,f,1
11186716,42829,720,42109,Australia,Entire home/apt,1,1,240,1,10,10,6,f,1
7828219,42829,601,42228,Australia,Entire home/apt,1,2,325,22,10,10,10,f,1
13283823,42829,391,42438,Australia,Private room,1,1,85,0,,,,t,1
17674714,42829,615,42214,Australia,Entire home/apt,1,0,160,1,8,10,8,t,1
8957509,42829,1246,41583,Australia,Entire home/apt,1,2,250,0,,,,f,1
2076172,42829,1770,41059,Australia,Entire home/apt,2,2,202,39,9,9,9,f,1
15314446,42829,1056,41773,Australia,Entire home/apt,1,2,219,14,8,10,9,f,1
2076181,42829,1208,41621,Australia,Private room,1,1,60,5,7,10,9,t,1
6156904,42829,1263,41566,Australia,Entire home/apt,1,2,340,14,10,10,9,f,1
15903360,42829,2535,40294,Australia,Entire home/apt,3,4,800,0,,,,f,1
12164200,42829,368,42461,Australia,Private room,1,1,14,0,,,,f,1
9808496,42829,1680,41149,Australia,Private room,1,1,122,2,10,10,9,f,1
6615485,42829,2882,39947,Australia,Private room,1,1,95,0,,,,t,1
8956490,42829,535,42294,Australia,Entire home/apt,1,1,85,0,,,,f,1
16165433,42829,443,42386,Australia,Entire home/apt,1,1,116,4,9,9,8,f,1
16099890,42829,142,42687,Australia,Private room,1,1,300,1,6,8,4,t,1
15313441,42829,355,42474,Australia,Private room,1,1,50,3,8,8,8,f,1
5024249,42829,1359,41470,Australia,Entire home/apt,1,1,198,1,8,10,8,f,1
16361960,42829,1630,41199,Australia,Entire home/apt,1,1,148,10,8,10,8,f,1
895451,42829,1585,41244,Australia,Entire home/apt,1,1,116,21,10,10,10,f,1
16230880,42829,189,42640,Australia,Private room,1,1,75,3,10,10,9,f,1
16165309,42829,895,41934,Australia,Private room,1,1,125,0,,,,f,1
13281721,42829,653,42176,Australia,Private room,1.5,1,45,2,9,10,10,f,1
15346103,42829,1156,41673,Australia,Entire home/apt,2.5,3,1112,0,,,,f,1
15575477,42829,186,42643,Australia,Entire home/apt,1,1,59,3,10,10,9,f,1
16427430,42829,1361,41468,Australia,Private room,1,1,100,1,,,,f,1
11774380,42829,973,41856,Australia,Entire home/apt,1,1,139,0,,,,f,1
1230573,42829,1626,41203,Australia,Private room,2,1,99,31,9,9,9,f,1
13085069,42829,1380,41449,Australia,Entire home/apt,1,0,116,19,10,10,10,f,1
15378824,42829,800,42029,Australia,Entire home/apt,1,2,200,1,10,10,10,f,1
15314397,42829,1556,41273,Australia,Entire home/apt,1,0,127,14,9,10,9,f,1
4107754,42829,1985,40844,Australia,Entire home/apt,2,2,390,0,,,,f,1
9350622,42829,2070,40759,Australia,Entire home/apt,1.5,2,148,3,9,9,9,f,1
14527962,42829,604,42225,Australia,Entire home/apt,3,3,399,0,,,,f,1
17996398,42829,1860,40969,Australia,Entire home/apt,1,2,141,0,,,,t,1
3780011,42829,1164,41665,Australia,Entire home/apt,1,2,258,39,9,10,10,f,1
11513240,42829,1230,41599,Australia,Private room,1,1,141,42,10,10,10,f,1
16690578,42829,555,42274,Australia,Entire home/apt,1,1,194,4,10,10,9,f,1
2339392,42829,1155,41674,Australia,Entire home/apt,1,2,219,16,9,9,9,f,1
6466951,42829,751,42078,Australia,Entire home/apt,1,3,250,1,10,10,10,f,1
15845266,42829,412,42417,Australia,Entire home/apt,2,1,150,0,,,,f,1
6204702,42829,708,42121,Australia,Entire home/apt,1,2,194,13,9,10,9,f,1
9481484,42829,505,42324,Australia,Entire home/apt,1,2,219,3,7,10,8,f,1
15969529,42829,887,41942,Australia,Entire home/apt,1,2,200,2,9,10,9,f,1
2796779,42829,1085,41744,Australia,Entire home/apt,1,1,300,11,9,10,10,f,1
8891628,42829,538,42291,Australia,Entire home/apt,1,0,160,6,10,10,10,f,1
5482864,42829,1246,41583,Australia,Entire home/apt,1,2,219,10,9,10,9,f,1
8956047,42829,535,42294,Australia,Entire home/apt,1,3,650,1,10,10,10,f,1
1732967,42829,1556,41273,Australia,Private room,1,1,125,118,10,10,9,t,1
3844234,42829,967,41862,Australia,Entire home/apt,1,1,162,1,10,8,10,f,1
2402390,42829,1245,41584,Australia,Entire home/apt,1,2,194,0,,,,f,1
11970636,42829,379,42450,Australia,Entire home/apt,2.5,3,451,0,,,,t,1
9742382,42829,490,42339,Australia,Private room,1,1,70,2,9,10,10,f,1
13084710,42829,574,42255,Australia,Private room,1,1,50,5,9,9,9,f,1
17737748,42829,964,41865,Australia,Private room,1,1,64,0,,,,f,1
10004473,42829,476,42353,Australia,Private room,1,1,64,6,9,10,9,f,1
1877943,42829,1601,41228,Australia,Entire home/apt,1,2,300,129,10,10,9,t,1
13084604,42829,321,42508,Australia,Private room,1,1,100,0,,,,f,1
7055284,42829,2183,40646,Australia,Private room,1,1,110,38,9,9,9,f,1
13087045,42829,1231,41598,Australia,Private room,2,1,155,1,8,10,10,f,1
12298138,42829,1480,41349,Australia,Entire home/apt,1,2,219,1,6,6,4,f,1
9481724,42829,505,42324,Australia,Entire home/apt,1,0,219,37,9,10,9,f,1
830911,42829,1579,41250,Australia,Private room,1,1,56,113,10,10,9,f,1
9416187,42829,512,42317,Australia,Entire home/apt,3,4,870,0,,,,f,1
17672989,42829,745,42084,Australia,Entire home/apt,1,3,166,0,,,,f,1
2825337,42829,2400,40429,Australia,Entire home/apt,1.5,0,125,41,9,10,9,t,1
4238041,42829,1598,41231,Australia,Entire home/apt,1,1,250,5,10,10,7,t,1
5272007,42829,789,42040,Australia,Entire home/apt,2,3,600,1,10,10,10,t,1
15706791,42829,512,42317,Australia,Entire home/apt,1,3,620,1,10,10,10,f,1
15255184,42829,1785,41044,Australia,Private room,1,1,80,18,10,9,9,f,1
16426653,42829,2100,40729,Australia,Private room,1,2,80,0,,,,f,1
16230007,42829,637,42192,Australia,Private room,1,1,91,1,10,10,10,f,1
4695663,42829,951,41878,Australia,Private room,1.5,3,120,23,10,10,9,f,1
1547196,42829,1324,41505,Australia,Entire home/apt,2,3,700,1,10,10,10,f,1
4892263,42829,1289,41540,Australia,Private room,2,1,58,4,9,10,9,f,1
3578804,42829,996,41833,Australia,Entire home/apt,1,2,501,8,9,10,10,f,1
2008619,42829,1222,41607,Australia,Private room,1,1,120,2,8,9,9,f,1
8562202,42829,1532,41297,Australia,Private room,1,1,91,36,9,10,9,f,1
16426532,42829,2160,40669,Australia,Private room,1,1,135,2,9,10,10,f,1
17016340,42829,64,42765,Australia,Entire home/apt,1,2,187,0,,,,f,1
14872832,42829,618,42211,Australia,Entire home/apt,1,2,193,0,,,,t,1
4662769,42829,945,41884,Australia,Entire home/apt,1,2,285,1,6,8,6,f,1
17737207,42829,1127,41702,Australia,Private room,1,1,80,0,,,,t,1
7906739,42829,608,42221,Australia,Entire home/apt,2,2,150,0,,,,f,1
3843497,42829,968,41861,Australia,Entire home/apt,1,2,100,1,10,10,10,f,1
16492871,42829,734,42095,Australia,Private room,1,1,150,0,,,,f,1
16368393,42829,291,42538,Australia,Entire home/apt,1,1,100,13,10,10,10,f,1
15116597,42829,198,42631,Australia,Entire home/apt,1,1,155,10,9,10,9,t,1
4499721,42829,1215,41614,Australia,Entire home/apt,1,0,91,70,10,10,9,f,1
4503444,42829,2535,40294,Australia,Entire home/apt,3,5,715,1,10,10,10,f,1
11446548,42829,405,42424,Australia,Entire home/apt,2,1,120,1,,,,t,1
9283850,42829,516,42313,Australia,Entire home/apt,1,1,200,0,,,,f,1
17148155,42829,153,42676,Australia,Entire home/apt,1,1,188,0,,,,f,1
10791159,42829,437,42392,Australia,Private room,1,1,79,0,,,,f,1
7685841,42829,610,42219,Australia,Entire home/apt,2.5,3,700,0,,,,f,1
15771875,42829,415,42414,Australia,Entire home/apt,1,2,349,0,,,,f,1
665819,42829,1738,41091,Australia,Entire home/apt,1,3,490,5,9,10,9,f,1
15452932,42829,593,42236,Australia,Entire home/apt,1,2,250,12,10,10,10,t,1
11577562,42829,422,42407,Australia,Entire home/apt,3.5,5,800,3,10,10,9,f,1
14657745,42829,1135,41694,Australia,Entire home/apt,1,2,210,2,10,10,10,f,1
2009287,42829,1365,41464,Australia,Entire home/apt,1,1,300,3,9,10,10,f,1
16099522,42829,1625,41204,Australia,Private room,1,1,74,4,6,10,10,t,1
16033163,42829,1241,41588,Australia,Entire home/apt,1,2,349,5,10,9,8,f,1
6006120,42829,1625,41204,Australia,Private room,1,1,75,34,10,10,10,f,1
15901860,42829,146,42683,Australia,Entire home/apt,1,1,250,0,,,,t,1
9479297,42829,506,42323,Australia,Entire home/apt,1,3,420,0,,,,f,1
14984312,42829,206,42623,Australia,Entire home/apt,1,1,200,0,,,,t,1
16229484,42829,1334,41495,Australia,Entire home/apt,2,3,2000,11,10,10,10,f,1
9479274,42829,1752,41077,Australia,Entire home/apt,1,1,280,5,8,10,8,f,1
8889437,42829,917,41912,Australia,Entire home/apt,1,1,225,6,10,10,10,f,1
16032834,42829,838,41991,Australia,Entire home/apt,1,2,219,4,10,10,10,f,1
3646476,42829,1890,40939,Australia,Entire home/apt,1,1,250,0,,,,f,1
16458737,42829,104,42725,Australia,Entire home/apt,1,2,349,3,9,10,9,f,1
3515352,42829,1131,41698,Australia,Entire home/apt,1,1,150,4,9,10,9,f,1
14984145,42829,450,42379,Australia,Private room,1,2,60,3,7,9,8,f,1
6202296,42829,1309,41520,Australia,Entire home/apt,1,2,219,1,8,10,8,f,1
11183028,42829,1124,41705,Australia,Entire home/apt,3.5,4,1100,1,10,10,10,f,1
16950190,42829,1559,41270,Australia,Private room,1,1,148,2,10,10,10,f,1
2794412,42829,1094,41735,Australia,Private room,1,1,81,4,10,10,9,f,1
15836058,42829,1208,41621,Australia,Entire home/apt,1,2,310,1,8,8,10,t,1
10003353,42829,1226,41603,Australia,Entire home/apt,1,2,250,8,10,10,9,f,1
17998739,42829,542,42287,Australia,Private room,1,1,50,0,,,,t,1
8955718,42829,535,42294,Australia,Entire home/apt,3,4,900,6,10,10,9,f,1
10069806,42829,1247,41582,Australia,Entire home/apt,2,5,800,1,10,10,10,f,1
3712778,42829,1694,41135,Australia,Entire home/apt,1,2,198,59,8,10,9,f,1
11970317,42829,1922,40907,Australia,Entire home/apt,1,2,250,9,10,10,10,f,1
15574746,42829,964,41865,Australia,Entire home/apt,1,1,250,2,9,10,10,f,1
17213126,42829,53,42776,Australia,Private room,1,1,95,8,10,10,10,f,1
17811061,42829,26,42803,Australia,Entire home/apt,1,1,160,1,10,8,10,f,1
4465427,42829,1858,40971,Australia,Entire home/apt,1,0,175,40,9,9,9,t,1
16327426,42829,640,42189,Australia,Entire home/apt,2,1,250,0,,,,f,1
16489251,42829,1165,41664,Australia,Entire home/apt,1,2,175,3,10,10,10,f,1
2999755,42829,1061,41768,Australia,Private room,1,1,75,3,8,10,8,t,1
13214355,42829,973,41856,Australia,Private room,2,1,110,10,10,10,10,f,1
9869566,42829,2242,40587,Australia,Entire home/apt,2,2,150,0,,,,f,1
16827842,42829,430,42399,Australia,Entire home/apt,1,2,219,0,,,,f,1
10121616,42829,1538,41291,Australia,Private room,2,1,200,0,,,,f,1
7053918,42829,1361,41468,Australia,Entire home/apt,1,1,79,1,10,10,10,f,1
15180308,42829,1540,41289,Australia,Entire home/apt,1,2,275,21,10,10,9,t,1
4858397,42829,2400,40429,Australia,Entire home/apt,1,1,133,5,8,10,9,t,1
11052385,42829,1737,41092,Australia,Entire home/apt,2,1,150,2,10,10,10,f,1
7120073,42829,1557,41272,Australia,Entire home/apt,1,2,160,90,9,10,9,f,1
9741531,42829,650,42179,Australia,Entire home/apt,1,2,191,1,10,10,10,f,1
9348300,42829,1207,41622,Australia,Private room,1,1,75,15,10,10,10,f,1
16884935,42829,1821,41008,Australia,Private room,1,0,120,0,,,,f,1
3908803,42829,959,41870,Australia,Entire home/apt,1,3,280,0,,,,f,1
6201845,42829,1366,41463,Australia,Entire home/apt,1,1,99,8,10,10,10,f,1
16261614,42829,1105,41724,Australia,Private room,1,1,64,1,8,10,10,f,1
16425372,42829,1206,41623,Australia,Entire home/apt,1,1,179,0,,,,f,1
17079008,42829,110,42719,Australia,Shared room,2,1,45,2,8,10,9,f,1
14524735,42829,1021,41808,Australia,Private room,1,1,50,3,7,9,9,f,1
3776830,42829,1246,41583,Australia,Entire home/apt,2,2,349,1,10,8,10,f,1
11444498,42829,852,41977,Australia,Private room,2,1,70,0,,,,f,1
1876217,42829,1249,41580,Australia,Entire home/apt,2,3,300,2,8,9,9,f,1
17735880,42829,190,42639,Australia,Entire home/apt,5,6,900,0,,,,f,1
15573844,42829,221,42608,Australia,Entire home/apt,3,4,700,0,,,,f,1
16327507,42829,895,41934,Australia,Entire home/apt,2,3,700,0,,,,f,1
13214525,42829,715,42114,Australia,Private room,1,1,58,0,,,,f,1
14066488,42829,325,42504,Australia,Private room,1,1,45,0,,,,t,1
9739058,42829,1740,41089,Australia,Entire home/apt,1,2,150,1,10,10,10,f,1
9695131,42829,743,42086,Australia,Entire home/apt,1,2,169,1,8,8,10,f,1
2311377,42829,1159,41670,Australia,Private room,1,1,38,76,10,10,10,f,1
17964301,42829,1777,41052,Australia,Entire home/apt,1,2,181,0,,,,f,1
17669361,42829,1409,41420,Australia,Entire home/apt,1,2,127,0,,,,t,1
5446853,42829,1651,41178,Australia,Entire home/apt,1,1,150,1,6,10,10,f,1
3578791,42829,996,41833,Australia,Entire home/apt,1,1,130,3,7,9,9,f,1
5806573,42829,739,42090,Australia,Entire home/apt,2,1,99,0,,,,f,1
4007955,42829,1372,41457,Australia,Private room,1,2,150,3,9,9,9,f,1
13212503,42829,313,42516,Australia,Entire home/apt,2,0,560,0,,,,f,1
6822704,42829,706,42123,Australia,Private room,1,1,50,0,,,,f,1
17079073,42829,110,42719,Australia,Shared room,2,1,45,1,8,8,8,f,1
4430561,42829,938,41891,Australia,Entire home/apt,1,2,290,2,10,10,10,f,1
6068957,42829,42829,,Australia,Private room,1,1,219,0,,,,f,1
8428241,42829,1364,41465,Australia,Entire home/apt,2,3,438,0,,,,f,1
1481361,42829,2058,40771,Australia,Entire home/apt,2,3,390,103,10,10,9,f,1
17865371,42829,1150,41679,Australia,Entire home/apt,2,5,501,0,,,,f,1
15835250,42829,2249,40580,Australia,Entire home/apt,2,3,900,1,10,10,10,f,1
6201472,42829,912,41917,Australia,Entire home/apt,1,2,169,1,10,10,10,f,1
12656658,42829,345,42484,Australia,Entire home/apt,1,1,300,0,,,,f,1
15835071,42829,718,42111,Australia,Entire home/apt,2,1,476,1,10,10,10,f,1
8888227,42829,544,42285,Australia,Entire home/apt,1,2,300,0,,,,f,1
15835004,42829,151,42678,Australia,Entire home/apt,3,4,590,0,,,,f,1
892628,42829,1538,41291,Australia,Entire home/apt,1,1,91,14,10,10,10,f,1
15146722,42829,1115,41714,Australia,Private room,1,1,89,0,,,,f,1
8036063,42829,1177,41652,Australia,Private room,1,1,70,0,,,,f,1
8035983,42829,589,42240,Australia,Private room,1.5,1,300,0,,,,f,1
4464257,42829,1298,41531,Australia,Entire home/apt,2,3,551,1,10,10,10,f,1
4431493,42829,891,41938,Australia,Private room,1,1,80,0,,,,f,1
17079906,42829,110,42719,Australia,Shared room,2,1,50,1,10,10,8,f,1
9903675,42829,482,42347,Australia,Entire home/apt,1,2,200,0,,,,f,1
2989622,42829,1068,41761,Australia,Entire home/apt,1.5,2,141,0,,,,f,1
16162300,42829,2062,40767,Australia,Entire home/apt,2,2,185,1,10,10,10,f,1
17079775,42829,110,42719,Australia,Shared room,2,1,50,2,9,10,8,f,1
17669596,42829,24,42805,Australia,Private room,1,1,70,0,,,,t,1
16456309,42829,261,42568,Australia,Private room,2,3,50,0,,,,t,1
11704578,42829,2072,40757,Australia,Private room,1,1,60,10,8,9,9,f,1
2398351,42829,1158,41671,Australia,Entire home/apt,1,0,142,0,,,,f,1
9738357,42829,1233,41596,Australia,Private room,1,1,80,4,10,9,10,f,1
15636519,42829,715,42114,Australia,Private room,1,1,100,0,,,,f,1
10786851,42829,437,42392,Australia,Private room,1,1,197,0,,,,f,1
16456727,42829,144,42685,Australia,Entire home/apt,1,0,180,4,10,10,10,f,1
16292788,42829,861,41968,Australia,Entire home/apt,1,1,120,3,9,9,9,f,1
104393,42829,2168,40661,Australia,Entire home/apt,1,2,200,61,9,10,9,f,1
13047560,42829,1402,41427,Australia,Entire home/apt,1,2,250,1,10,10,8,f,1
4244433,42829,943,41886,Australia,Entire home/apt,1,1,130,71,9,10,9,f,1
13997830,42829,1777,41052,Australia,Entire home/apt,1,3,315,4,10,10,9,f,1
8558336,42829,807,42022,Australia,Entire home/apt,2,2,162,2,10,10,10,f,1
2911866,42829,1304,41525,Australia,Private room,1.5,1,81,13,10,10,10,f,1
11933379,42829,380,42449,Australia,Entire home/apt,2,2,271,0,,,,f,1
7181955,42829,2332,40497,Australia,Entire home/apt,1,2,180,0,,,,f,1
13932071,42829,1662,41167,Australia,Private room,1,1,120,5,10,10,10,f,1
4758069,42829,1671,41158,Australia,Private room,1,1,110,5,8,10,9,f,1
837511,42829,1575,41254,Australia,Entire home/apt,1,3,196,13,10,10,9,f,1
16292346,42829,1429,41400,Australia,Entire home/apt,1,1,360,0,,,,f,1
16488910,42829,2142,40687,Australia,Private room,1,1,88,1,10,8,6,t,1
5609925,42829,896,41933,Australia,Entire home/apt,1,0,160,20,10,10,9,f,1
8231347,42829,579,42250,Australia,Entire home/apt,2.5,3,349,0,,,,f,1
7248259,42829,665,42164,Australia,Entire home/apt,2.5,3,889,0,,,,f,1
17865067,42829,653,42176,Australia,Private room,1,1,85,0,,,,t,1
16292142,42829,417,42412,Australia,Entire home/apt,1,2,399,0,,,,f,1
2594273,42829,1113,41716,Australia,Entire home/apt,1,2,200,9,9,9,9,f,1
16946447,42829,75,42754,Australia,Private room,1,1,197,2,10,10,10,f,1
3752832,42829,1184,41645,Australia,Private room,1,1,120,1,10,10,10,f,1
11310334,42829,454,42375,Australia,Entire home/apt,5.5,6,1495,1,8,10,10,f,1
13210876,42829,1314,41515,Australia,Private room,1,1,75,4,10,10,10,f,1
15635608,42829,1613,41216,Australia,Private room,1,1,105,11,10,9,10,f,1
10130575,42829,469,42360,Australia,Entire home/apt,1,1,75,1,10,10,10,f,1
2724998,42829,1763,41066,Australia,Private room,1,1,100,0,,,,f,1
7062625,42829,1109,41720,Australia,Entire home/apt,1,2,179,1,8,10,8,f,1
7903808,42829,660,42169,Australia,Entire home/apt,3,4,991,1,10,10,10,f,1
4430396,42829,1030,41799,Australia,Entire home/apt,4,4,2000,0,,,,f,1
104380,42829,2168,40661,Australia,Entire home/apt,1,2,169,15,9,10,8,f,1
15931270,42829,379,42450,Australia,Entire home/apt,2.5,4,540,1,10,10,8,t,1
13866855,42829,1150,41679,Australia,Entire home/apt,2,4,501,0,,,,f,1
16160593,42829,387,42442,Australia,Entire home/apt,1,1,139,3,10,10,9,f,1
7246948,42829,1518,41311,Australia,Entire home/apt,4,4,451,1,2,8,2,f,1
4166753,42829,1987,40842,Australia,Entire home/apt,2,5,950,0,,,,f,1
13210237,42829,2084,40745,Australia,Entire home/apt,2,3,399,11,10,10,10,f,1
12497972,42829,351,42478,Australia,Private room,1,1,75,0,,,,f,1
17011219,42829,1358,41471,Australia,Entire home/apt,1,2,127,1,8,10,10,f,1
10523156,42829,449,42380,Australia,Private room,1,1,80,0,,,,f,1
2068981,42829,1742,41087,Australia,Entire home/apt,1,1,176,10,9,10,9,f,1
17994145,42829,860,41969,Australia,Entire home/apt,1,2,200,0,,,,t,1
16355687,42829,1272,41557,Australia,Entire home/apt,2,3,300,0,,,,f,1
8229222,42829,1739,41090,Australia,Entire home/apt,1,2,160,4,8,8,7,f,1
1937382,42829,2183,40646,Australia,Private room,1,1,85,15,9,10,9,f,1
16093105,42829,652,42177,Australia,Entire home/apt,1,2,219,5,8,10,9,f,1
15503273,42829,573,42256,Australia,Entire home/apt,4,4,3500,0,,,,f,1
4624266,42829,867,41962,Australia,Entire home/apt,1,1,349,0,,,,f,1
7638873,42829,1671,41158,Australia,Entire home/apt,1,1,70,0,,,,f,1
16355150,42829,306,42523,Australia,Entire home/apt,1,3,451,0,,,,f,1
9867071,42829,484,42345,Australia,Entire home/apt,2.5,4,250,0,,,,f,1
13864751,42829,1984,40845,Australia,Private room,1,2,75,0,,,,f,1
15240924,42829,1170,41659,Australia,Private room,1,1,120,2,8,10,10,f,1
5608378,42829,756,42073,Australia,Entire home/apt,1,2,194,3,9,10,8,f,1
431021,42829,1815,41014,Australia,Entire home/apt,1,2,250,4,9,10,9,f,1
17929033,42829,413,42416,Australia,Private room,2,2,135,0,,,,f,1
14719097,42829,223,42606,Australia,Private room,1,1,70,7,9,10,10,f,1
5214912,42829,1014,41815,Australia,Entire home/apt,1.5,3,449,1,10,10,10,f,1
15764645,42829,1059,41770,Australia,Entire home/apt,2,2,197,1,10,10,10,f,1
3443845,42829,1011,41818,Australia,Entire home/apt,1,2,105,3,9,10,10,f,1
4626282,42829,869,41960,Australia,Entire home/apt,1,2,180,12,9,9,9,f,1
13536267,42829,293,42536,Australia,Private room,1,1,62,0,,,,t,1
11572238,42829,2535,40294,Australia,Entire home/apt,1,2,349,9,10,10,9,f,1
8360966,42829,876,41953,Australia,Entire home/apt,1,1,250,0,,,,f,1
13734177,42829,628,42201,Australia,Private room,1,1,89,0,,,,f,1
10129660,42829,1912,40917,Australia,Entire home/apt,2.5,3,501,0,,,,f,1
4559070,42829,2001,40828,Australia,Entire home/apt,2,2,390,10,10,10,10,f,1
7508101,42829,621,42208,Australia,Entire home/apt,1,1,141,32,9,9,9,f,1
8229013,42829,1353,41476,Australia,Entire home/apt,1,1,126,2,10,10,8,f,1
9670763,42829,834,41995,Australia,Entire home/apt,1,1,180,4,9,10,9,f,1
9945787,42829,479,42350,Australia,Entire home/apt,1,1,159,1,8,10,8,f,1
4165716,42829,925,41904,Australia,Private room,2,2,70,1,8,10,8,f,1
691192,42829,1749,41080,Australia,Entire home/apt,1,2,209,21,9,10,10,f,1
12684267,42829,619,42210,Australia,Entire home/apt,1,1,175,1,10,10,10,f,1
16484999,42829,764,42065,Australia,Private room,1,1,250,8,10,10,10,f,1
6785576,42829,1755,41074,Australia,Entire home/apt,2,3,795,3,10,10,10,f,1
17795601,42829,16,42813,Australia,Entire home/apt,2.5,2,1500,0,,,,t,1
12814818,42829,1207,41622,Australia,Private room,1,1,125,2,7,10,7,f,1
821672,42829,1597,41232,Australia,Entire home/apt,1,2,349,3,9,10,9,f,1
1873641,42829,2183,40646,Australia,Private room,1,1,200,22,9,10,9,f,1
10194488,42829,1093,41736,Australia,Private room,1,1,95,10,8,10,10,f,1
16223780,42829,1004,41825,Australia,Entire home/apt,1,1,188,4,10,10,10,f,1
15437337,42829,958,41871,Australia,Entire home/apt,1,0,198,9,8,10,9,f,1
14716385,42829,231,42598,Australia,Entire home/apt,1,2,215,1,8,10,10,t,1
5737934,42829,1408,41421,Australia,Entire home/apt,1,2,179,0,,,,f,1
14323120,42829,1410,41419,Australia,Entire home/apt,2,2,290,0,,,,f,1
10390844,42829,455,42374,Australia,Private room,1,1,50,0,,,,f,1
14583828,42829,1696,41133,Australia,Entire home/apt,3,4,2400,0,,,,f,1
5048288,42829,847,41982,Australia,Entire home/apt,3,4,700,2,10,10,8,f,1
12158947,42829,368,42461,Australia,Entire home/apt,1,2,325,2,8,8,6,t,1
9078750,42829,1568,41261,Australia,Entire home/apt,1,2,371,0,,,,f,1
2160503,42829,2183,40646,Australia,Private room,1,1,91,78,9,10,9,f,1
16877519,42829,2088,40741,Australia,Private room,1,1,64,0,,,,f,1
16353227,42829,1234,41595,Australia,Private room,1,3,79,1,8,10,10,t,1
9734039,42829,1116,41713,Australia,Private room,1,1,100,1,,,,f,1
12814230,42829,338,42491,Australia,Entire home/apt,1,2,349,15,8,10,10,f,1
9930629,42829,480,42349,Australia,Entire home/apt,1.5,2,200,50,8,10,9,f,1
11831165,42829,1068,41761,Australia,Private room,1,1,60,0,,,,f,1
3573613,42829,997,41832,Australia,Entire home/apt,1,0,150,9,9,10,10,f,1
6784872,42829,1183,41646,Australia,Private room,2,1,64,0,,,,f,1
8619859,42829,905,41924,Australia,Private room,1,1,120,0,,,,f,1
13928269,42829,2167,40662,Australia,Entire home/apt,1,1,141,0,,,,f,1
1869565,42829,1388,41441,Australia,Private room,1,1,80,21,9,9,9,f,1
9081933,42829,527,42302,Australia,Entire home/apt,1,2,285,4,9,10,10,t,1
5751644,42829,1329,41500,Australia,Private room,1,1,63,10,9,9,8,f,1
12028646,42829,493,42336,Australia,Shared room,1,1,30,0,,,,f,1
4491986,42829,1385,41444,Australia,Entire home/apt,2,2,360,2,10,10,10,f,1
3312324,42829,1026,41803,Australia,Entire home/apt,1,1,80,30,8,10,9,f,1
13535951,42829,700,42129,Australia,Entire home/apt,1,2,180,0,,,,f,1
17795782,42829,127,42702,Australia,Entire home/apt,1,2,181,1,10,10,10,t,1
18025125,42829,2,42827,Australia,Entire home/apt,1,1,99,0,,,,t,1
4779053,42829,847,41982,Australia,Entire home/apt,1,1,141,3,7,9,7,f,1
2263302,42829,1181,41648,Australia,Entire home/apt,1,1,160,5,10,10,10,f,1
13207781,42829,314,42515,Australia,Private room,1,1,43,2,9,10,8,f,1
9996501,42829,477,42352,Australia,Private room,1,1,100,0,,,,f,1
2132102,42829,1226,41603,Australia,Entire home/apt,1,0,120,81,9,10,9,f,1
16418948,42829,453,42376,Australia,Entire home/apt,1,1,141,0,,,,f,1
15239289,42829,622,42207,Australia,Private room,1,1,39,0,,,,f,1
9078884,42829,1126,41703,Australia,Private room,1,1,60,0,,,,f,1
15844356,42829,687,42142,Australia,Entire home/apt,1,2,250,2,10,10,10,f,1
3507781,42829,1004,41825,Australia,Private room,1,1,91,62,9,10,9,f,1
15894111,42829,1364,41465,Australia,Entire home/apt,2,2,480,0,,,,f,1
17335871,42829,44,42785,Australia,Entire home/apt,1,1,120,5,10,10,10,t,1
4752892,42829,1069,41760,Australia,Entire home/apt,2,2,349,3,10,10,10,f,1
12195392,42829,1100,41729,Australia,Private room,1,1,85,5,10,10,10,f,1
7767264,42829,1195,41634,Australia,Entire home/apt,2.5,2,194,1,10,10,10,f,1
16811194,42829,855,41974,Australia,Entire home/apt,1.5,2,166,1,10,10,10,f,1
15565979,42829,249,42580,Australia,Private room,1,1,91,1,,,,f,1
17925240,42829,1342,41487,Australia,Private room,1,1,85,0,,,,f,1
2655332,42829,1115,41714,Australia,Private room,1,1,60,5,10,10,10,f,1
820288,42829,1858,40971,Australia,Entire home/apt,2,3,401,1,10,10,10,f,1
7308338,42829,1815,41014,Australia,Private room,1,1,49,6,7,9,8,f,1
9667809,42829,1263,41566,Australia,Entire home/apt,1,2,281,1,8,10,10,f,1
16417552,42829,340,42489,Australia,Private room,1.5,1,52,2,9,9,10,t,1
9464618,42829,925,41904,Australia,Entire home/apt,1,2,201,1,10,10,8,f,1
1540774,42829,1326,41503,Australia,Entire home/apt,1,1,225,57,9,10,9,f,1
9994902,42829,609,42220,Australia,Entire home/apt,1,2,180,0,,,,f,1
11829821,42829,974,41855,Australia,Private room,1,1,69,1,10,10,10,f,1
17858990,42829,12,42817,Australia,Entire home/apt,2.5,2,419,0,,,,f,1
12353960,42829,942,41887,Australia,Private room,2,1,41,1,10,10,10,f,1
9995238,42829,1777,41052,Australia,Entire home/apt,1,1,191,0,,,,f,1
16679803,42829,1023,41806,Australia,Private room,1,1,66,6,10,10,10,f,1
16220437,42829,860,41969,Australia,Private room,2,1,89,0,,,,f,1
17531120,42829,33,42796,Australia,Private room,1,0,105,0,,,,f,1
9142297,42829,525,42304,Australia,Private room,1,1,52,1,10,10,10,f,1
17727510,42829,872,41957,Australia,Private room,1,1,50,0,,,,f,1
5799956,42829,739,42090,Australia,Entire home/apt,1,2,149,0,,,,f,1
16351217,42829,647,42182,Australia,Private room,1,1,149,0,,,,f,1
14188501,42829,252,42577,Australia,Private room,1,1,50,1,4,10,2,f,1
10715012,42829,869,41960,Australia,Entire home/apt,1,2,180,10,7,10,10,f,1
9142075,42829,1470,41359,Australia,Entire home/apt,1,2,298,44,10,10,9,f,1
16744224,42829,83,42746,Australia,Entire home/apt,2,3,325,9,10,10,10,t,1
12025618,42829,2008,40821,Australia,Private room,1,1,66,2,8,10,10,f,1
4816584,42829,843,41986,Australia,Private room,1,1,75,2,10,10,10,f,1
2064031,42829,1210,41619,Australia,Private room,1,1,90,0,,,,f,1
14188076,42829,1777,41052,Australia,Entire home/apt,1.5,2,235,2,10,10,10,f,1
16416827,42829,1880,40949,Australia,Private room,1,1,45,0,,,,f,1
17530387,42829,672,42157,Australia,Entire home/apt,1,1,110,1,10,10,10,f,1
5406218,42829,1455,41374,Australia,Private room,1,1,29,0,,,,f,1
9682759,42829,494,42335,Australia,Private room,1,1,149,1,10,10,10,f,1
555919,42829,2168,40661,Australia,Entire home/apt,1,2,176,7,10,10,10,f,1
15956861,42829,162,42667,Australia,Entire home/apt,1,2,281,2,10,10,10,f,1
16087893,42829,135,42694,Australia,Entire home/apt,1,1,160,1,10,10,10,f,1
79912,42829,2219,40610,Australia,Entire home/apt,1,2,295,15,10,10,9,f,1
14580447,42829,2028,40801,Australia,Entire home/apt,2.5,3,440,2,10,10,10,f,1
16072482,42829,708,42121,Australia,Entire home/apt,1,1,149,6,10,10,10,f,1
11106934,42829,422,42407,Australia,Entire home/apt,1,1,69,8,9,10,10,f,1
6305582,42829,1828,41001,Australia,Private room,2,1,160,0,,,,f,1
5078177,42829,1598,41231,Australia,Entire home/apt,1,1,165,0,,,,f,1
752730,42829,1624,41205,Australia,Entire home/apt,2,2,700,3,10,10,9,f,1
5733370,42829,1940,40889,Australia,Entire home/apt,1,2,115,1,8,10,8,f,1
4488162,42829,989,41840,Australia,Private room,1,1,160,3,10,10,10,f,1
9927644,42829,739,42090,Australia,Private room,1,1,235,0,,,,f,1
11856375,42829,644,42185,Australia,Private room,1,1,80,0,,,,f,1
14187461,42829,426,42403,Australia,Entire home/apt,1,1,131,6,8,9,8,f,1
9453263,42829,732,42097,Australia,Entire home/apt,1,2,176,1,8,10,10,f,1
4487361,42829,1491,41338,Australia,Entire home/apt,1,2,379,2,10,10,10,f,1
15930332,42829,1167,41662,Australia,Private room,1,1,100,1,8,10,10,f,1
13334261,42829,674,42155,Australia,Private room,1,1,75,15,,,,f,1
4816196,42829,1955,40874,Australia,Private room,1,1,60,1,10,10,10,f,1
15826237,42829,1090,41739,Australia,Private room,1,1,131,0,,,,f,1
8944201,42829,718,42111,Australia,Private room,1,1,56,24,10,9,9,f,1
16086679,42829,133,42696,Australia,Entire home/apt,2,4,450,0,,,,f,1
2455187,42829,1397,41432,Australia,Entire home/apt,2,4,600,7,10,10,10,f,1
15824509,42829,410,42419,Australia,Entire home/apt,1,1,189,1,,,,f,1
16741999,42829,83,42746,Australia,Entire home/apt,1,1,102,1,,,,f,1
16152126,42829,1699,41130,Australia,Entire home/apt,1,0,100,6,10,10,8,f,1
2061872,42829,1318,41511,Australia,Private room,2,1,73,58,,,,f,1
16017671,42829,1632,41197,Australia,Entire home/apt,1,1,180,3,10,9,9,f,1
6977051,42829,42829,,Australia,Private room,1,1,84,4,4,8,6,f,1
16479763,42829,1470,41359,Australia,Private room,1,1,69,1,8,10,10,f,1
4617646,42829,1168,41661,Australia,Entire home/apt,1,1,149,2,3,10,6,f,1
9663878,42829,612,42217,Australia,Entire home/apt,1,2,199,17,9,10,9,f,1
15760757,42829,967,41862,Australia,Entire home/apt,1,1,250,4,10,10,10,f,1
9336091,42829,42829,,Australia,Private room,1,1,80,1,4,10,8,f,1
15903125,42829,146,42683,Australia,Private room,1,1,66,2,10,10,,t,1
12285430,42829,598,42231,Australia,Entire home/apt,1,1,110,10,10,10,10,f,1
4485443,42829,42829,,Australia,Entire home/apt,1,0,201,17,9,10,10,t,1
7827185,42829,602,42227,Australia,Entire home/apt,3,5,2251,0,,,,f,1
12742301,42829,859,41970,Australia,Entire home/apt,1,1,160,2,6,10,7,f,1
8482455,42829,562,42267,Australia,Private room,1,1,81,0,,,,f,1
2125422,42829,1194,41635,Australia,Entire home/apt,1,1,180,7,9,10,9,f,1
11911716,42829,1768,41061,Australia,Entire home/apt,1,2,106,0,,,,f,1
15625387,42829,211,42618,Australia,Entire home/apt,2.5,2,300,0,,,,f,1
4484247,42829,1196,41633,Australia,Entire home/apt,1,1,79,50,8,9,9,t,1
9202840,42829,718,42111,Australia,Entire home/apt,1,1,84,14,10,10,10,f,1
15436372,42829,177,42652,Australia,Entire home/apt,1,2,350,2,9,10,10,f,1
2125567,42829,1707,41122,Australia,Entire home/apt,1,2,180,1,10,10,10,f,1
13069385,42829,426,42403,Australia,Entire home/apt,1,1,121,1,10,10,10,f,1
7039724,42828,1225,41603,Australia,Entire home/apt,1,0,121,27,9,10,9,f,1
14117548,42828,412,42416,Australia,Shared room,2,1,50,2,,,,t,1
14643873,42828,1230,41598,Australia,Private room,2,1,100,2,9,10,9,f,1
15362529,42828,1804,41024,Australia,Private room,1,1,121,1,10,10,10,f,1
2058365,42828,1210,41618,Australia,Entire home/apt,1,1,350,12,10,10,9,f,1
13264839,42828,1723,41105,Australia,Private room,1,1,60,0,,,,f,1
17546217,42828,1548,41280,Australia,Entire home/apt,1,3,320,0,,,,f,1
9332539,42828,1350,41478,Australia,Entire home/apt,1,1,164,6,9,10,8,f,1
16279354,42828,290,42538,Australia,Private room,2,1,50,0,,,,t,1
16337278,42828,924,41904,Australia,Private room,1,1,110,4,10,10,10,t,1
9083556,42828,1169,41659,Australia,Private room,1,1,83,0,,,,f,1
12609900,42828,346,42482,Australia,Entire home/apt,1,1,140,2,9,10,10,f,1
15929587,42828,1233,41595,Australia,Entire home/apt,1,2,250,0,,,,f,1
16606518,42828,410,42418,Australia,Private room,1,1,155,1,10,10,10,f,1
6206043,42828,975,41853,Australia,Entire home/apt,1,2,233,0,,,,f,1
8742113,42828,665,42163,Australia,Entire home/apt,1,2,499,2,10,10,10,f,1
15033370,42828,1509,41319,Australia,Private room,2,1,250,2,10,10,9,f,1
15859337,42828,1793,41035,Australia,Entire home/apt,1,1,201,0,,,,f,1
6185985,42828,2233,40595,Australia,Private room,1,1,69,0,,,,f,1
13067795,42828,1317,41511,Australia,Private room,1.5,1,75,4,9,9,9,f,1
746386,42828,1628,41200,Australia,Entire home/apt,1,2,176,5,8,10,8,f,1
16147309,42828,443,42385,Australia,Entire home/apt,1.5,2,281,0,,,,f,1
14902105,42828,1002,41826,Australia,Private room,1,1,66,9,9,10,9,f,1
9331514,42828,513,42315,Australia,Entire home/apt,1,1,149,38,10,10,10,f,1
15622666,42828,1068,41760,Australia,Entire home/apt,1,2,300,2,8,8,9,f,1
9594007,42828,559,42269,Australia,Entire home/apt,1.5,3,350,2,10,10,9,f,1
16278655,42828,117,42711,Australia,Entire home/apt,1,3,199,12,9,10,9,f,1
16277922,42828,117,42711,Australia,Private room,1,1,100,3,10,9,9,f,1
2711936,42828,1095,41733,Australia,Private room,1,1,69,12,10,10,10,f,1
3588466,42828,1644,41184,Australia,Private room,1,1,69,1,,,,f,1
1990957,42828,1595,41233,Australia,Entire home/apt,2,2,444,8,8,9,8,f,1
15360184,42828,181,42647,Australia,Private room,2,1,85,12,10,10,10,t,1
16146579,42828,965,41863,Australia,Entire home/apt,2,2,201,2,10,10,10,f,1
5136418,42828,947,41881,Australia,Entire home/apt,3,4,800,3,10,9,9,f,1
10838037,42828,842,41986,Australia,Entire home/apt,3,2,391,2,10,10,10,f,1
7889621,42828,1769,41059,Australia,Private room,1,1,75,0,,,,f,1
10020300,42828,1621,41207,Australia,Private room,1,1,193,0,,,,f,1
1598143,42828,1841,40987,Australia,Entire home/apt,1,2,155,5,7,10,10,f,1
418480,42828,2399,40429,Australia,Entire home/apt,1,2,185,45,8,10,9,t,1
8720494,42828,547,42281,Australia,Private room,1,1,25,0,,,,t,1
10176694,42828,1339,41489,Australia,Entire home/apt,1,3,360,0,,,,f,1
12476288,42828,966,41862,Australia,Entire home/apt,2,4,350,3,10,10,10,f,1
15525182,42828,232,42596,Australia,Private room,1,1,180,4,6,9,9,t,1
17915633,42828,7,42821,Australia,Private room,1,1,80,0,,,,f,1
13065947,42828,1222,41606,Australia,Private room,1,1,52,0,,,,f,1
9593128,42828,1895,40933,Australia,Private room,1,1,100,1,10,10,10,f,1
14508293,42828,675,42153,Australia,Private room,1,1,50,2,10,10,10,t,1
5136638,42828,1042,41786,Australia,Entire home/apt,3,5,1000,0,,,,f,1
14901490,42828,1050,41778,Australia,Entire home/apt,1,1,201,0,,,,f,1
13338776,42828,304,42524,Australia,Entire home/apt,1,2,100,0,,,,f,1
14376458,42828,1234,41594,Australia,Private room,2,1,100,0,,,,f,1
13515350,42828,756,42072,Australia,Private room,1,1,80,6,8,10,9,f,1
16342513,42828,1360,41468,Australia,Entire home/apt,1,2,300,0,,,,f,1
14703852,42828,631,42197,Australia,Private room,1,1,100,1,10,10,10,f,1
4152535,42828,926,41902,Australia,Entire home/apt,1,1,121,52,9,9,9,f,1
17915093,42828,1572,41256,Australia,Private room,1,1,66,0,,,,t,1
14924320,42828,1322,41506,Australia,Private room,1,1,90,1,8,10,8,t,1
16277346,42828,445,42383,Australia,Private room,1,1,98,0,,,,f,1
16408412,42828,107,42721,Australia,Entire home/apt,1,1,160,3,10,10,9,f,1
16277287,42828,1002,41826,Australia,Private room,1,1,80,0,,,,f,1
9395997,42828,509,42319,Australia,Private room,1,1,69,12,10,10,10,f,1
12934301,42828,669,42159,Australia,Entire home/apt,1,1,149,1,10,10,10,f,1
6773911,42828,1952,40876,Australia,Entire home/apt,2,2,499,1,8,10,10,t,1
12934261,42828,330,42498,Australia,Private room,1,1,60,6,10,10,10,f,1
16278713,42828,117,42711,Australia,Entire home/apt,1,2,300,0,,,,t,1
6773787,42828,1519,41309,Australia,Private room,1,1,69,0,,,,f,1
17079152,42828,109,42719,Australia,Shared room,2,1,55,0,,,,f,1
17783773,42828,1204,41624,Australia,Private room,1,1,90,0,,,,f,1
6380503,42828,1222,41606,Australia,Entire home/apt,1,1,149,4,8,10,9,f,1
8275913,42828,670,42158,Australia,Shared room,2,1,35,4,8,10,9,f,1
4152176,42828,926,41902,Australia,Private room,1,1,48,0,,,,t,1
5972530,42828,1445,41383,Australia,Private room,1.5,1,85,32,10,10,10,f,1
16276283,42828,118,42710,Australia,Entire home/apt,1,2,350,0,,,,t,1
17980212,42828,767,42061,Australia,Private room,1,1,121,0,,,,t,1
15424226,42828,1744,41084,Australia,Private room,1,1,90,5,10,10,9,f,1
9561203,42828,502,42326,Australia,Entire home/apt,1,2,260,1,10,10,10,f,1
10443432,42828,451,42377,Australia,Entire home/apt,1,2,250,0,,,,f,1
1333913,42828,1371,41457,Australia,Entire home/apt,1,1,185,5,10,10,8,f,1
13982345,42828,731,42097,Australia,Entire home/apt,2,3,339,27,10,10,10,t,1
12212834,42828,578,42250,Australia,Entire home/apt,1,1,201,44,10,10,9,t,1
17979927,42828,392,42436,Australia,Private room,1,1,69,1,10,10,10,f,1
17914378,42828,1419,41409,Australia,Entire home/apt,1,1,159,0,,,,t,1
15423996,42828,895,41933,Australia,Entire home/apt,1,1,126,2,10,10,10,f,1
16005546,42828,1160,41668,Australia,Entire home/apt,1,2,201,1,10,10,10,f,1
11229679,42828,504,42324,Australia,Entire home/apt,1,1,155,2,9,10,9,f,1
17192001,42828,591,42237,Australia,Private room,1,1,63,0,,,,t,1
17717812,42828,1462,41366,Australia,Private room,1,1,75,1,10,10,10,f,1
8870457,42828,1832,40996,Australia,Entire home/apt,1,1,130,9,9,9,9,t,1
7164456,42828,638,42190,Australia,Entire home/apt,1,1,121,4,10,10,10,f,1
15225372,42828,189,42639,Australia,Entire home/apt,3,4,750,0,,,,t,1
5526000,42828,763,42065,Australia,Private room,1,1,66,89,10,10,10,f,1
11166465,42828,1041,41787,Australia,Private room,1,1,80,0,,,,f,1
2351761,42828,2534,40294,Australia,Entire home/apt,2,2,350,0,,,,f,1
14765881,42828,219,42609,Australia,Entire home/apt,1,2,330,14,10,10,9,t,1
15027912,42828,203,42625,Australia,Entire home/apt,4,4,600,1,10,10,8,f,1
13658375,42828,631,42197,Australia,Private room,1,1,125,0,,,,t,1
13717152,42828,1345,41483,Australia,Entire home/apt,2,2,201,0,,,,f,1
15027842,42828,375,42453,Australia,Entire home/apt,1,2,350,3,9,9,9,t,1
4607597,42828,1433,41395,Australia,Entire home/apt,1,2,360,1,10,10,10,f,1
13979832,42828,1255,41573,Australia,Private room,1,1,90,2,9,10,9,f,1
1593435,42828,1448,41380,Australia,Entire home/apt,1.5,2,336,142,9,10,9,t,1
4018325,42828,944,41884,Australia,Entire home/apt,1,2,201,7,10,10,10,f,1
5918864,42828,728,42100,Australia,Entire home/apt,3,3,600,0,,,,f,1
3428468,42828,2424,40404,Australia,Entire home/apt,2.5,3,499,11,9,10,10,f,1
3924664,42828,957,41871,Australia,Private room,1.5,1,115,1,10,8,10,f,1
16076877,42828,539,42289,Australia,Private room,1,1,100,1,10,10,10,f,1
13848650,42828,272,42556,Australia,Entire home/apt,2.5,2,350,9,10,10,10,f,1
17846330,42828,1511,41317,Australia,Entire home/apt,3,3,800,0,,,,f,1
16404533,42828,1248,41580,Australia,Entire home/apt,2,4,599,0,,,,f,1
3035158,42828,1812,41016,Australia,Entire home/apt,1,1,201,0,,,,f,1
9392140,42828,510,42318,Australia,Entire home/apt,3,4,499,1,4,10,8,f,1
4673533,42828,859,41969,Australia,Entire home/apt,1,0,130,7,10,10,9,t,1
5787639,42828,739,42089,Australia,Private room,2,1,54,2,,,,f,1
11948016,42828,615,42213,Australia,Entire home/apt,2,4,750,1,2,10,4,f,1
9981933,42828,1608,41220,Australia,Entire home/apt,2,3,450,0,,,,f,1
17256414,42828,49,42779,Australia,Private room,1,1,66,0,,,,t,1
15945680,42828,669,42159,Australia,Private room,1,1,140,6,10,10,10,f,1
16535494,42828,387,42441,Australia,Entire home/apt,1,3,220,1,10,10,10,t,1
10620322,42828,1222,41606,Australia,Entire home/apt,2,3,400,2,10,10,10,f,1
13914469,42828,269,42559,Australia,Private room,1,1,50,0,,,,f,1
3821835,42828,972,41856,Australia,Entire home/apt,1.5,2,201,15,9,10,9,t,1
6443331,42828,1027,41801,Australia,Private room,1,1,69,0,,,,f,1
17909413,42828,1231,41597,Australia,Entire home/apt,5,6,901,0,,,,f,1
4540019,42828,1771,41057,Australia,Entire home/apt,1,2,300,3,10,10,10,t,1
15550061,42828,1666,41162,Australia,Private room,1.5,1,105,1,6,10,10,f,1
13319353,42828,1112,41716,Australia,Private room,2,1,45,1,8,10,,f,1
16532993,42828,916,41912,Australia,Private room,1,3,69,3,7,10,9,f,1
4736494,42828,1107,41721,Australia,Entire home/apt,1,1,201,3,10,10,10,f,1
15220525,42828,195,42633,Australia,Entire home/apt,1,1,125,16,10,10,10,f,1
1457914,42828,1343,41485,Australia,Entire home/apt,1,2,240,3,9,9,9,f,1
10370672,42828,767,42061,Australia,Entire home/apt,2,2,170,3,8,10,10,f,1
14890823,42828,999,41829,Australia,Entire home/apt,2,2,195,0,,,,f,1
16987917,42828,64,42764,Australia,Private room,1,2,177,1,10,10,10,t,1
15808225,42828,294,42534,Australia,Entire home/apt,1,1,130,9,10,10,10,f,1
16091428,42828,131,42697,Australia,Private room,1,1,85,1,,,,t,1
16725719,42828,1749,41079,Australia,Entire home/apt,1,2,176,7,8,10,9,t,1
16986751,42828,1046,41782,Australia,Private room,1,1,66,1,10,8,10,f,1
16134712,42828,128,42700,Australia,Private room,1,1,55,0,,,,f,1
2502989,42828,1510,41318,Australia,Entire home/apt,1,0,201,81,9,10,9,f,1
13578578,42828,290,42538,Australia,Entire home/apt,2.5,5,849,0,,,,f,1
5582913,42828,760,42068,Australia,Private room,1,1,35,0,,,,f,1
16265251,42828,357,42471,Australia,Entire home/apt,1,2,375,5,10,10,9,f,1
15085541,42828,511,42317,Australia,Entire home/apt,3,4,769,0,,,,f,1
17706968,42828,1204,41624,Australia,Entire home/apt,1,1,149,1,8,10,10,f,1
4534080,42828,876,41952,Australia,Entire home/apt,3,4,860,0,,,,f,1
16330546,42828,118,42710,Australia,Entire home/apt,1,2,350,5,10,10,9,f,1
2502095,42828,1126,41702,Australia,Entire home/apt,1,2,149,5,10,10,9,f,1
16002456,42828,528,42300,Australia,Private room,1,1,145,2,10,9,8,f,1
3681398,42828,1343,41485,Australia,Entire home/apt,1,2,148,5,8,10,10,f,1
9187088,42828,898,41930,Australia,Private room,1,1,48,3,9,9,9,f,1
8357716,42828,1175,41653,Australia,Entire home/apt,1,2,149,12,10,10,10,f,1
1321338,42828,1636,41192,Australia,Entire home/apt,3,3,595,18,9,10,10,f,1
9840983,42828,495,42333,Australia,Entire home/apt,1,1,125,5,10,10,10,f,1
7874902,42828,598,42230,Australia,Entire home/apt,1,0,190,2,9,9,8,f,1
3988695,42828,1081,41747,Australia,Entire home/apt,1,1,121,68,9,10,9,f,1
16985340,42828,769,42059,Australia,Private room,1,2,69,1,10,10,10,f,1
1181381,42828,1457,41371,Australia,Private room,1,1,94,13,10,10,9,f,1
11557915,42828,399,42429,Australia,Private room,1,1,100,0,,,,f,1
12330834,42828,1144,41684,Australia,Private room,1,1,100,1,10,10,10,f,1
9841424,42828,484,42344,Australia,Entire home/apt,2,2,750,1,10,10,10,f,1
16691622,42828,708,42120,Australia,Private room,1,1,75,8,10,10,10,t,1
4597488,42828,883,41945,Australia,Entire home/apt,2,2,201,4,10,10,10,f,1
11950988,42828,881,41947,Australia,Entire home/apt,1,2,350,0,,,,f,1
9578551,42828,1868,40960,Australia,Entire home/apt,1,1,121,0,,,,f,1
4007952,42828,1316,41512,Australia,Entire home/apt,1,2,210,1,8,10,8,f,1
17597976,42828,1883,40945,Australia,Private room,1,0,69,0,,,,t,1
4596819,42828,869,41959,Australia,Entire home/apt,1,3,780,0,,,,t,1
9963107,42828,477,42351,Australia,Entire home/apt,3,4,600,0,,,,f,1
6628906,42828,673,42155,Australia,Private room,1,1,101,9,10,10,10,f,1
16196255,42828,1722,41106,Australia,Private room,1,1,121,1,10,10,10,f,1
4465257,42828,1712,41116,Australia,Entire home/apt,1,2,149,8,9,9,9,t,1
14098529,42828,308,42520,Australia,Entire home/apt,2,3,299,0,,,,t,1
8527881,42828,771,42057,Australia,Entire home/apt,1,1,229,13,9,10,10,f,1
4464621,42828,1346,41482,Australia,Entire home/apt,1,2,250,6,9,9,9,f,1
73628,42828,2244,40584,Australia,Private room,1,1,90,7,9,10,10,f,1
6365080,42828,2534,40294,Australia,Entire home/apt,2,4,830,1,8,8,6,f,1
7937921,42828,686,42142,Australia,Entire home/apt,1.5,2,160,14,10,10,10,f,1
15736626,42828,752,42076,Australia,Private room,1.5,1,66,1,10,10,10,f,1
17486716,42828,34,42794,Australia,Private room,1,1,71,0,,,,t,1
5185296,42828,2534,40294,Australia,Entire home/apt,2.5,4,700,0,,,,f,1
16457171,42828,103,42725,Australia,Entire home/apt,1,2,499,0,,,,t,1
13901232,42828,680,42148,Australia,Entire home/apt,1,1,284,1,10,10,,f,1
16589200,42828,367,42461,Australia,Entire home/apt,1,1,130,0,,,,f,1
1122657,42828,1434,41394,Australia,Entire home/apt,1,1,201,6,10,10,10,f,1
11870543,42828,383,42445,Australia,Entire home/apt,2,2,170,1,,,,f,1
6365434,42828,692,42136,Australia,Entire home/apt,1.5,2,180,0,,,,f,1
18030789,42828,972,41856,Australia,Entire home/apt,1,1,100,0,,,,f,1
17113274,42828,57,42771,Australia,Entire home/apt,1.5,2,201,5,10,10,10,t,1
13967506,42828,747,42081,Australia,Private room,1,1,50,1,10,10,10,f,1
9842573,42828,1342,41486,Australia,Private room,1.5,1,75,6,7,10,8,f,1
13835536,42828,862,41966,Australia,Entire home/apt,1,2,149,0,,,,f,1
17374475,42828,1095,41733,Australia,Private room,1,1,115,0,,,,t,1
2628803,42828,1107,41721,Australia,Entire home/apt,1,0,140,28,9,10,9,f,1
1383113,42828,1358,41470,Australia,Entire home/apt,1,1,94,2,6,10,9,f,1
16587434,42828,92,42736,Australia,Entire home/apt,1,2,201,9,10,9,10,f,1
11868789,42828,803,42025,Australia,Private room,1,1,170,0,,,,t,1
12918356,42828,331,42497,Australia,Private room,2,1,45,0,,,,f,1
15734946,42828,1046,41782,Australia,Entire home/apt,1,1,149,1,8,10,10,f,1
16325791,42828,530,42298,Australia,Entire home/apt,1,1,195,7,10,10,10,f,1
9116817,42828,1517,41311,Australia,Entire home/apt,3,3,499,0,,,,f,1
15793254,42828,774,42054,Australia,Entire home/apt,1,2,199,4,9,9,9,f,1
11928471,42828,380,42448,Australia,Entire home/apt,1,0,75,0,,,,f,1
11344835,42828,412,42416,Australia,Entire home/apt,1,2,100,0,,,,f,1
9378723,42828,1615,41213,Australia,Entire home/apt,1,2,149,2,9,9,8,f,1
8002414,42828,1665,41163,Australia,Entire home/apt,2,4,1000,3,10,10,9,f,1
17898347,42828,819,42009,Australia,Entire home/apt,1,1,94,0,,,,f,1
17767269,42828,418,42410,Australia,Private room,1,,60,0,,,,f,1
9444143,42828,1363,41465,Australia,Entire home/apt,3,3,671,0,,,,f,1
15538983,42828,168,42660,Australia,Entire home/apt,1,3,435,0,,,,t,1
16128146,42828,1183,41645,Australia,Private room,1,1,260,2,10,10,9,f,1
17438811,42828,593,42235,Australia,Private room,1,1,80,1,8,10,10,t,1
10229824,42828,1787,41041,Australia,Entire home/apt,1,1,250,27,9,10,9,f,1
3020807,42828,2141,40687,Australia,Private room,1,1,159,56,10,10,9,t,1
6605906,42828,674,42154,Australia,Entire home/apt,2,4,925,1,10,10,10,f,1
14751460,42828,224,42604,Australia,Entire home/apt,1,3,551,0,,,,f,1
6362810,42828,693,42135,Australia,Entire home/apt,1,1,125,151,10,10,10,t,1
853180,42828,1895,40933,Australia,Private room,1,1,100,3,9,10,9,f,1
9640263,42828,495,42333,Australia,Entire home/apt,1,1,149,0,,,,f,1
15587723,42828,1776,41052,Australia,Entire home/apt,1,2,315,0,,,,f,1
7280337,42828,1084,41744,Australia,Private room,1.5,1,100,0,,,,f,1
17045137,42828,550,42278,Australia,Entire home/apt,2,3,600,1,10,10,10,f,1
3769278,42828,1328,41500,Australia,Entire home/apt,1,2,250,12,9,10,9,f,1
16848433,42828,168,42660,Australia,Private room,1,1,100,2,,,,f,1
15537707,42828,973,41855,Australia,Entire home/apt,1,1,300,1,8,10,8,f,1
6426331,42828,840,41988,Australia,Private room,1,1,89,3,7,10,9,t,1
4424314,42828,2022,40806,Australia,Entire home/apt,1,1,248,1,10,10,10,f,1
15860343,42828,147,42681,Australia,Entire home/apt,2,3,395,0,,,,f,1
1314482,42828,1417,41411,Australia,Entire home/apt,1,1,180,28,8,10,9,f,1
3346079,42828,1021,41807,Australia,Private room,1,1,69,0,,,,f,1
4722317,42828,1249,41579,Australia,Private room,1,1,79,23,9,10,9,f,1
4001427,42828,1235,41593,Australia,Entire home/apt,1,2,299,7,9,10,9,f,1
14683786,42828,1511,41317,Australia,Private room,1,1,100,7,10,10,10,f,1
5049989,42828,1906,40922,Australia,Entire home/apt,1,2,201,5,9,10,9,f,1
15535742,42828,1731,41097,Australia,Entire home/apt,1,1,110,2,10,10,10,f,1
16060024,42828,735,42093,Australia,Entire home/apt,1,1,201,24,9,10,9,t,1
17305187,42828,1836,40992,Australia,Private room,1,1,56,1,10,10,10,f,1
17960550,42828,5,42823,Australia,Private room,2,1,69,0,,,,t,1
4817508,42828,1832,40996,Australia,Entire home/apt,1,2,149,13,9,10,9,f,1
9375300,42828,1130,41698,Australia,Entire home/apt,1,1,190,55,8,10,9,f,1
9732706,42828,490,42338,Australia,Entire home/apt,1,2,275,6,9,10,8,f,1
16455629,42828,1050,41778,Australia,Entire home/apt,2,2,235,0,,,,f,1
17768162,42828,356,42472,Australia,Entire home/apt,1,1,201,0,,,,f,1
16417374,42828,301,42527,Australia,Entire home/apt,1,2,220,1,6,10,6,t,1
16125480,42828,1656,41172,Australia,Entire home/apt,1,0,195,2,10,10,10,t,1
4328992,42828,903,41925,Australia,Entire home/apt,1,1,149,5,10,10,10,t,1
14997419,42828,1884,40944,Australia,Private room,1,1,121,7,10,10,10,f,1
16190971,42828,838,41990,Australia,Entire home/apt,1,2,210,0,,,,f,1
11554143,42828,399,42429,Australia,Entire home/apt,1,0,105,39,10,10,10,f,1
10685872,42828,1751,41077,Australia,Entire home/apt,1,1,225,2,10,10,10,f,1
8719778,42828,547,42281,Australia,Entire home/apt,3,3,300,1,10,10,10,f,1
4001184,42828,1626,41202,Australia,Entire home/apt,2,3,499,1,8,10,8,f,1
15273383,42828,677,42151,Australia,Entire home/apt,2,3,364,0,,,,f,1
16127527,42828,1524,41304,Australia,Entire home/apt,1,2,105,1,10,10,10,t,1
4526577,42828,1517,41311,Australia,Entire home/apt,2,3,600,0,,,,f,1
16126416,42828,1828,41000,Australia,Private room,2,2,145,1,6,8,10,f,1
16060854,42828,138,42690,Australia,Entire home/apt,1,3,499,1,,,,f,1
3084511,42828,1051,41777,Australia,Entire home/apt,1,0,119,50,8,10,9,f,1
14749911,42828,1776,41052,Australia,Entire home/apt,2,4,418,1,,,,f,1
11997132,42828,376,42452,Australia,Entire home/apt,1,2,173,59,9,10,10,t,1
15011784,42828,203,42625,Australia,Entire home/apt,1,1,450,1,10,10,10,f,1
13435543,42828,1714,41114,Australia,Entire home/apt,2,3,495,5,10,10,10,f,1
13700975,42828,1273,41555,Australia,Private room,1,1,260,0,,,,f,1
4522635,42828,878,41950,Australia,Entire home/apt,4.5,4,3000,0,,,,f,1
13438743,42828,298,42530,Australia,Private room,1,1,149,4,7,9,9,f,1
13897454,42828,1295,41533,Australia,Entire home/apt,1,3,220,3,10,10,9,f,1
5051593,42828,811,42017,Australia,Private room,1,1,100,0,,,,f,1
13536736,42828,292,42536,Australia,Entire home/apt,2,3,700,0,,,,f,1
6886533,42828,656,42172,Australia,Private room,1,1,45,15,9,10,9,f,1
8524883,42828,1750,41078,Australia,Private room,1,1,115,40,10,10,10,t,1
17437698,42828,392,42436,Australia,Private room,1,1,94,0,,,,f,1
16847862,42828,74,42754,Australia,Entire home/apt,2,3,350,2,9,10,10,t,1
8262620,42828,574,42254,Australia,Private room,1,1,121,3,9,10,10,f,1
15864786,42828,769,42059,Australia,Entire home/apt,1,3,400,1,6,10,8,t,1
15471566,42828,242,42586,Australia,Entire home/apt,1,2,350,8,10,10,10,f,1
6755260,42828,1404,41424,Australia,Entire home/apt,1,1,149,1,8,10,10,f,1
16417594,42828,2134,40694,Australia,Private room,1,1,105,5,10,9,10,f,1
16847611,42828,179,42649,Australia,Entire home/apt,1,3,400,0,,,,f,1
2167538,42828,1183,41645,Australia,Entire home/apt,2,3,650,1,8,10,8,f,1
15667930,42828,2386,40442,Australia,Entire home/apt,2,3,499,1,10,10,8,f,1
14029507,42828,1856,40972,Australia,Entire home/apt,1,2,121,2,9,10,10,f,1
10687154,42828,1363,41465,Australia,Entire home/apt,1,2,250,7,10,10,10,f,1
7100525,42828,642,42186,Australia,Private room,1,1,94,0,,,,f,1
16454272,42828,1588,41240,Australia,Entire home/apt,1,1,350,0,,,,f,1
17176053,42828,336,42492,Australia,Private room,1,1,83,1,10,10,10,t,1
11212239,42828,417,42411,Australia,Entire home/apt,1,2,250,3,9,9,9,t,1
15734058,42828,323,42505,Australia,Entire home/apt,2,4,1000,3,9,10,9,f,1
8000811,42828,590,42238,Australia,Private room,1,1,69,0,,,,f,1
5051684,42828,1025,41803,Australia,Entire home/apt,1,1,250,0,,,,f,1
8656139,42828,554,42274,Australia,Private room,1.5,1,59,3,8,10,9,f,1
15536245,42828,479,42349,Australia,Entire home/apt,1,1,114,14,10,10,9,f,1
12390502,42828,540,42288,Australia,Private room,1,1,50,11,8,9,9,t,1
10555465,42828,1510,41318,Australia,Entire home/apt,1,0,201,14,9,10,9,f,1
4919367,42828,1537,41291,Australia,Entire home/apt,2,2,220,2,10,10,8,f,1
8719739,42828,547,42281,Australia,Private room,1,1,80,0,,,,f,1
3084470,42828,1051,41777,Australia,Entire home/apt,2.5,4,499,0,,,,f,1
9766412,42828,488,42340,Australia,Entire home/apt,1,2,110,4,10,10,10,t,1
787970,42828,1909,40919,Australia,Entire home/apt,1,2,235,27,9,10,8,f,1
16385524,42828,937,41891,Australia,Private room,1.5,1,69,1,6,10,10,f,1
4654576,42828,1240,41588,Australia,Private room,2,1,125,1,4,6,6,f,1
11404768,42828,1622,41206,Australia,Private room,1,1,94,13,10,10,10,f,1
9701776,42828,1089,41739,Australia,Entire home/apt,1,2,400,0,,,,f,1
9110999,42828,1843,40985,Australia,Entire home/apt,1,1,125,6,10,9,10,f,1
9699575,42828,2734,40094,Australia,Entire home/apt,1,1,290,4,10,10,10,f,1
4457914,42828,1363,41465,Australia,Entire home/apt,2,4,312,1,4,10,8,f,1
16385434,42828,382,42446,Australia,Private room,1,1,66,1,10,10,10,f,1
11928973,42828,380,42448,Australia,Private room,1,1,85,1,,,,t,1
4851065,42828,845,41983,Australia,Private room,1,1,69,2,10,9,9,f,1
9700720,42828,491,42337,Australia,Private room,1,2,110,29,10,10,10,t,1
11994452,42828,1962,40866,Australia,Entire home/apt,1,2,250,12,10,10,10,f,1
17302867,42828,792,42036,Australia,Private room,1,1,88,0,,,,f,1
12715337,42828,725,42103,Australia,Entire home/apt,1,0,225,0,,,,f,1
14157114,42828,1641,41187,Australia,Entire home/apt,1,1,198,6,9,10,10,f,1
4326694,42828,1148,41680,Australia,Entire home/apt,1,1,164,41,10,10,10,f,1
9743240,42828,1092,41736,Australia,Private room,1,1,79,1,10,10,10,f,1
5244175,42828,1189,41639,Australia,Entire home/apt,4,5,849,1,10,10,10,f,1
9700622,42828,1182,41646,Australia,Entire home/apt,1,1,180,0,,,,f,1
15860882,42828,829,41999,Australia,Entire home/apt,2,2,320,2,10,10,9,f,1
17334457,42828,1315,41513,Australia,Entire home/apt,1,2,250,3,9,10,9,f,1
9307202,42828,2776,40052,Australia,Entire home/apt,2,3,490,4,10,9,10,f,1
11404342,42828,428,42400,Australia,Entire home/apt,1,1,195,15,10,10,10,f,1
11404286,42828,1238,41590,Australia,Private room,1,1,55,3,9,9,9,f,1
13435883,42828,677,42151,Australia,Entire home/apt,1,0,125,38,10,10,9,f,1
8782819,42828,1624,41204,Australia,Entire home/apt,3,4,849,2,10,10,10,f,1
13915640,42828,1661,41167,Australia,Entire home/apt,1,1,131,1,10,10,10,f,1
16384970,42828,109,42719,Australia,Entire home/apt,1,2,199,2,10,10,9,f,1
16384961,42828,1023,41805,Australia,Private room,1,1,73,1,2,10,4,t,1
5309313,42828,1582,41246,Australia,Private room,1,1,90,0,,,,f,1
4653940,42828,862,41966,Australia,Entire home/apt,1,1,325,0,,,,f,1
9700202,42828,1161,41667,Australia,Entire home/apt,1,2,300,0,,,,f,1
16384847,42828,362,42466,Australia,Private room,1,5,90,1,6,8,8,t,1
10093384,42828,638,42190,Australia,Private room,1,1,60,16,8,10,9,f,1
15795005,42828,152,42676,Australia,Entire home/apt,1,1,169,22,10,10,10,f,1
15794996,42828,393,42435,Australia,Entire home/apt,1,1,140,1,10,10,10,f,1
1180462,42828,1419,41409,Australia,Entire home/apt,2.5,2,350,21,10,10,10,f,1
10093353,42828,982,41846,Australia,Entire home/apt,1,1,149,13,10,10,9,t,1
2051351,42828,1212,41616,Australia,Entire home/apt,1,1,180,7,9,9,8,f,1
11993761,42828,788,42040,Australia,Private room,1,1,80,0,,,,f,1
11928221,42828,822,42006,Australia,Private room,1,1,50,0,,,,f,1
15467143,42828,244,42584,Australia,Entire home/apt,1,1,290,0,,,,f,1
11403897,42828,428,42400,Australia,Entire home/apt,1,1,194,15,10,10,9,f,1
1966675,42828,1750,41078,Australia,Private room,1,1,160,102,9,10,10,t,1
16581223,42828,2130,40698,Australia,Entire home/apt,1,2,180,0,,,,f,1
655953,42828,1688,41140,Australia,Entire home/apt,1,2,275,8,9,10,9,f,1
4981322,42828,1112,41716,Australia,Private room,1,1,160,1,8,10,10,f,1
15991349,42828,294,42534,Australia,Entire home/apt,2,3,350,7,10,9,10,f,1
12452358,42828,841,41987,Australia,Private room,1,1,100,1,,,,f,1
9830907,42828,487,42341,Australia,Entire home/apt,1,3,160,1,10,10,10,f,1
9033129,42828,1424,41404,Australia,Entire home/apt,1,1,160,2,8,10,10,f,1
12342824,42828,850,41978,Australia,Private room,1,1,100,4,9,10,9,f,1
10814708,42828,1210,41618,Australia,Private room,1,1,50,1,8,10,10,f,1
18023626,42828,749,42079,Australia,Entire home/apt,1,2,320,0,,,,t,1
16123060,42828,650,42178,Australia,Entire home/apt,1,2,201,2,,,,f,1
17368218,42828,1818,41010,Australia,Private room,1,1,80,0,,,,t,1
10093032,42828,1162,41666,Australia,Entire home/apt,1,2,551,2,10,10,10,f,1
15663584,42828,1584,41244,Australia,Entire home/apt,2,4,632,0,,,,f,1
2228671,42828,1173,41655,Australia,Entire home/apt,1,2,250,1,10,10,10,f,1
4194710,42828,1214,41614,Australia,Entire home/apt,1,2,160,79,10,10,10,f,1
15794546,42828,152,42676,Australia,Entire home/apt,1,2,148,12,10,10,9,f,1
16384758,42828,264,42564,Australia,Private room,1,1,155,0,,,,t,1
16057073,42828,957,41871,Australia,Entire home/apt,1,0,273,1,,,,f,1
10093277,42828,1101,41727,Australia,Entire home/apt,1,3,499,0,,,,f,1
16253636,42828,651,42177,Australia,Entire home/apt,2,3,400,1,8,10,10,f,1
4326055,42828,903,41925,Australia,Entire home/apt,1.5,3,400,0,,,,f,1
9545145,42828,934,41894,Australia,Entire home/apt,1,2,180,1,8,10,8,f,1
589989,42828,1726,41102,Australia,Private room,1.5,1,55,15,10,10,10,f,1
16842897,42828,871,41957,Australia,Private room,1,1,60,2,10,10,10,f,1
14811237,42828,1425,41403,Australia,Entire home/apt,1,2,350,4,10,10,9,f,1
7350962,42828,1380,41448,Australia,Entire home/apt,1,2,233,101,8,10,9,f,1
6750266,42828,1288,41540,Australia,Entire home/apt,1,1,90,0,,,,f,1
15859750,42828,798,42030,Australia,Entire home/apt,1,1,339,0,,,,f,1
16384019,42828,110,42718,Australia,Entire home/apt,1,1,339,1,10,10,10,t,1
8761268,42829,546,42283,Australia,Private room,1,1,64,1,10,10,10,f,1
17870741,42829,1180,41649,Australia,Private room,1,1,72,0,,,,f,1
15313728,42829,854,41975,Australia,Entire home/apt,1,1,300,3,9,10,8,f,1
16427837,42829,286,42543,Australia,Entire home/apt,1.5,2,349,0,,,,f,1
17254311,42829,2477,40352,Australia,Private room,1,1,60,4,10,10,9,f,1
17439568,42829,43,42786,Australia,Private room,1,1,30,0,,,,f,1
2332788,42829,1490,41339,Australia,Entire home/apt,1,1,99,8,9,9,9,f,1
5829681,42829,756,42073,Australia,Entire home/apt,1,2,150,4,9,10,9,t,1
16508023,42829,100,42729,Australia,Private room,1,1,75,7,10,9,10,f,1
15990312,42830,2201,40629,Australia,Entire home/apt,1,2,219,0,,,,f,1
11344664,42829,411,42418,Australia,Entire home/apt,2,3,250,1,8,8,8,f,1
4759354,42829,854,41975,Australia,Entire home/apt,2,3,300,40,10,10,9,f,1
16381248,42830,903,41927,Australia,Private room,1,2,89,0,,,,f,1
15073138,42830,202,42628,Australia,Entire home/apt,1.5,2,200,18,10,10,9,f,1
10213499,42829,2139,40690,Australia,Entire home/apt,1,0,110,31,10,10,10,f,1
11513521,42829,495,42334,Australia,Entire home/apt,1,3,200,2,9,10,10,f,1
15820890,42829,366,42463,Australia,Private room,1,1,79,2,10,10,10,f,1
16246285,42830,1739,41091,Australia,Entire home/apt,1,0,150,15,10,10,10,f,1
14808836,42830,1052,41778,Australia,Entire home/apt,2,0,298,5,7,10,8,f,1
5610080,42829,1199,41630,Australia,Private room,1,1,64,0,,,,f,1
16114236,42829,131,42698,Australia,Entire home/apt,1,1,120,1,8,10,8,f,1
16114078,42829,131,42698,Australia,Private room,1,1,80,0,,,,f,1
5888630,42829,731,42098,Australia,Entire home/apt,1,1,155,85,8,10,9,f,1
10441833,42830,453,42377,Australia,Entire home/apt,1,1,95,3,10,9,9,f,1
13020862,42829,671,42158,Australia,Private room,1.5,1,60,0,,,,t,1
2991453,42829,1062,41767,Australia,Private room,1,1,91,0,,,,f,1
16509339,42830,644,42186,Australia,Private room,1,1,116,0,,,,f,1
11228503,42829,456,42373,Australia,Entire home/apt,2,2,399,0,,,,f,1
15859193,42830,150,42680,Australia,Entire home/apt,1,2,126,2,5,10,9,f,1
17869995,42829,2186,40643,Australia,Entire home/apt,1,2,106,0,,,,t,1
2679409,42829,1214,41615,Australia,Entire home/apt,2,3,209,8,9,10,9,f,1
8995247,42830,535,42295,Australia,Entire home/apt,2.5,3,399,1,10,10,10,t,1
3442444,42829,1011,41818,Australia,Entire home/apt,3,4,551,0,,,,f,1
14080888,42829,273,42556,Australia,Shared room,1,1,62,2,6,10,8,f,1
13500336,42830,538,42292,Australia,Entire home/apt,2,4,374,1,6,10,6,f,1
13143113,42829,1411,41418,Australia,Entire home/apt,1,1,200,1,10,8,10,f,1
10732086,42829,1277,41552,Australia,Entire home/apt,0.5,0,100,1,8,10,8,f,1
16781552,42828,641,42187,Australia,Private room,1,1,75,9,8,10,8,t,1
8036093,42829,598,42231,Australia,Private room,1,1,100,1,10,10,10,f,1
13282633,42829,309,42520,Australia,Private room,1,1,35,0,,,,f,1
17035854,42830,63,42767,Australia,Private room,2,3,91,5,10,10,10,t,1
11778289,42829,1342,41487,Australia,Private room,1,1,60,1,,,,t,1
13158516,42829,465,42364,Australia,Private room,2.5,1,150,0,,,,f,1
672291,42829,1679,41150,Australia,Private room,1,1,100,10,10,9,9,f,1
15523854,42829,171,42658,Australia,Private room,1,1,100,0,,,,t,1
8641146,42829,552,42277,Australia,Private room,1,1,95,19,10,10,10,f,1
10928707,42829,870,41959,Australia,Private room,1,1,75,0,,,,f,1
9760622,42830,980,41850,Australia,Private room,1,1,56,1,,,,t,1
8690969,42829,763,42066,Australia,Private room,1,1,49,1,10,10,10,f,1
15845141,42829,1434,41395,Australia,Private room,1,1,50,2,10,8,10,f,1
4856778,42829,1102,41727,Australia,Private room,1.5,1,64,11,10,10,9,f,1
15502272,42829,798,42031,Australia,Entire home/apt,3,4,650,0,,,,f,1
4823642,42829,842,41987,Australia,Private room,1,1,70,13,10,10,9,f,1
2341107,42829,1154,41675,Australia,Private room,1.5,1,85,6,10,10,10,f,1
2136456,42829,1191,41638,Australia,Private room,1,1,55,40,10,10,10,f,1
5839121,42829,760,42069,Australia,Entire home/apt,3,4,800,2,10,10,9,f,1
16947007,42829,139,42690,Australia,Private room,1,1,110,0,,,,t,1
6545218,42829,680,42149,Australia,Entire home/apt,3,5,420,1,6,8,6,f,1
8595897,42830,1742,41088,Australia,Private room,1,1,45,5,10,10,10,f,1
3574513,42830,998,41832,Australia,Entire home/apt,1,0,120,3,10,8,10,f,1
13496058,42830,1833,40997,Australia,Private room,1,1,68,0,,,,f,1
9615959,42829,1090,41739,Australia,Private room,1,1,54,0,,,,f,1
16052322,42829,221,42608,Australia,Entire home/apt,1,1,67,8,10,10,10,t,1
13142535,42829,317,42512,Australia,Entire home/apt,1,1,100,20,9,9,9,f,1
17933448,42829,120,42709,Australia,Private room,2,2,75,0,,,,t,1
16635150,42829,1030,41799,Australia,Entire home/apt,1,1,105,7,10,10,10,f,1
12251664,42830,382,42448,Australia,Private room,1,1,80,0,,,,f,1
17623891,42829,323,42506,Australia,Entire home/apt,2,4,192,0,,,,t,1
9101377,42829,526,42303,Australia,Private room,1,1,75,5,8,10,9,t,1
9564669,42830,635,42195,Australia,Private room,1,1,91,0,,,,f,1
3864000,42829,1380,41449,Australia,Entire home/apt,3,4,374,2,9,9,9,t,1
15007479,42830,1110,41720,Australia,Private room,1,1,59,7,9,9,9,f,1
16572673,42829,2178,40651,Australia,Private room,1,1,55,5,10,10,10,f,1
5367244,42830,913,41917,Australia,Entire home/apt,1,0,85,36,9,9,9,f,1
14675140,42830,379,42451,Australia,Private room,1.5,2,70,0,,,,f,1
16666749,42829,87,42742,Australia,Private room,1,1,75,5,10,10,10,f,1
17408154,42829,41,42788,Australia,Entire home/apt,2.5,4,700,0,,,,f,1
12174440,42829,368,42461,Australia,Private room,1,1,91,7,9,10,9,f,1
7389548,42829,628,42201,Australia,Entire home/apt,1,0,70,1,10,10,10,f,1
10283067,42830,800,42030,Australia,Private room,1,1,72,0,,,,f,1
7465378,42830,624,42206,Australia,Entire home/apt,2.5,5,399,0,,,,f,1
10932623,42829,552,42277,Australia,Private room,1,1,120,3,10,10,10,f,1
9237966,42830,520,42310,Australia,Private room,1,1,180,0,,,,f,1
11528262,42830,573,42257,Australia,Entire home/apt,2.5,5,200,0,,,,f,1
4681590,42829,859,41970,Australia,Private room,1,1,155,0,,,,f,1
4710021,42829,908,41921,Australia,Private room,1,1,56,48,9,9,9,t,1
8620866,42829,553,42276,Australia,Entire home/apt,2.5,3,261,1,10,8,10,f,1
10155331,42830,740,42090,Australia,Private room,1,1,99,1,6,10,8,f,1
16813016,42829,78,42751,Australia,Private room,1.5,2,150,0,,,,t,1
8781250,42830,959,41871,Australia,Private room,1.5,1,88,1,10,10,10,f,1
9416915,42829,520,42309,Australia,Private room,1,1,55,15,9,10,10,f,1
8761115,42829,735,42094,Australia,Entire home/apt,2,2,250,1,10,10,10,f,1
16417913,42829,108,42721,Australia,Entire home/apt,2,2,175,2,5,6,5,f,1
12175165,42829,1384,41445,Australia,Private room,1.5,1,75,3,9,9,9,f,1
17884020,42829,430,42399,Australia,Private room,1,1,68,0,,,,f,1
13155475,42829,975,41854,Australia,Private room,1,1,81,0,,,,f,1
7403370,42829,627,42202,Australia,Entire home/apt,2,4,200,0,,,,f,1
15512908,42829,1672,41157,Australia,Private room,1,1,64,8,10,10,10,t,1
10733309,42829,440,42389,Australia,Entire home/apt,3.5,6,1200,0,,,,f,1
9170528,42830,883,41947,Australia,Entire home/apt,1,2,169,0,,,,f,1
7314367,42829,801,42028,Australia,Entire home/apt,2.5,4,349,0,,,,f,1
1175358,42829,2157,40672,Australia,Private room,1,1,91,1,10,10,10,f,1
16444355,42830,268,42562,Australia,Private room,1,1,39,2,10,10,10,t,1
10393157,42829,823,42006,Australia,Private room,1,1,43,1,10,10,10,f,1
8506552,42829,561,42268,Australia,Private room,1,1,70,4,10,9,9,f,1
13083582,42829,322,42507,Australia,Entire home/apt,1.5,3,150,1,10,10,10,f,1
17671281,42829,135,42694,Australia,Private room,1,1,55,0,,,,t,1
10931779,42829,995,41834,Australia,Private room,1,1,219,1,10,10,10,f,1
15918484,42829,1584,41245,Australia,Private room,1,1,51,0,,,,f,1
16353076,42829,540,42289,Australia,Private room,1,1,39,3,10,10,10,t,1
6094663,42830,715,42115,Australia,Private room,1,1,78,0,,,,f,1
11514214,42829,402,42427,Australia,Private room,1,1,70,1,10,10,10,f,1
14408682,42829,493,42336,Australia,Private room,1,1,100,0,,,,f,1
4521519,42830,1245,41585,Australia,Entire home/apt,1,0,95,126,10,10,10,f,1
11532010,42830,402,42428,Australia,Private room,1,1,89,36,10,10,10,f,1
17625089,42830,640,42190,Australia,Entire home/apt,1,2,120,0,,,,t,1
9958831,42830,547,42283,Australia,Private room,1,1,59,0,,,,f,1
10144360,42829,480,42349,Australia,Private room,1,1,39,2,10,10,10,f,1
15788196,42830,1519,41311,Australia,Private room,1,1,91,1,10,10,10,f,1
13550484,42829,297,42532,Australia,Entire home/apt,1,1,116,14,10,10,10,f,1
17274289,42829,1510,41319,Australia,Private room,1,1,60,0,,,,t,1
13607270,42829,379,42450,Australia,Private room,1,1,64,1,10,10,10,t,1
10286092,42829,2376,40453,Australia,Private room,1,1,91,13,9,10,9,f,1
16247547,42830,1450,41380,Australia,Private room,1,1,79,5,9,9,9,f,1
7522336,42829,620,42209,Australia,Private room,1,2,60,0,,,,f,1
16326095,42829,114,42715,Australia,Entire home/apt,1,2,175,7,10,10,10,t,1
9811835,42829,1523,41306,Australia,Entire home/apt,1,1,95,39,9,10,9,t,1
16367608,42829,949,41880,Australia,Private room,1,1,95,1,10,8,8,t,1
9036330,42829,530,42299,Australia,Entire home/apt,2.5,4,194,1,10,10,10,f,1
5633056,42829,955,41874,Australia,Entire home/apt,2,2,169,17,9,10,10,f,1
11892575,42830,384,42446,Australia,Entire home/apt,2,4,300,0,,,,f,1
15138367,42830,501,42329,Australia,Private room,1,1,55,0,,,,t,1
17669830,42829,32,42797,Australia,Entire home/apt,3,5,300,0,,,,t,1
11379700,42829,464,42365,Australia,Private room,1.5,1,70,2,10,10,10,f,1
10844844,42830,457,42373,Australia,Entire home/apt,1,0,150,2,8,7,8,f,1
16708520,42830,247,42583,Australia,Entire home/apt,2,3,250,0,,,,f,1
16426939,42829,1176,41653,Australia,Entire home/apt,1,2,219,0,,,,t,1
9495402,42829,510,42319,Australia,Entire home/apt,1.5,4,399,0,,,,f,1
17351756,42829,1125,41704,Australia,Private room,0.5,1,50,0,,,,f,1
16774827,42830,463,42367,Australia,Private room,1,1,99,0,,,,f,1
3598289,42830,1011,41819,Australia,Private room,1,1,64,22,9,10,10,f,1
15590013,42829,290,42539,Australia,Private room,1,1,100,1,10,10,10,f,1
13415223,42829,601,42228,Australia,Private room,1,1,55,0,,,,f,1
5633876,42829,754,42075,Australia,Entire home/apt,1,2,100,9,10,10,9,f,1
9083201,42829,527,42302,Australia,Private room,1,1,70,0,,,,f,1
10282656,42830,461,42369,Australia,Entire home/apt,2.5,5,310,1,10,10,10,f,1
16579546,42830,95,42735,Australia,Private room,1,1,95,11,9,10,10,t,1
10023281,42830,477,42353,Australia,Private room,2,1,59,0,,,,f,1
4313942,42829,1005,41824,Australia,Private room,1,1,70,41,10,10,10,f,1
9161082,42829,1905,40924,Australia,Entire home/apt,3,3,480,2,9,9,9,f,1
17685028,42829,177,42652,Australia,Private room,1,1,60,0,,,,f,1
16357149,42829,112,42717,Australia,Private room,1,1,43,0,,,,t,1
10157786,42830,937,41893,Australia,Private room,1,1,70,1,10,10,10,f,1
16998952,42829,65,42764,Australia,Private room,1,1,79,0,,,,t,1
16215097,42830,1302,41528,Australia,Private room,1,1,80,0,,,,f,1
11212037,42829,430,42399,Australia,Private room,1,1,110,0,,,,t,1
15989240,42830,141,42689,Australia,Private room,1,1,95,9,10,10,10,f,1
2811582,42830,1085,41745,Australia,Private room,1,1,91,25,8,9,8,f,1
17148232,42829,56,42773,Australia,Private room,1,1,50,0,,,,t,1
15386905,42829,1482,41347,Australia,Private room,1,1,91,0,,,,t,1
17993756,42829,1210,41619,Australia,Private room,1,1,39,0,,,,t,1
17614493,42829,974,41855,Australia,Private room,1,1,35,0,,,,f,1
17563586,42830,621,42209,Australia,Private room,1,1,50,0,,,,t,1
16570118,42829,1573,41256,Australia,Private room,1,1,58,6,10,10,10,f,1
11464142,42829,456,42373,Australia,Entire home/apt,1,0,150,1,10,10,10,f,1
3981925,42829,950,41879,Australia,Private room,1,1,85,3,10,10,9,t,1
16419812,42829,794,42035,Australia,Private room,1,2,50,0,,,,f,1
16111748,42829,927,41902,Australia,Private room,1,1,74,0,,,,f,1
10861092,42829,1286,41543,Australia,Entire home/apt,2,1,120,1,10,10,10,f,1
12890478,42829,691,42138,Australia,Entire home/apt,1,2,150,2,10,10,10,f,1
12371574,42829,357,42472,Australia,Entire home/apt,1,1,141,9,9,10,9,f,1
9892000,42830,1384,41446,Australia,Entire home/apt,1,2,180,2,10,10,10,f,1
9335167,42830,1554,41276,Australia,Entire home/apt,1,1,85,0,,,,f,1
17163321,42829,1127,41702,Australia,Entire home/apt,1,1,150,0,,,,f,1
5195509,42829,798,42031,Australia,Entire home/apt,1,2,150,2,10,10,9,f,1
12837453,42829,873,41956,Australia,Entire home/apt,1,1,219,4,8,10,9,f,1
11325823,42830,1174,41656,Australia,Entire home/apt,1,2,143,4,10,9,10,f,1
16314123,42830,602,42228,Australia,Entire home/apt,1,2,200,0,,,,t,1
2749147,42829,1091,41738,Australia,Entire home/apt,1,1,95,7,8,9,10,f,1
16370972,42829,2036,40793,Australia,Entire home/apt,1,2,120,1,10,10,10,t,1
10680897,42830,1632,41198,Australia,Entire home/apt,1,1,120,2,10,10,10,f,1
15834923,42829,490,42339,Australia,Entire home/apt,1,1,64,0,,,,t,1
15859668,42830,187,42643,Australia,Entire home/apt,3,4,495,1,10,10,10,t,1
16649296,42828,88,42740,Australia,Entire home/apt,1,1,125,1,8,10,10,t,1
12434343,42830,456,42374,Australia,Entire home/apt,1,2,70,0,,,,t,1
14425647,42829,682,42147,Australia,Entire home/apt,1,3,242,23,10,10,10,f,1
5176609,42830,799,42031,Australia,Entire home/apt,1,2,349,3,10,10,10,f,1
9828633,42830,958,41872,Australia,Entire home/apt,1,1,110,3,9,10,9,t,1
14875300,42830,214,42616,Australia,Entire home/apt,2.5,3,296,4,10,10,9,f,1
17817902,42829,615,42214,Australia,Entire home/apt,1,2,110,0,,,,t,1
4379592,42830,976,41854,Australia,Entire home/apt,1,1,99,14,8,9,9,f,1
13360278,42829,1057,41772,Australia,Entire home/apt,2,3,290,10,10,10,9,f,1
10020305,42830,477,42353,Australia,Entire home/apt,1,2,210,9,9,10,10,f,1
8978103,42830,1970,40860,Australia,Entire home/apt,1,2,175,1,,,,f,1
16579911,42830,171,42659,Australia,Entire home/apt,1,2,175,4,10,10,9,f,1
13578266,42828,290,42538,Australia,Entire home/apt,1,1,149,0,,,,t,1
16600402,42829,396,42433,Australia,Entire home/apt,1,2,255,3,9,9,8,t,1
5763096,42830,743,42087,Australia,Entire home/apt,1,2,120,2,7,6,7,t,1
13608374,42829,290,42539,Australia,Entire home/apt,2,2,150,3,9,9,9,t,1
4951338,42829,1100,41729,Australia,Entire home/apt,3.5,5,1000,0,,,,f,1
10839341,42828,649,42179,Australia,Entire home/apt,1.5,2,350,0,,,,f,1
6337219,42830,1181,41649,Australia,Entire home/apt,1,2,198,3,10,9,9,f,1
10285515,42830,1809,41021,Australia,Entire home/apt,2,2,180,6,9,10,9,f,1
4777460,42830,849,41981,Australia,Entire home/apt,1,2,250,0,,,,f,1
13361173,42829,1131,41698,Australia,Entire home/apt,2,5,950,0,,,,f,1
4258277,42830,915,41915,Australia,Entire home/apt,1,1,150,0,,,,f,1
17769955,42830,37,42793,Australia,Entire home/apt,1,2,166,0,,,,t,1
17950974,42830,7,42823,Australia,Entire home/apt,1,3,180,0,,,,t,1
15891932,42829,1357,41472,Australia,Entire home/apt,1,1,130,0,,,,f,1
5288239,42829,787,42042,Australia,Entire home/apt,1,0,150,2,5,8,9,f,1
11932557,42829,423,42406,Australia,Entire home/apt,1,2,135,5,10,10,10,f,1
16419365,42829,491,42338,Australia,Entire home/apt,1,1,95,2,10,10,10,f,1
15148678,42830,1476,41354,Australia,Entire home/apt,2,3,476,3,10,10,10,t,1
7600723,42830,617,42213,Australia,Entire home/apt,3,4,1200,0,,,,f,1
8463975,42829,770,42059,Australia,Entire home/apt,1,2,300,0,,,,f,1
9172791,42829,592,42237,Australia,Entire home/apt,1,1,501,1,10,10,8,f,1
9757839,42829,490,42339,Australia,Entire home/apt,2.5,3,300,0,,,,f,1
9960446,42830,480,42350,Australia,Entire home/apt,3,4,349,0,,,,t,1
7925924,42830,2051,40779,Australia,Entire home/apt,1,3,451,0,,,,f,1
11926617,42830,559,42271,Australia,Entire home/apt,1,2,200,3,9,10,10,f,1
12576695,42830,1522,41308,Australia,Entire home/apt,3,4,600,1,8,10,10,f,1
12974309,42830,1064,41766,Australia,Entire home/apt,3,4,551,2,10,10,9,f,1
13034199,42830,325,42505,Australia,Entire home/apt,2,1,99,0,,,,f,1
13496289,42830,1309,41521,Australia,Entire home/apt,2,4,501,0,,,,f,1
13758776,42830,669,42161,Australia,Entire home/apt,2.5,4,600,1,10,10,10,f,1
14253395,42830,1660,41170,Australia,Entire home/apt,1,3,194,1,10,10,10,f,1
15131427,42829,1068,41761,Australia,Entire home/apt,1,1,191,0,,,,f,1
15793878,42830,154,42676,Australia,Entire home/apt,1,2,110,2,8,9,10,f,1
15889691,42829,153,42676,Australia,Entire home/apt,1,1,120,0,,,,f,1
16247584,42830,121,42709,Australia,Entire home/apt,1,1,200,0,,,,t,1
17425563,42829,854,41975,Australia,Entire home/apt,3,5,449,0,,,,t,1
16697041,42829,87,42742,Australia,Shared room,1,1,41,0,,,,t,1
15821386,42828,272,42556,Australia,Private room,1,1,62,4,6,10,8,f,1
4969846,42828,819,42009,Australia,Entire home/apt,2,3,499,6,9,10,8,f,1
9699712,42828,1107,41721,Australia,Private room,1,2,90,2,10,10,10,f,1
9962524,42828,477,42351,Australia,Entire home/apt,1,2,107,1,10,,,f,1
5243939,42828,847,41981,Australia,Entire home/apt,1,2,220,2,9,10,9,f,1
9962764,42828,783,42045,Australia,Entire home/apt,2,2,450,0,,,,f,1
8849319,42828,579,42249,Australia,Entire home/apt,2.5,4,650,8,10,10,10,f,1
918892,42828,1523,41305,Australia,Entire home/apt,2,2,225,3,10,10,9,f,1
9963451,42828,477,42351,Australia,Entire home/apt,2,3,450,0,,,,f,1
11929111,42828,1228,41600,Australia,Entire home/apt,1,1,106,0,,,,f,1
8783414,42828,544,42284,Australia,Entire home/apt,1,2,360,2,10,10,9,f,1
9307753,42828,514,42314,Australia,Private room,1,1,77,0,,,,f,1
14878408,42828,1089,41739,Australia,Entire home/apt,1,1,100,2,,,,f,1
15402707,42828,834,41994,Australia,Entire home/apt,1.5,3,290,1,8,10,10,f,1
13829859,42828,274,42554,Australia,Entire home/apt,2,0,180,0,,,,f,1
15992678,42828,1504,41324,Australia,Entire home/apt,1,1,100,2,10,10,10,f,1
6632733,42828,672,42156,Australia,Entire home/apt,2,4,220,2,10,10,9,f,1
16058551,42828,214,42614,Australia,Entire home/apt,1,2,139,10,9,10,10,t,1
16976158,42828,66,42762,Australia,Entire home/apt,1,2,118,5,10,10,9,t,1
4478834,42828,885,41943,Australia,Entire home/apt,1,3,149,3,10,10,10,f,1
15993263,42828,662,42166,Australia,Entire home/apt,2,2,499,1,10,10,10,f,1
16845283,42828,559,42269,Australia,Private room,1,1,29,0,,,,t,1
17596846,42828,255,42573,Australia,Private room,1,0,45,0,,,,t,1
4917817,42828,826,42002,Australia,Entire home/apt,1,1,201,9,9,10,10,f,1
10750575,42828,920,41908,Australia,Entire home/apt,1,0,115,30,10,10,10,f,1
16059198,42828,783,42045,Australia,Entire home/apt,1,1,100,5,8,8,9,f,1
16845722,42828,850,41978,Australia,Private room,1,1,80,0,,,,f,1
16059362,42828,133,42695,Australia,Entire home/apt,1,1,149,5,10,9,10,f,1
12343834,42828,358,42470,Australia,Private room,1,1,50,6,10,10,10,f,1
4183909,42828,925,41903,Australia,Entire home/apt,1,2,100,3,8,8,8,t,1
15535396,42828,1363,41465,Australia,Entire home/apt,1,3,301,2,8,9,8,f,1
15226775,42828,566,42262,Australia,Entire home/apt,2.5,4,495,2,10,10,9,f,1
11928117,42828,380,42448,Australia,Entire home/apt,1,1,100,7,9,9,9,f,1
15208623,42828,942,41886,Australia,Entire home/apt,1,2,186,6,10,10,9,f,1
13382589,42828,301,42527,Australia,Private room,1,1,50,1,10,10,10,t,1
8201297,42828,1513,41315,Australia,Entire home/apt,1.5,2,199,0,,,,f,1
10101863,42828,1532,41296,Australia,Entire home/apt,1,1,121,21,10,10,9,f,1
8720659,42828,1855,40973,Australia,Entire home/apt,1,2,140,23,10,9,9,f,1
15604397,42828,594,42234,Australia,Entire home/apt,1,4,490,0,,,,f,1
15009303,42828,788,42040,Australia,Private room,1,1,100,0,,,,f,1
5186701,42828,941,41887,Australia,Entire home/apt,3,3,350,1,10,10,10,f,1
16847182,42828,74,42754,Australia,Private room,1,1,90,0,,,,t,1
8395485,42828,649,42179,Australia,Entire home/apt,1,1,105,24,9,10,10,f,1
16259821,42828,143,42685,Australia,Entire home/apt,1,2,256,0,,,,f,1
17573047,42828,565,42263,Australia,Entire home/apt,2,3,250,0,,,,t,1
8327600,42828,632,42196,Australia,Entire home/apt,2.5,4,465,2,9,10,10,f,1
15604560,42828,1110,41718,Australia,Entire home/apt,1,1,87,9,10,10,10,f,1
16325471,42828,962,41866,Australia,Entire home/apt,1,0,115,6,10,10,9,f,1
8138969,42828,1152,41676,Australia,Entire home/apt,1,1,160,0,,,,f,1
16395915,42828,944,41884,Australia,Entire home/apt,2,3,201,3,10,10,9,f,1
16002701,42828,357,42471,Australia,Entire home/apt,1,1,149,0,,,,f,1
15991557,42828,138,42690,Australia,Entire home/apt,1.5,2,199,2,10,10,10,f,1
12327879,42828,736,42092,Australia,Private room,1,1,80,1,10,10,10,f,1
537624,42828,1754,41074,Australia,Entire home/apt,3,4,140,1,10,10,10,f,1
9376342,42828,518,42310,Australia,Entire home/apt,1,2,201,0,,,,f,1
9187053,42828,523,42305,Australia,Entire home/apt,1,1,149,3,9,10,10,f,1
18032077,42828,118,42710,Australia,Private room,1,1,90,0,,,,t,1
11536339,42828,418,42410,Australia,Entire home/apt,1,2,201,3,9,9,8,f,1
15806197,42828,1008,41820,Australia,Entire home/apt,1,2,201,10,10,10,10,f,1
9778220,42828,688,42140,Australia,Entire home/apt,2.5,4,400,1,8,10,10,f,1
17046578,42828,2375,40453,Australia,Entire home/apt,2,5,750,0,,,,t,1
17964100,42828,543,42285,Australia,Entire home/apt,2,1,176,0,,,,f,1
13772329,42828,429,42399,Australia,Entire home/apt,1,1,125,0,,,,f,1
14430021,42828,238,42590,Australia,Private room,1,1,66,15,10,10,10,f,1
13338594,42828,1374,41454,Australia,Private room,1,1,64,6,10,10,10,f,1
13250394,42828,597,42231,Australia,Private room,1,1,69,0,,,,f,1
14100100,42828,257,42571,Australia,Entire home/apt,3,4,250,0,,,,f,1
9053846,42828,589,42239,Australia,Entire home/apt,2,4,281,1,6,6,8,f,1
16257848,42828,119,42709,Australia,Entire home/apt,1,1,60,1,6,8,8,t,1
6692044,42828,772,42056,Australia,Private room,1,1,94,1,10,10,10,f,1
15471474,42828,928,41900,Australia,Entire home/apt,3.5,4,750,1,,,,t,1
9884331,42828,1658,41170,Australia,Entire home/apt,1,3,551,0,,,,f,1
15537033,42828,609,42219,Australia,Private room,1,1,50,5,10,10,10,f,1
15873103,42828,901,41927,Australia,Entire home/apt,1,2,250,5,10,10,10,f,1
15345417,42828,455,42373,Australia,Entire home/apt,1.5,3,300,1,10,8,8,f,1
9187262,42828,521,42307,Australia,Entire home/apt,2,2,149,1,10,10,10,f,1
405440,42828,2177,40651,Australia,Private room,1,1,55,2,7,7,7,f,1
15277379,42828,689,42139,Australia,Entire home/apt,2,3,350,5,10,10,9,t,1
16194889,42828,318,42510,Australia,Entire home/apt,1,1,159,4,9,10,9,t,1
5539476,42828,952,41876,Australia,Private room,1,1,68,0,,,,f,1
16243691,42828,995,41833,Australia,Entire home/apt,1,2,250,0,,,,f,1
12366152,42828,357,42471,Australia,Entire home/apt,1.5,3,499,0,,,,f,1
17704880,42828,752,42076,Australia,Private room,1,1,52,0,,,,t,1
4527196,42828,878,41950,Australia,Entire home/apt,1,2,107,2,10,10,10,f,1
13774912,42828,277,42551,Australia,Entire home/apt,3,3,600,0,,,,f,1
857228,42828,1569,41259,Australia,Entire home/apt,2.5,3,499,0,,,,f,1
13046918,42828,323,42505,Australia,Entire home/apt,1,2,121,13,9,9,10,f,1
8226043,42828,577,42251,Australia,Private room,2.5,1,110,4,10,10,10,f,1
15080946,42828,1921,40907,Australia,Entire home/apt,1,2,180,4,9,9,9,f,1
17112566,42828,462,42366,Australia,Entire home/apt,1,0,100,5,9,10,10,f,1
17176912,42828,477,42351,Australia,Private room,1,1,71,1,10,10,10,f,1
8258420,42828,574,42254,Australia,Entire home/apt,1,2,100,3,10,10,10,t,1
1779796,42828,1271,41557,Australia,Entire home/apt,1,3,201,1,8,10,8,f,1
3749016,42828,984,41844,Australia,Private room,1,1,90,6,9,9,10,f,1
16326207,42828,113,42715,Australia,Entire home/apt,1,2,145,1,8,8,10,f,1
9513080,42828,2063,40765,Australia,Entire home/apt,1,3,695,3,10,10,7,t,1
2495704,42828,1142,41686,Australia,Entire home/apt,1,2,201,16,9,9,8,f,1
11383148,42828,407,42421,Australia,Entire home/apt,1,3,300,1,10,10,10,f,1
9187476,42828,918,41910,Australia,Entire home/apt,1,3,250,0,,,,f,1
14887093,42828,1729,41099,Australia,Private room,3,1,60,9,10,10,10,f,1
17178229,42828,495,42333,Australia,Private room,1,1,35,6,10,10,10,f,1
405432,42828,1833,40995,Australia,Entire home/apt,1,0,100,168,10,9,9,t,1
16396665,42828,266,42562,Australia,Private room,1,1,59,2,10,9,10,t,1
16394494,42828,109,42719,Australia,Entire home/apt,1,1,110,2,10,10,10,f,1
15489650,42828,992,41836,Australia,Private room,1,1,38,8,10,10,10,f,1
15411473,42828,337,42491,Australia,Entire home/apt,1.5,4,400,1,10,10,10,f,1
14538990,42828,242,42586,Australia,Entire home/apt,1,2,210,0,,,,t,1
5906118,42828,728,42100,Australia,Private room,1,1,54,19,9,9,10,f,1
17374955,42828,1186,41642,Australia,Private room,1,1,80,1,10,10,10,t,1
11741508,42828,389,42439,Australia,Entire home/apt,1,1,499,0,,,,f,1
13178312,42828,1013,41815,Australia,Entire home/apt,1,2,149,1,,,,f,1
15472103,42828,632,42196,Australia,Entire home/apt,3,3,220,0,,,,t,1
8815528,42828,542,42286,Australia,Entire home/apt,1,2,110,2,8,10,9,f,1
6823714,42828,1028,41800,Australia,Entire home/apt,1,3,160,0,,,,f,1
4532584,42828,1293,41535,Australia,Entire home/apt,2,4,595,4,10,9,9,f,1
731503,42828,1655,41173,Australia,Private room,3,1,66,10,9,9,9,f,1
9513345,42828,868,41960,Australia,Entire home/apt,1,1,100,0,,,,f,1
4071207,42828,1030,41798,Australia,Entire home/apt,1,1,140,39,9,10,9,t,1
8787468,42828,869,41959,Australia,Private room,1.5,1,66,6,10,9,10,f,1
731529,42828,1655,41173,Australia,Private room,1,1,50,9,9,10,10,f,1
11918403,42828,380,42448,Australia,Entire home/apt,1,2,281,6,9,10,9,f,1
8787506,42828,934,41894,Australia,Private room,1.5,1,94,11,10,10,10,f,1
11154142,42828,1543,41285,Australia,Entire home/apt,1,1,125,12,9,10,9,t,1
17176160,42828,1484,41344,Australia,Entire home/apt,1,2,121,1,10,10,10,f,1
11212399,42828,429,42399,Australia,Entire home/apt,1,1,110,2,10,10,10,f,1
4817855,42828,841,41987,Australia,Entire home/apt,1,2,300,0,,,,f,1
14889336,42828,581,42247,Australia,Entire home/apt,1,1,300,0,,,,f,1
15736803,42828,953,41875,Australia,Entire home/apt,1,1,121,0,,,,f,1
16069907,42828,228,42600,Australia,Entire home/apt,1,2,300,6,10,10,10,t,1
6629916,42828,2007,40821,Australia,Entire home/apt,1,2,75,6,9,8,9,f,1
7673539,42828,1008,41820,Australia,Entire home/apt,1,3,190,1,10,8,10,f,1
7877062,42828,597,42231,Australia,Private room,1,1,69,33,9,9,10,t,1
7151649,42828,1332,41496,Australia,Entire home/apt,1,2,220,6,10,9,9,f,1
9515492,42828,1037,41791,Australia,Entire home/apt,1,1,100,4,8,10,10,f,1
16061385,42828,651,42177,Australia,Entire home/apt,3,4,400,2,9,10,10,t,1
15931147,42828,201,42627,Australia,Entire home/apt,2.5,5,600,0,,,,t,1
15763226,42828,908,41920,Australia,Entire home/apt,1,1,94,0,,,,t,1
10365612,42828,455,42373,Australia,Entire home/apt,1,0,149,3,8,8,8,f,1
9775816,42828,807,42021,Australia,Entire home/apt,1,3,400,1,8,10,10,f,1
9843255,42828,591,42237,Australia,Private room,2,1,59,2,8,10,8,t,1
16457955,42828,103,42725,Australia,Entire home/apt,2.5,3,350,0,,,,f,1
9314553,42828,815,42013,Australia,Entire home/apt,1,1,90,19,9,10,9,f,1
17838683,42828,12,42816,Australia,Private room,1,1,50,0,,,,t,1
7568280,42828,616,42212,Australia,Entire home/apt,1,2,180,3,9,10,9,t,1
4270952,42828,921,41907,Australia,Entire home/apt,1,1,201,1,10,8,10,f,1
5775748,42828,740,42088,Australia,Private room,1,1,60,3,9,9,8,f,1
17703307,42828,110,42718,Australia,Entire home/apt,1,0,45,0,,,,f,1
10169255,42828,797,42031,Australia,Entire home/apt,3,4,800,2,10,10,10,f,1
16397665,42828,761,42067,Australia,Entire home/apt,1,1,121,7,10,9,9,f,1
4205536,42828,1651,41177,Australia,Private room,1,1,71,18,9,10,10,f,1
14950830,42828,421,42407,Australia,Entire home/apt,1.5,3,195,16,8,9,9,f,1
12195908,42828,612,42216,Australia,Entire home/apt,1,1,90,1,10,10,10,f,1
16327117,42828,158,42670,Australia,Entire home/apt,1,3,201,0,,,,t,1
16397821,42828,932,41896,Australia,Entire home/apt,1,1,85,0,,,,t,1
17965568,42828,72,42756,Australia,Entire home/apt,6,6,959,0,,,,f,1
11285258,42828,1693,41135,Australia,Private room,1,1,149,0,,,,f,1
13441193,42828,682,42146,Australia,Entire home/apt,2.5,4,425,0,,,,f,1
16888623,42828,138,42690,Australia,Private room,1.5,1,60,0,,,,f,1
15807262,42828,152,42676,Australia,Entire home/apt,1,2,98,3,9,10,8,f,1
1843774,42828,1256,41572,Australia,Entire home/apt,3.5,5,480,0,,,,f,1
7149797,42828,860,41968,Australia,Entire home/apt,1,2,121,2,8,10,10,f,1
15540838,42828,168,42660,Australia,Entire home/apt,2.5,5,499,1,10,10,10,f,1
9050404,42828,529,42299,Australia,Entire home/apt,2.5,3,391,1,10,10,10,f,1
8331998,42828,915,41913,Australia,Entire home/apt,1,3,201,39,10,9,9,f,1
12327258,42828,358,42470,Australia,Entire home/apt,1,1,299,22,10,9,9,f,1
9773853,42828,501,42327,Australia,Entire home/apt,1,2,125,2,9,10,9,f,1
3933244,42828,1009,41819,Australia,Entire home/apt,2,4,225,1,10,10,8,f,1
15238628,42828,1064,41764,Australia,Entire home/apt,1,2,250,0,,,,t,1
2368357,42828,1226,41602,Australia,Entire home/apt,1,2,229,15,10,10,9,f,1
9771481,42828,488,42340,Australia,Entire home/apt,2,3,600,0,,,,f,1
1907162,42828,1241,41587,Australia,Entire home/apt,1,2,250,3,7,9,7,f,1
8795052,42828,1289,41539,Australia,Entire home/apt,1,2,115,0,,,,f,1
11805646,42828,824,42004,Australia,Entire home/apt,3.5,4,727,1,10,10,10,f,1
16456210,42828,1575,41253,Australia,Entire home/apt,1,2,250,0,,,,f,1
4069910,42828,938,41890,Australia,Entire home/apt,1,2,220,9,10,10,10,f,1
8261751,42828,579,42249,Australia,Entire home/apt,2.5,3,260,0,,,,f,1
8786031,42828,543,42285,Australia,Private room,1,1,63,13,10,9,10,f,1
6370204,42828,694,42134,Australia,Private room,1,1,71,61,10,10,10,f,1
16726942,42828,82,42746,Australia,Private room,1,1,60,0,,,,t,1
13699569,42828,641,42187,Australia,Entire home/apt,1,2,121,0,,,,f,1
3963496,42828,1686,41142,Australia,Entire home/apt,2,3,425,2,10,10,10,f,1
14433362,42828,579,42249,Australia,Entire home/apt,2,4,50,0,,,,f,1
9518174,42828,844,41984,Australia,Entire home/apt,1.5,2,201,5,10,10,10,f,1
13515986,42828,485,42343,Australia,Private room,1.5,3,201,11,9,9,8,t,1
16071913,42828,585,42243,Australia,Entire home/apt,1.5,4,450,0,,,,f,1
8863022,42828,1069,41759,Australia,Entire home/apt,1,1,145,6,9,8,9,f,1
7685288,42828,625,42203,Australia,Entire home/apt,1,2,105,13,10,10,10,f,1
10968985,42828,1340,41488,Australia,Entire home/apt,1,2,199,6,9,10,10,f,1
14012818,42828,1253,41575,Australia,Private room,1,1,145,11,10,9,10,f,1
10501556,42828,777,42051,Australia,Entire home/apt,2.5,6,1000,1,10,10,10,f,1
2899408,42828,1427,41401,Australia,Entire home/apt,3,5,599,6,10,9,10,f,1
16439493,42828,605,42223,Australia,Entire home/apt,3,4,201,0,,,,f,1
14239778,42828,1538,41290,Australia,Entire home/apt,1,2,135,14,9,10,10,f,1
343644,42828,1876,40952,Australia,Entire home/apt,1,1,115,75,10,10,10,f,1
5059875,42828,810,42018,Australia,Entire home/apt,1,1,90,61,10,10,10,f,1
9453339,42828,1632,41196,Australia,Entire home/apt,1.5,4,450,0,,,,f,1
15821975,42828,579,42249,Australia,Entire home/apt,1,2,250,2,6,8,4,f,1
9453372,42828,506,42322,Australia,Entire home/apt,2,4,260,3,10,10,10,f,1
8719240,42828,643,42185,Australia,Private room,1,1,180,0,,,,t,1
16467265,42828,1723,41105,Australia,Private room,1,1,85,0,,,,f,1
16531361,42828,230,42598,Australia,Entire home/apt,1,2,145,1,10,10,10,t,1
16859044,42828,2199,40629,Australia,Entire home/apt,1,2,229,0,,,,f,1
5980151,42828,723,42105,Australia,Entire home/apt,2,2,454,5,10,10,10,t,1
16859140,42828,1645,41183,Australia,Private room,1,1,161,0,,,,f,1
15775064,42828,1879,40949,Australia,Entire home/apt,2,1,220,0,,,,f,1
16072839,42828,132,42696,Australia,Entire home/apt,1,1,215,6,10,10,10,f,1
7483525,42828,1784,41044,Australia,Entire home/apt,1.5,4,400,3,9,10,10,f,1
17122890,42828,82,42746,Australia,Private room,1,1,38,0,,,,f,1
13451578,42828,298,42530,Australia,Private room,1,1,69,0,,,,f,1
15941976,42828,509,42319,Australia,Entire home/apt,2,2,350,1,10,10,8,f,1
7330769,42828,675,42153,Australia,Entire home/apt,1,1,125,0,,,,f,1
1521151,42828,1786,41042,Australia,Entire home/apt,1,0,121,13,10,9,10,f,1
13437683,42828,1551,41277,Australia,Private room,1,1,50,5,10,10,10,f,1
3490242,42828,1142,41686,Australia,Entire home/apt,1.5,3,499,0,,,,f,1
11682260,42828,517,42311,Australia,Entire home/apt,1,1,69,1,10,10,10,f,1
9123343,42828,525,42303,Australia,Private room,1,1,60,5,8,10,10,f,1
3159571,42828,1069,41759,Australia,Entire home/apt,1,1,140,12,9,9,10,f,1
16138766,42828,127,42701,Australia,Entire home/apt,1,2,201,0,,,,f,1
9192031,42828,1001,41827,Australia,Entire home/apt,1,0,165,15,10,10,9,f,1
9451265,42828,507,42321,Australia,Entire home/apt,3,4,250,4,9,10,10,f,1
15485311,42828,300,42528,Australia,Private room,1,1,125,9,10,9,10,t,1
9451455,42828,507,42321,Australia,Entire home/apt,1,0,110,39,10,10,10,f,1
5388261,42828,1367,41461,Australia,Entire home/apt,1,1,89,17,10,10,10,f,1
16398330,42828,109,42719,Australia,Entire home/apt,2,2,201,0,,,,f,1
1852406,42828,1253,41575,Australia,Entire home/apt,2,4,600,1,8,10,8,t,1
11286610,42828,1786,41042,Australia,Entire home/apt,1,1,201,0,,,,f,1
13514849,42828,294,42534,Australia,Entire home/apt,1,2,100,2,8,10,10,f,1
11090043,42828,424,42404,Australia,Entire home/apt,3,4,695,0,,,,f,1
11090143,42828,455,42373,Australia,Entire home/apt,1,0,149,3,9,8,8,f,1
3946783,42828,953,41875,Australia,Entire home/apt,2,4,599,0,,,,f,1
145732,42828,2119,40709,Australia,Entire home/apt,1,2,118,7,10,9,9,f,1
17643920,42828,1320,41508,Australia,Entire home/apt,2,4,237,0,,,,f,1
16204853,42828,1530,41298,Australia,Entire home/apt,1,2,90,1,10,10,10,f,1
16136671,42828,2306,40522,Australia,Entire home/apt,1,1,149,12,10,10,10,t,1
9910839,42828,484,42344,Australia,Entire home/apt,1,2,130,0,,,,f,1
2046599,42828,1213,41615,Australia,Entire home/apt,1,1,140,10,10,9,9,f,1
17447567,42828,38,42790,Australia,Private room,1,1,90,0,,,,f,1
12073636,42828,1037,41791,Australia,Private room,1,1,50,1,10,10,10,f,1
11418260,42828,903,41925,Australia,Private room,1,3,90,38,10,10,10,f,1
15929679,42828,1912,40916,Australia,Entire home/apt,2.5,4,600,5,10,10,10,f,1
9871708,42828,482,42346,Australia,Private room,2,1,69,0,,,,t,1
16136952,42828,235,42593,Australia,Entire home/apt,1,3,375,1,10,8,8,f,1
6437651,42828,950,41878,Australia,Entire home/apt,1,1,100,40,10,10,9,f,1
15971468,42828,385,42443,Australia,Entire home/apt,3,3,620,0,,,,f,1
17909770,42828,1964,40864,Australia,Entire home/apt,1,1,140,0,,,,t,1
6719258,42828,1132,41696,Australia,Entire home/apt,1,1,100,16,9,10,10,f,1
12273713,42828,362,42466,Australia,Private room,1,1,66,2,10,10,8,f,1
9549496,42828,1340,41488,Australia,Private room,1,1,79,14,10,10,10,f,1
5982343,42828,728,42100,Australia,Private room,1,1,47,44,9,10,10,f,1
16337059,42828,113,42715,Australia,Entire home/apt,1,2,180,0,,,,t,1
1984710,42828,1226,41602,Australia,Private room,1,1,90,42,9,9,9,t,1
897027,42828,1533,41295,Australia,Entire home/apt,1,2,295,0,,,,f,1
7489794,42828,624,42204,Australia,Entire home/apt,1,1,115,2,10,9,9,f,1
9913995,42828,480,42348,Australia,Private room,1,1,69,2,8,9,10,f,1
8275608,42828,988,41840,Australia,Entire home/apt,2,4,450,1,8,10,8,f,1
12076730,42828,408,42420,Australia,Private room,2,1,110,3,10,10,10,f,1
1132836,42828,1437,41391,Australia,Entire home/apt,1,2,136,12,9,10,9,f,1
9651966,42828,681,42147,Australia,Entire home/apt,2,4,499,0,,,,f,1
15484714,42828,173,42655,Australia,Entire home/apt,2,3,149,2,10,9,10,f,1
11553092,42828,546,42282,Australia,Entire home/apt,2,4,160,0,,,,f,1
16387060,42828,109,42719,Australia,Private room,2,1,69,2,9,10,10,f,1
17189217,42828,584,42244,Australia,Entire home/apt,1,1,250,1,10,8,6,f,1
13453809,42828,531,42297,Australia,Entire home/apt,1,0,66,10,9,9,9,f,1
17451710,42828,435,42393,Australia,Private room,1,1,157,0,,,,t,1
10504694,42828,448,42380,Australia,Entire home/apt,1,2,140,13,10,9,10,t,1
17451561,42828,36,42792,Australia,Private room,1,1,60,0,,,,t,1
15747626,42828,365,42463,Australia,Entire home/apt,1,3,391,0,,,,f,1
7228104,42828,636,42192,Australia,Entire home/apt,1,2,149,0,,,,f,1
16725476,42828,83,42745,Australia,Private room,1,1,75,1,10,10,10,t,1
16337307,42828,584,42244,Australia,Entire home/apt,2,2,650,0,,,,f,1
16796343,42828,78,42750,Australia,Entire home/apt,1,0,85,5,9,10,10,t,1
13978897,42828,265,42563,Australia,Entire home/apt,3,4,1000,18,10,10,10,f,1
10636588,42828,820,42008,Australia,Entire home/apt,1,2,201,18,9,10,9,f,1
10106760,42828,1658,41170,Australia,Entire home/apt,1,0,140,5,10,10,9,t,1
7245022,42828,635,42193,Australia,Entire home/apt,1,1,149,0,,,,t,1
15224121,42828,564,42264,Australia,Private room,1,1,60,0,,,,f,1
11461179,42828,623,42205,Australia,Entire home/apt,1,2,125,1,10,10,10,f,1
4869694,42828,834,41994,Australia,Entire home/apt,3,4,364,1,8,10,10,f,1
1881905,42828,1246,41582,Australia,Entire home/apt,1,2,240,1,10,10,10,f,1
16862024,42828,73,42755,Australia,Private room,1,1,66,7,10,9,10,t,1
17910688,42828,10,42818,Australia,Entire home/apt,1,2,90,0,,,,f,1
5786584,42828,740,42088,Australia,Entire home/apt,1,3,135,0,,,,f,1
9391099,42828,1000,41828,Australia,Private room,1,1,80,19,10,9,10,f,1
10505246,42828,448,42380,Australia,Entire home/apt,1,2,190,5,9,10,8,f,1
17517652,42828,32,42796,Australia,Private room,1,1,50,0,,,,t,1
10505710,42828,448,42380,Australia,Private room,1,1,60,0,,,,f,1
5000313,42828,816,42012,Australia,Private room,1.5,1,45,9,10,10,10,f,1
5000324,42828,816,42012,Australia,Private room,1,1,66,5,9,9,9,f,1
675026,42828,1676,41152,Australia,Entire home/apt,3.5,6,400,1,10,10,10,f,1
8211676,42828,578,42250,Australia,Entire home/apt,3,4,950,0,,,,f,1
12472748,42828,1118,41710,Australia,Private room,1,1,60,16,9,9,9,f,1
8475185,42828,837,41991,Australia,Entire home/apt,1,2,240,2,10,10,8,f,1
17518219,42828,643,42185,Australia,Entire home/apt,1,2,107,0,,,,t,1
7294663,42828,654,42174,Australia,Entire home/apt,2.5,4,250,1,10,10,10,f,1
15287436,42828,186,42642,Australia,Entire home/apt,1,1,100,1,8,10,10,t,1
14504612,42828,486,42342,Australia,Private room,2,1,50,1,10,6,8,f,1
8020784,42828,862,41966,Australia,Entire home/apt,2,2,320,13,9,10,10,f,1
10572628,42828,446,42382,Australia,Private room,1,1,28,0,,,,f,1
16918544,42828,432,42396,Australia,Entire home/apt,1,2,79,0,,,,f,1
11949158,42828,443,42385,Australia,Entire home/apt,2,2,180,7,9,10,9,f,1
15553662,42828,616,42212,Australia,Entire home/apt,3,4,400,0,,,,f,1
13915279,42828,269,42559,Australia,Private room,1,1,85,2,10,9,10,f,1
16471932,42828,102,42726,Australia,Entire home/apt,2,3,128,1,10,10,10,t,1
4281540,42828,909,41919,Australia,Entire home/apt,3.5,5,499,0,,,,f,1
17388759,42828,345,42483,Australia,Private room,2,6,73,0,,,,t,1
15422711,42828,177,42651,Australia,Entire home/apt,1,3,350,2,8,8,8,t,1
13456657,42828,456,42372,Australia,Entire home/apt,2,4,267,1,,,,f,1
12211521,42828,872,41956,Australia,Entire home/apt,1,1,165,0,,,,t,1
17979308,42828,1582,41246,Australia,Entire home/apt,1,1,100,0,,,,f,1
17782095,42828,1254,41574,Australia,Entire home/apt,1,2,169,0,,,,f,1
14505306,42828,486,42342,Australia,Private room,2,1,69,0,,,,f,1
12474287,42828,374,42454,Australia,Entire home/apt,1,2,140,2,,,,t,1
16278418,42828,992,41836,Australia,Private room,1,1,34,1,10,10,10,f,1
16472074,42828,102,42726,Australia,Entire home/apt,1,2,130,0,,,,f,1
7296436,42828,634,42194,Australia,Entire home/apt,1,2,180,4,10,10,10,f,1
6903244,42828,654,42174,Australia,Entire home/apt,1.5,3,350,0,,,,f,1
14505447,42828,486,42342,Australia,Private room,2,1,85,0,,,,f,1
7551229,42828,617,42211,Australia,Entire home/apt,3,4,800,0,,,,f,1
14793036,42828,217,42611,Australia,Private room,1,1,41,3,10,10,10,f,1
10235533,42828,721,42107,Australia,Entire home/apt,1,0,125,23,10,10,10,f,1
5789223,42828,898,41930,Australia,Private room,1,1,149,0,,,,f,1
8775831,42828,934,41894,Australia,Private room,1.5,1,100,9,10,10,10,f,1
6248100,42828,702,42126,Australia,Entire home/apt,1,2,149,13,9,10,9,t,1
8279761,42828,573,42255,Australia,Entire home/apt,2,3,270,2,10,9,10,f,1
15819732,42828,151,42677,Australia,Entire home/apt,2,2,130,1,10,6,10,f,1
13347415,42828,304,42524,Australia,Entire home/apt,1,0,76,10,10,10,10,f,1
15553423,42828,729,42099,Australia,Private room,1,1,80,0,,,,f,1
2316066,42828,1162,41666,Australia,Entire home/apt,2,2,180,9,10,10,10,f,1
16339925,42828,554,42274,Australia,Private room,1,1,66,6,10,10,10,f,1
669866,42828,2032,40796,Australia,Private room,1,1,121,0,,,,f,1
16210587,42828,1300,41528,Australia,Entire home/apt,1,3,299,1,10,10,10,f,1
12802330,42828,337,42491,Australia,Entire home/apt,3,5,190,0,,,,f,1
8018069,42828,588,42240,Australia,Entire home/apt,1.5,1,180,3,10,9,9,f,1
13064588,42828,852,41976,Australia,Entire home/apt,1,1,125,7,10,10,9,t,1
16406989,42828,125,42703,Australia,Entire home/apt,1,2,180,0,,,,t,1
15554973,42828,996,41832,Australia,Entire home/apt,1,1,110,0,,,,f,1
17461069,42829,42829,,Australia,Entire home/apt,1,2,134,0,,,,t,1
14905727,42828,216,42612,Australia,Entire home/apt,1,2,180,8,10,10,10,f,1
12804565,42828,864,41964,Australia,Entire home/apt,1,2,140,0,,,,f,1
11559380,42828,410,42418,Australia,Entire home/apt,2.5,3,225,2,10,10,10,f,1
2777572,42828,1098,41730,Australia,Entire home/apt,1,1,201,3,10,9,10,f,1
14115303,42828,707,42121,Australia,Entire home/apt,1,1,85,15,10,10,9,f,1
4747094,42829,42829,,Australia,Entire home/apt,2,3,400,0,,,,f,1
13130536,42828,438,42390,Australia,Private room,1,1,66,2,10,10,10,f,1
11361110,42828,409,42419,Australia,Private room,1,1,115,0,,,,f,1
8447412,42828,844,41984,Australia,Entire home/apt,2.5,3,450,0,,,,t,1
12347673,42828,925,41903,Australia,Entire home/apt,2,4,499,1,10,10,10,f,1
17656121,42828,69,42759,Australia,Entire home/apt,3,5,499,0,,,,t,1
11890706,42829,383,42446,Australia,Private room,1,1,45,0,,,,f,1
13591144,42828,289,42539,Australia,Entire home/apt,2.5,4,700,0,,,,f,1
12521872,42828,350,42478,Australia,Private room,1,1,55,17,10,10,10,t,1
12935899,42828,490,42338,Australia,Entire home/apt,2,4,579,1,10,6,10,f,1
7037679,42828,1099,41729,Australia,Entire home/apt,1.5,3,180,0,,,,f,1
16085075,42829,870,41959,Australia,Entire home/apt,2,4,300,1,10,8,10,f,1
9200385,42828,526,42302,Australia,Private room,1,1,85,1,10,10,10,f,1
6253066,42828,701,42127,Australia,Entire home/apt,1,1,220,0,,,,f,1
13132596,42828,620,42208,Australia,Entire home/apt,1,0,96,0,,,,f,1
8094792,42828,584,42244,Australia,Private room,1,1,50,2,10,10,10,f,1
16276639,42828,802,42026,Australia,Entire home/apt,1,2,180,6,10,9,10,f,1
15514421,42828,170,42658,Australia,Private room,1,1,66,13,9,10,10,f,1
2320966,42828,1156,41672,Australia,Private room,3,2,55,1,10,4,2,f,1
4745890,42828,1657,41171,Australia,Private room,1,1,60,2,7,7,7,f,1
8153763,42828,597,42231,Australia,Entire home/apt,1.5,3,590,4,10,10,10,f,1
13887266,42828,784,42044,Australia,Entire home/apt,1,3,100,1,10,10,10,f,1
3304168,42828,1152,41676,Australia,Entire home/apt,1,3,250,1,8,8,6,f,1
15757595,42830,157,42673,Australia,Private room,1,1,75,9,10,9,10,f,1
10182027,42828,891,41937,Australia,Private room,1,1,100,0,,,,f,1
15738092,42828,730,42098,Australia,Entire home/apt,1,1,66,3,7,10,10,f,1
11626545,42829,652,42177,Australia,Entire home/apt,1,1,96,12,,,,f,1
13852080,42828,2037,40791,Australia,Entire home/apt,1,2,400,9,10,10,10,f,1
879473,42828,1545,41283,Australia,Entire home/apt,2,3,201,6,8,10,8,f,1
16147717,42828,654,42174,Australia,Entire home/apt,1,1,201,1,10,10,10,f,1
9200952,42828,1141,41687,Australia,Private room,1,1,55,0,,,,f,1
14774784,42829,993,41836,Australia,Entire home/apt,1,1,180,7,9,10,9,f,1
16148567,42829,128,42701,Australia,Entire home/apt,3,5,400,0,,,,f,1
11560285,42828,441,42387,Australia,Private room,1,1,180,0,,,,f,1
13396960,42828,301,42527,Australia,Private room,2.5,1,75,0,,,,f,1
7957473,42828,714,42114,Australia,Entire home/apt,2,3,195,0,,,,f,1
16020947,42829,42829,,Australia,Private room,1,1,69,9,10,10,10,f,1
1571412,42829,42829,,Australia,Private room,1,1,121,0,,,,f,1
12479466,42828,427,42401,Australia,Entire home/apt,2,4,284,3,10,10,10,f,1
17853477,42828,1687,41141,Australia,Entire home/apt,3,4,395,0,,,,f,1
15164903,42828,543,42285,Australia,Entire home/apt,1,1,92,0,,,,f,1
15591258,42828,165,42663,Australia,Entire home/apt,3,4,750,0,,,,t,1
9594734,42829,686,42143,Australia,Entire home/apt,1,2,270,0,,,,t,1
16847661,42829,42829,,Australia,Private room,1,1,50,0,,,,t,1
17850227,42828,664,42164,Australia,Entire home/apt,1,1,149,0,,,,f,1
12414197,42829,533,42296,Australia,Entire home/apt,1,2,176,10,9,10,9,f,1
6813890,42828,660,42168,Australia,Entire home/apt,2,3,290,8,10,10,10,f,1
16901448,42828,70,42758,Australia,Private room,1,1,69,0,,,,t,1
5007025,42828,816,42012,Australia,Entire home/apt,2.5,2,182,2,10,10,10,f,1
6516085,42829,951,41878,Australia,Entire home/apt,2.5,4,455,0,,,,f,1
8152787,42828,581,42247,Australia,Entire home/apt,1,2,100,0,,,,f,1
3106523,42828,1077,41751,Australia,Entire home/apt,1,1,220,32,9,10,9,f,1
15363488,42829,181,42648,Australia,Private room,1,1,115,0,,,,f,1
12476415,42828,351,42477,Australia,Entire home/apt,1.5,1,499,1,10,10,10,f,1
10575888,42828,803,42025,Australia,Entire home/apt,3,3,419,2,10,10,10,f,1
8744381,42829,1741,41088,Australia,Private room,1,1,60,6,9,10,9,f,1
7369711,42830,1126,41704,Australia,Entire home/apt,3,5,1200,0,,,,t,1
13402199,42829,421,42408,Australia,Entire home/apt,2.5,0,499,0,,,,t,1
17657407,42829,152,42677,Australia,Private room,1,0,90,0,,,,t,1
6842199,42828,745,42083,Australia,Entire home/apt,1,4,201,0,,,,f,1
2785557,42829,1099,41730,Australia,Private room,1,1,121,0,,,,f,1
12938892,42829,487,42342,Australia,Entire home/apt,1,2,121,0,,,,f,1
11103899,42829,1795,41034,Australia,Private room,1,1,50,2,10,9,9,f,1
15427520,42828,1046,41782,Australia,Private room,1,1,69,6,10,10,10,f,1
17910753,42829,625,42204,Australia,Private room,1,1,60,0,,,,f,1
11364333,42828,425,42403,Australia,Entire home/apt,1.5,2,130,0,,,,f,1
9736834,42829,923,41906,Australia,Entire home/apt,1,1,198,2,10,10,10,f,1
16020699,42829,741,42088,Australia,Private room,1,1,60,6,9,9,10,f,1
418136,42828,1824,41004,Australia,Entire home/apt,1,1,110,20,9,9,9,f,1
10315797,42828,1349,41479,Australia,Entire home/apt,1,1,115,6,10,10,10,f,1
12094606,42829,1122,41707,Australia,Entire home/apt,1,2,215,10,9,10,9,f,1
3044911,42830,1067,41763,Australia,Entire home/apt,2,3,551,1,10,10,8,f,1
6602433,42829,688,42141,Australia,Entire home/apt,1,1,90,0,,,,f,1
16569480,42829,585,42244,Australia,Entire home/apt,2,3,800,0,,,,f,1
16241411,42829,1016,41813,Australia,Entire home/apt,1,1,176,0,,,,f,1
9599227,42829,498,42331,Australia,Entire home/apt,1,3,149,0,,,,f,1
10002333,42829,477,42352,Australia,Entire home/apt,1.5,3,499,0,,,,t,1
9140599,42829,1311,41518,Australia,Entire home/apt,2,2,110,2,9,10,9,f,1
4815588,42829,843,41986,Australia,Entire home/apt,2.5,4,600,0,,,,f,1
9282190,42829,517,42312,Australia,Entire home/apt,4,4,650,0,,,,f,1
7764450,42829,783,42046,Australia,Private room,1,1,41,0,,,,f,1
13692734,42830,945,41885,Australia,Private room,1,1,75,14,10,10,10,f,1
8688343,42830,551,42279,Australia,Entire home/apt,2,3,501,5,10,10,10,f,1
14423981,42829,728,42101,Australia,Entire home/apt,1,2,110,4,10,10,9,f,1
18010908,42829,1821,41008,Australia,Entire home/apt,2,3,349,0,,,,t,1
4379465,42829,897,41932,Australia,Shared room,1,1,200,2,10,10,8,f,1
8377192,42829,675,42154,Australia,Entire home/apt,2,2,250,1,8,10,10,f,1
8377217,42829,1405,41424,Australia,Entire home/apt,1,1,50,4,9,10,10,f,1
644054,42829,2147,40682,Australia,Entire home/apt,1,2,148,1,6,6,6,f,1
13267919,42830,562,42268,Australia,Entire home/apt,1,1,130,10,10,10,10,f,1
10081489,42829,472,42357,Australia,Private room,1,1,35,0,,,,f,1
12637404,42829,465,42364,Australia,Private room,2.5,1,120,1,10,10,10,f,1
15803259,42829,153,42676,Australia,Entire home/apt,2.5,5,399,2,9,10,10,f,1
15792391,42830,287,42543,Australia,Entire home/apt,2,4,349,1,10,10,10,f,1
15635603,42829,1989,40840,Australia,Entire home/apt,1,2,110,9,10,10,10,f,1
11261492,42829,665,42164,Australia,Private room,2,1,64,1,,,,t,1
16652473,42829,1082,41747,Australia,Entire home/apt,1,2,80,0,,,,f,1
1898780,42830,1245,41585,Australia,Entire home/apt,2.5,5,695,0,,,,f,1
17463589,42830,181,42649,Australia,Entire home/apt,2.5,4,250,0,,,,t,1
1693472,42829,1293,41536,Australia,Entire home/apt,3.5,5,749,1,,,,f,1
5298025,42829,786,42043,Australia,Entire home/apt,3.5,5,600,2,8,10,10,f,1
13883281,42829,648,42181,Australia,Entire home/apt,1,2,230,2,10,10,10,f,1
9033696,42829,530,42299,Australia,Entire home/apt,3,4,451,5,10,10,9,f,1
15047548,42829,1388,41441,Australia,Entire home/apt,3,6,980,4,10,10,10,f,1
12114078,42829,371,42458,Australia,Entire home/apt,1,1,130,25,10,10,10,f,1
16088188,42829,251,42578,Australia,Entire home/apt,1,2,220,1,6,10,10,f,1
15456496,42829,698,42131,Australia,Entire home/apt,3,5,900,0,,,,f,1
16678093,42829,182,42647,Australia,Private room,1,1,69,1,10,10,8,f,1
16429118,42829,176,42653,Australia,Entire home/apt,1,1,100,11,10,10,10,f,1
13804603,42829,277,42552,Australia,Entire home/apt,1,1,145,3,8,9,9,t,1
4824250,42829,842,41987,Australia,Entire home/apt,2,3,499,1,8,10,10,t,1
17029678,42829,81,42748,Australia,Private room,1,1,60,6,10,10,10,t,1
14408231,42829,239,42590,Australia,Entire home/apt,2.5,3,300,2,10,10,10,f,1
5364283,42829,1157,41672,Australia,Private room,1,1,91,0,,,,f,1
5364289,42829,1362,41467,Australia,Entire home/apt,2,2,150,4,10,10,9,f,1
5136203,42829,1153,41676,Australia,Entire home/apt,1,2,175,29,9,9,10,f,1
15325952,42829,901,41928,Australia,Entire home/apt,1,1,148,7,10,10,10,f,1
6347511,42829,1592,41237,Australia,Entire home/apt,1,2,150,3,9,10,9,f,1
13753147,42829,1226,41603,Australia,Private room,1,1,55,0,,,,f,1
1277630,42829,1394,41435,Australia,Entire home/apt,2,3,450,1,10,10,10,f,1
8636284,42829,552,42277,Australia,Entire home/apt,1,1,140,11,10,9,9,f,1
13818866,42829,1123,41706,Australia,Entire home/apt,1,2,135,1,,,,f,1
16875267,42829,1418,41411,Australia,Entire home/apt,1,1,56,1,10,10,8,f,1
5838127,42829,736,42093,Australia,Entire home/apt,1,2,75,0,,,,f,1
17685568,42829,378,42451,Australia,Private room,1.5,1,78,1,10,8,8,f,1
5299255,42829,987,41842,Australia,Entire home/apt,1.5,4,200,2,10,10,9,f,1
9260893,42829,518,42311,Australia,Entire home/apt,4.5,5,1000,0,,,,f,1
12115038,42829,417,42412,Australia,Entire home/apt,3,6,650,1,10,10,10,f,1
13399613,42829,42829,,Australia,Entire home/apt,2,1,100,3,10,10,9,t,1
7763232,42830,607,42223,Australia,Entire home/apt,2,3,380,1,10,10,10,f,1
15499144,42829,1125,41704,Australia,Private room,0.5,1,58,1,,,,f,1
12615629,42829,346,42483,Australia,Private room,1,1,60,1,10,10,10,f,1
13271020,42829,318,42511,Australia,Entire home/apt,1,1,50,3,10,9,9,f,1
6020522,42829,1656,41173,Australia,Private room,1,1,55,0,,,,f,1
4709805,42829,1304,41525,Australia,Entire home/apt,1,1,150,2,10,10,10,f,1
6020536,42829,1656,41173,Australia,Private room,1.5,1,55,3,7,7,9,f,1
1409169,42829,1354,41475,Australia,Entire home/apt,2.5,4,1250,1,10,10,10,f,1
16313490,42829,116,42713,Australia,Entire home/apt,1,2,201,1,6,10,6,f,1
15892677,42829,622,42207,Australia,Entire home/apt,2.5,4,780,1,10,10,8,f,1
9278847,42829,517,42312,Australia,Entire home/apt,1,2,80,1,10,10,8,f,1
17334563,42829,718,42111,Australia,Entire home/apt,1,0,121,5,10,9,10,f,1
16679229,42829,1225,41604,Australia,Entire home/apt,2,2,138,0,,,,f,1
4028023,42829,944,41885,Australia,Entire home/apt,1,3,229,3,10,9,9,f,1
15326943,42829,465,42364,Australia,Entire home/apt,3,6,690,0,,,,t,1
16277154,42829,1631,41198,Australia,Entire home/apt,1,2,180,6,10,9,9,f,1
9945151,42829,520,42309,Australia,Entire home/apt,1,1,149,42,10,10,10,t,1
2875146,42829,937,41892,Australia,Entire home/apt,2,4,399,1,10,10,10,t,1
3334987,42829,1023,41806,Australia,Entire home/apt,1,1,100,0,,,,f,1
16182448,42829,1433,41396,Australia,Entire home/apt,2,2,250,1,10,10,10,t,1
13468236,42829,297,42532,Australia,Entire home/apt,2,2,300,0,,,,t,1
10089912,42830,581,42249,Australia,Entire home/apt,2,4,529,1,10,10,10,f,1
14237799,42829,1551,41278,Australia,Private room,1,1,35,0,,,,f,1
11211717,42829,430,42399,Australia,Private room,1,1,110,3,10,10,10,f,1
14320268,42829,419,42410,Australia,Private room,1,1,77,0,,,,t,1
9944097,42830,481,42349,Australia,Entire home/apt,1,0,135,54,10,9,9,f,1
8372265,42829,708,42121,Australia,Private room,1,1,80,0,,,,f,1
9926333,42829,963,41866,Australia,Entire home/apt,1,1,149,0,,,,f,1
17867770,42829,11,42818,Australia,Entire home/apt,1,2,131,0,,,,t,1
16220978,42829,123,42706,Australia,Entire home/apt,1,0,97,5,10,10,10,f,1
10191698,42829,465,42364,Australia,Entire home/apt,1,1,72,0,,,,f,1
15169249,42830,372,42458,Australia,Entire home/apt,1,2,180,0,,,,f,1
9138234,42830,526,42304,Australia,Private room,1.5,1,55,1,,,,f,1
3835155,42829,984,41845,Australia,Entire home/apt,1,1,135,5,9,9,9,f,1
8973194,42829,1178,41651,Australia,Entire home/apt,1,2,145,1,,,,f,1
16709211,42830,86,42744,Australia,Entire home/apt,3,5,300,1,8,10,10,f,1
14058997,42829,353,42476,Australia,Private room,1,1,79,0,,,,f,1
2786954,42829,1087,41742,Australia,Entire home/apt,1,0,115,5,10,9,10,t,1
1738423,42829,42829,,Australia,Entire home/apt,,5,625,0,,,,f,1
4673265,42829,863,41966,Australia,Entire home/apt,1,0,159,24,,,,f,1
15663753,42829,1149,41680,Australia,Private room,1,1,91,1,10,10,10,f,1
5014532,42829,816,42013,Australia,Entire home/apt,2,3,279,6,10,10,9,f,1
9013324,42829,532,42297,Australia,Entire home/apt,1,2,349,0,,,,f,1
17795310,42829,1340,41489,Australia,Private room,1,1,60,0,,,,f,1
5212549,42829,795,42034,Australia,Private room,1,1,55,25,10,10,10,f,1
11700485,42829,881,41948,Australia,Entire home/apt,1,1,125,0,,,,f,1
2919019,42829,1073,41756,Australia,Entire home/apt,1,2,175,1,10,10,10,f,1
8489331,42829,611,42218,Australia,Entire home/apt,2.5,4,451,1,10,10,10,f,1
9144506,42829,1643,41186,Australia,Entire home/apt,3,5,250,0,,,,f,1
17926333,42829,144,42685,Australia,Entire home/apt,2,1,145,0,,,,f,1
6065129,42829,717,42112,Australia,Entire home/apt,3,4,330,2,10,10,10,f,1
9734971,42829,491,42338,Australia,Entire home/apt,1,1,219,1,10,10,10,f,1
2001713,42829,1234,41595,Australia,Entire home/apt,1,1,99,31,9,9,9,f,1
4132021,42829,972,41857,Australia,Entire home/apt,2,3,160,0,,,,f,1
12684140,42829,566,42263,Australia,Private room,1.5,1,91,0,,,,f,1
4688527,42829,914,41915,Australia,Entire home/apt,3,5,600,1,10,10,10,f,1
8556190,42829,558,42271,Australia,Private room,1,1,85,0,,,,f,1
11309381,42829,412,42417,Australia,Private room,1,1,70,0,,,,f,1
15044269,42829,991,41838,Australia,Entire home/apt,1,2,150,6,10,10,10,f,1
2264753,42829,1167,41662,Australia,Entire home/apt,2.5,4,250,3,7,10,10,f,1
954042,42829,1503,41326,Australia,Entire home/apt,1,1,150,6,10,10,9,f,1
6065885,42829,828,42001,Australia,Entire home/apt,1,1,100,8,9,9,10,f,1
14389812,42829,736,42093,Australia,Entire home/apt,1,2,91,0,,,,t,1
16420611,42829,765,42064,Australia,Entire home/apt,1,2,150,0,,,,f,1
3051949,42829,1072,41757,Australia,Entire home/apt,1,1,110,2,9,10,10,f,1
9867080,42829,1013,41816,Australia,Entire home/apt,1,3,200,1,8,8,10,f,1
8229666,42829,577,42252,Australia,Private room,1,1,185,1,10,10,10,f,1
5084055,42829,1715,41114,Australia,Entire home/apt,1.5,3,349,1,10,10,10,f,1
2944479,42829,1067,41762,Australia,Entire home/apt,1,1,75,3,10,8,9,f,1
14522735,42829,802,42027,Australia,Entire home/apt,1,1,135,0,,,,f,1
3971908,42829,1720,41109,Australia,Entire home/apt,2,3,240,1,4,10,6,f,1
4626407,42829,866,41963,Australia,Entire home/apt,3,3,399,2,10,10,10,t,1
9410309,42829,510,42319,Australia,Entire home/apt,1,2,150,26,10,10,10,f,1
4626114,42829,902,41927,Australia,Private room,1.5,1,102,15,10,10,10,t,1
7247648,42829,1087,41742,Australia,Entire home/apt,1,1,169,3,9,9,9,t,1
15833227,42829,443,42386,Australia,Entire home/apt,1.5,2,150,0,,,,f,1
16292236,42829,2275,40554,Australia,Entire home/apt,1,1,139,2,9,9,10,f,1
15833462,42829,253,42576,Australia,Entire home/apt,1,1,125,1,10,10,10,f,1
15245776,42829,1015,41814,Australia,Entire home/apt,3.5,4,700,1,10,10,10,t,1
9411553,42829,592,42237,Australia,Entire home/apt,3,4,1000,1,10,10,6,f,1
13802474,42829,768,42061,Australia,Entire home/apt,1,1,100,23,10,10,9,f,1
15834095,42829,151,42678,Australia,Private room,1,1,80,5,10,10,10,f,1
11246998,42829,415,42414,Australia,Entire home/apt,1,2,131,5,10,9,10,f,1
15637930,42829,402,42427,Australia,Entire home/apt,1,2,109,0,,,,f,1
3776110,42829,1034,41795,Australia,Entire home/apt,3,4,424,2,6,8,7,f,1
9739890,42829,492,42337,Australia,Entire home/apt,2,6,451,0,,,,f,1
4759195,42829,854,41975,Australia,Private room,1,1,120,3,10,10,10,f,1
11640552,42829,863,41966,Australia,Entire home/apt,2,4,399,1,8,8,8,f,1
16621369,42829,1106,41723,Australia,Entire home/apt,1,0,120,0,,,,t,1
3186570,42829,1040,41789,Australia,Entire home/apt,2.5,4,159,5,9,10,10,f,1
6800727,42829,970,41859,Australia,Private room,1,1,70,0,,,,f,1
7053360,42829,747,42082,Australia,Entire home/apt,2.5,4,975,1,10,8,10,f,1
9740389,42829,490,42339,Australia,Entire home/apt,2,2,321,1,10,10,10,f,1
5087394,42829,808,42021,Australia,Entire home/apt,1,2,120,90,10,9,10,f,1
8397068,42829,681,42148,Australia,Entire home/apt,2,2,110,3,10,10,10,t,1
1350110,42829,1367,41462,Australia,Entire home/apt,2.5,5,321,3,9,9,9,f,1
4832906,42829,1780,41049,Australia,Entire home/apt,1,2,180,2,10,10,10,f,1
915054,42829,1525,41304,Australia,Entire home/apt,3,5,750,13,8,9,8,f,1
8833601,42829,549,42280,Australia,Entire home/apt,1,2,110,1,6,8,8,f,1
15135979,42829,823,42006,Australia,Entire home/apt,1.5,1,160,0,,,,f,1
7762928,42830,607,42223,Australia,Entire home/apt,1,1,100,17,9,10,9,f,1
8104944,42829,585,42244,Australia,Entire home/apt,2,4,1500,2,10,10,10,f,1
11381672,42829,1292,41537,Australia,Entire home/apt,1,2,150,1,10,10,8,f,1
9415578,42829,510,42319,Australia,Entire home/apt,1,1,120,0,,,,t,1
15315036,42829,567,42262,Australia,Entire home/apt,1,2,100,0,,,,f,1
17608791,42829,908,41921,Australia,Entire home/apt,1,1,85,1,10,10,10,f,1
14790714,42829,1002,41827,Australia,Entire home/apt,1,3,300,0,,,,t,1
15858590,42830,150,42680,Australia,Entire home/apt,1,1,100,15,10,10,10,t,1
2292211,42830,1164,41666,Australia,Entire home/apt,1,2,100,26,10,9,9,f,1
3210925,42830,1505,41325,Australia,Entire home/apt,2,3,300,0,,,,f,1
2686405,42830,1101,41729,Australia,Entire home/apt,1,3,200,21,10,10,10,f,1
6749543,42830,667,42163,Australia,Entire home/apt,1,2,75,1,10,10,10,f,1
9435996,42830,1075,41755,Australia,Entire home/apt,2.5,3,390,0,,,,f,1
8582274,42830,714,42116,Australia,Entire home/apt,3,5,551,0,,,,f,1
17560708,42830,1219,41611,Australia,Entire home/apt,1,4,225,0,,,,f,1
17626004,42830,666,42164,Australia,Private room,1,1,110,0,,,,f,1
3667468,42830,989,41841,Australia,Entire home/apt,3,5,501,5,8,10,9,f,1
14906042,42830,212,42618,Australia,Entire home/apt,1,3,300,0,,,,t,1
16740975,42830,92,42738,Australia,Private room,1,1,55,0,,,,t,1
8614331,42830,562,42268,Australia,Entire home/apt,1,2,325,1,10,10,6,t,1
10907966,42830,829,42001,Australia,Entire home/apt,1,1,95,2,9,10,9,f,1
13365520,42830,304,42526,Australia,Entire home/apt,1,1,125,14,9,9,9,f,1
9826532,42830,487,42343,Australia,Entire home/apt,2,4,280,1,8,10,8,f,1
8121390,42830,584,42246,Australia,Entire home/apt,1,1,110,35,10,10,10,f,1
12872595,42830,336,42494,Australia,Entire home/apt,1.5,3,296,0,,,,f,1
7858800,42830,839,41991,Australia,Entire home/apt,1,2,189,9,7,9,8,f,1
14674418,42830,258,42572,Australia,Private room,1,1,91,2,10,10,10,f,1
6416774,42830,692,42138,Australia,Private room,1,1,64,0,,,,f,1
9758791,42830,491,42339,Australia,Private room,1,1,160,3,9,9,9,t,1
3647154,42830,990,41840,Australia,Entire home/apt,2,4,451,1,10,10,8,f,1
9354236,42830,514,42316,Australia,Entire home/apt,2,4,335,2,9,10,9,f,1
1699773,42830,1295,41535,Australia,Entire home/apt,2.5,4,501,0,,,,f,1
846649,42830,1571,41259,Australia,Entire home/apt,1,1,175,13,9,10,10,f,1
6417078,42830,691,42139,Australia,Entire home/apt,1,0,110,22,10,10,10,t,1
5761658,42830,1632,41198,Australia,Entire home/apt,2,3,349,0,,,,f,1
9094901,42829,753,42076,Australia,Entire home/apt,3,4,551,1,10,10,10,f,1
1713713,42829,1288,41541,Australia,Entire home/apt,1,1,125,12,10,10,9,f,1
8121962,42830,1476,41354,Australia,Entire home/apt,2.5,3,526,0,,,,f,1
9956961,42830,757,42073,Australia,Entire home/apt,2,2,321,6,9,10,10,f,1
11397266,42830,2048,40782,Australia,Entire home/apt,2,4,445,13,10,10,10,f,1
17163153,42829,55,42774,Australia,Entire home/apt,1,2,120,6,10,10,10,f,1
975760,42829,1491,41338,Australia,Entire home/apt,1.5,3,177,3,10,10,10,f,1
14411353,42830,912,41918,Australia,Entire home/apt,2.5,4,600,0,,,,f,1
16441597,42829,607,42222,Australia,Private room,1,1,75,5,10,10,10,t,1
4645926,42829,863,41966,Australia,Entire home/apt,1,2,89,2,10,10,10,f,1
11854868,42829,384,42445,Australia,Entire home/apt,1,1,100,0,,,,f,1
6479714,42829,773,42056,Australia,Entire home/apt,1.5,2,225,18,10,10,10,f,1
9494340,42829,716,42113,Australia,Entire home/apt,1,1,100,33,10,9,10,f,1
15524450,42829,297,42532,Australia,Private room,1,1,38,5,8,9,9,f,1
2023923,42829,1218,41611,Australia,Entire home/apt,2,4,501,3,10,8,9,f,1
15486876,42829,731,42098,Australia,Entire home/apt,2,4,121,1,8,8,10,t,1
16833933,42829,490,42339,Australia,Entire home/apt,1.5,2,141,0,,,,f,1
16276746,42829,245,42584,Australia,Entire home/apt,1,2,399,1,10,10,10,t,1
8117489,42829,706,42123,Australia,Entire home/apt,2,2,200,3,9,9,9,f,1
11325465,42829,412,42417,Australia,Private room,1,1,56,0,,,,t,1
16112805,42829,131,42698,Australia,Entire home/apt,2,3,300,0,,,,f,1
15627919,42829,881,41948,Australia,Entire home/apt,1.5,2,250,2,9,10,8,f,1
16897609,42829,1650,41179,Australia,Entire home/apt,1,0,99,2,10,8,8,f,1
4182737,42829,924,41905,Australia,Private room,1.5,1,250,1,10,10,10,f,1
1168005,42829,1421,41408,Australia,Entire home/apt,1,2,145,18,10,9,9,f,1
11194988,42829,418,42411,Australia,Private room,1,1,80,7,9,9,9,f,1
16634344,42829,495,42334,Australia,Private room,1,0,60,0,,,,f,1
12373403,42829,357,42472,Australia,Entire home/apt,2,4,280,1,10,10,10,f,1
11976937,42829,1212,41617,Australia,Private room,1,1,70,0,,,,f,1
2936878,42829,1068,41761,Australia,Private room,1,1,75,6,10,9,10,f,1
15990103,42829,526,42303,Australia,Entire home/apt,1,2,145,1,10,6,10,t,1
17346510,42829,44,42785,Australia,Entire home/apt,1,2,109,0,,,,t,1
839249,42829,1575,41254,Australia,Entire home/apt,1,1,97,43,8,10,8,f,1
11259387,42829,415,42414,Australia,Entire home/apt,4,4,2000,0,,,,f,1
9686497,42829,493,42336,Australia,Entire home/apt,1,1,108,3,7,10,9,f,1
15650241,42829,403,42426,Australia,Entire home/apt,1,2,150,2,10,10,10,f,1
18009401,42829,992,41837,Australia,Entire home/apt,1,2,275,0,,,,f,1
16371495,42829,111,42718,Australia,Private room,2,3,35,0,,,,f,1
4378375,42829,898,41931,Australia,Entire home/apt,3,5,800,33,10,10,10,f,1
17157088,42829,56,42773,Australia,Private room,1,2,99,4,10,10,10,t,1
12012487,42829,1322,41507,Australia,Entire home/apt,3,5,850,9,9,10,10,f,1
1985401,42829,1226,41603,Australia,Entire home/apt,2,3,551,0,,,,f,1
1624855,42829,1308,41521,Australia,Entire home/apt,2.5,4,700,0,,,,f,1
12436609,42829,680,42149,Australia,Entire home/apt,1,2,200,0,,,,f,1
18009125,42829,308,42521,Australia,Private room,1,1,200,0,,,,f,1
7717845,42829,608,42221,Australia,Entire home/apt,1.5,2,179,19,9,9,9,t,1
13943685,42829,676,42153,Australia,Entire home/apt,1.5,4,399,1,10,10,10,f,1
4432018,42829,891,41938,Australia,Entire home/apt,2,2,200,8,9,10,9,t,1
3523410,42829,1002,41827,Australia,Entire home/apt,2,4,650,0,,,,f,1
1950395,42829,1234,41595,Australia,Entire home/apt,2.5,3,590,3,10,10,9,f,1
13550249,42829,294,42535,Australia,Entire home/apt,4,5,700,0,,,,t,1
4702880,42829,863,41966,Australia,Entire home/apt,1.5,3,250,7,9,10,9,f,1
12503622,42829,602,42227,Australia,Entire home/apt,1,2,250,0,,,,f,1
10734662,42829,1175,41654,Australia,Entire home/apt,2,2,327,7,8,9,9,f,1
15976732,42829,247,42582,Australia,Private room,1,1,72,0,,,,f,1
9816262,42829,486,42343,Australia,Entire home/apt,2,3,250,3,10,9,10,f,1
10930167,42829,552,42277,Australia,Entire home/apt,3,5,1100,5,9,9,9,f,1
706542,42829,1656,41173,Australia,Private room,1,1,64,3,8,9,9,f,1
10734222,42829,439,42390,Australia,Entire home/apt,3,3,150,2,10,10,10,t,1
5752658,42829,743,42086,Australia,Entire home/apt,1,2,150,0,,,,f,1
9553717,42829,917,41912,Australia,Entire home/apt,2,3,490,3,10,9,9,f,1
12568355,42829,833,41996,Australia,Entire home/apt,1,2,188,0,,,,f,1
4388475,42829,897,41932,Australia,Entire home/apt,2,3,750,20,8,10,9,f,1
14206674,42829,251,42578,Australia,Entire home/apt,2,3,219,1,10,10,10,f,1
9094672,42829,923,41906,Australia,Private room,1,1,80,0,,,,f,1
15975768,42829,416,42413,Australia,Private room,1,1,212,0,,,,t,1
8241789,42829,576,42253,Australia,Entire home/apt,3.5,4,490,3,9,10,9,f,1
16040474,42829,136,42693,Australia,Entire home/apt,3,4,800,0,,,,t,1
9159131,42829,1130,41699,Australia,Private room,1,1,60,1,10,10,10,f,1
5030333,42829,1103,41726,Australia,Entire home/apt,2,2,451,6,9,10,10,f,1
16302459,42829,390,42439,Australia,Entire home/apt,2.5,4,460,0,,,,t,1
6080093,42829,748,42081,Australia,Entire home/apt,2,5,269,0,,,,f,1
17801229,42829,500,42329,Australia,Entire home/apt,1,2,116,0,,,,t,1
9945128,42829,1122,41707,Australia,Private room,1,1,81,17,10,9,9,f,1
14204964,42829,289,42540,Australia,Entire home/apt,2,3,551,1,10,10,8,f,1
14204965,42829,1659,41170,Australia,Entire home/apt,2.5,4,501,0,,,,f,1
15974390,42829,141,42688,Australia,Entire home/apt,1,1,91,1,8,10,10,t,1
16433080,42829,1336,41493,Australia,Private room,1.5,1,50,5,10,10,10,f,1
5554025,42829,761,42068,Australia,Entire home/apt,1,2,75,0,,,,f,1
4112971,42829,933,41896,Australia,Private room,2,1,91,1,10,10,10,f,1
3260217,42829,1191,41638,Australia,Private room,1,1,91,18,10,10,10,f,1
17612418,42829,436,42393,Australia,Entire home/apt,1.5,3,200,0,,,,f,1
11779581,42829,871,41958,Australia,Entire home/apt,2,2,221,6,10,10,10,f,1
17612225,42829,407,42422,Australia,Private room,1,1,91,0,,,,t,1
4832658,42829,841,41988,Australia,Entire home/apt,2,4,465,0,,,,f,1
15383773,42829,485,42344,Australia,Entire home/apt,3,4,233,0,,,,f,1
9223352,42829,519,42310,Australia,Entire home/apt,3,5,501,1,,,,f,1
10140820,42829,488,42341,Australia,Private room,1,1,64,25,10,10,10,t,1
9466069,42829,792,42037,Australia,Private room,1,1,100,0,,,,f,1
13417521,42829,1659,41170,Australia,Entire home/apt,4,4,600,4,9,10,9,f,1
16104492,42829,407,42422,Australia,Private room,1,1,110,0,,,,t,1
13352718,42829,663,42166,Australia,Private room,1,1,150,0,,,,f,1
4767451,42829,849,41980,Australia,Entire home/apt,1,1,139,17,10,10,10,f,1
13352618,42829,390,42439,Australia,Private room,1,1,55,1,,,,f,1
9550810,42829,516,42313,Australia,Entire home/apt,1.5,4,700,0,,,,f,1
13155001,42829,317,42512,Australia,Entire home/apt,1,1,88,22,10,10,10,f,1
11558686,42829,772,42057,Australia,Entire home/apt,1,3,349,0,,,,f,1
15645316,42829,1584,41245,Australia,Entire home/apt,1,1,92,4,10,10,10,f,1
8960600,42829,878,41951,Australia,Entire home/apt,1,1,120,0,,,,f,1
16431705,42829,978,41851,Australia,Entire home/apt,1,1,250,0,,,,t,1
9353789,42829,990,41839,Australia,Entire home/apt,1,2,200,6,9,9,8,f,1
15908150,42829,145,42684,Australia,Private room,2,1,60,0,,,,t,1
5425713,42829,1236,41593,Australia,Entire home/apt,1,0,100,46,10,10,10,f,1
178577,42829,2200,40629,Australia,Entire home/apt,1,2,250,5,9,10,9,t,1
7846195,42829,600,42229,Australia,Entire home/apt,1.5,3,250,3,9,9,8,f,1
834482,42829,1577,41252,Australia,Private room,1,1,141,0,,,,t,1
9354122,42829,691,42138,Australia,Private room,1,1,60,49,10,10,10,f,1
13482906,42829,1612,41217,Australia,Entire home/apt,1,2,139,2,10,9,10,f,1
6157443,42829,1039,41790,Australia,Entire home/apt,1,1,75,44,10,10,10,f,1
12499739,42829,351,42478,Australia,Entire home/apt,2,3,180,3,9,10,9,f,1
9943794,42829,1122,41707,Australia,Shared room,1,1,51,15,10,10,10,f,1
17283827,42829,48,42781,Australia,Entire home/apt,1,2,120,0,,,,t,1
4060065,42829,1145,41684,Australia,Entire home/apt,3,4,395,0,,,,f,1
10138932,42829,871,41958,Australia,Entire home/apt,1,1,120,15,9,9,9,f,1
8041764,42829,1616,41213,Australia,Entire home/apt,1,1,95,1,10,10,10,f,1
16380801,42829,523,42306,Australia,Entire home/apt,2,2,142,5,10,9,10,t,1
4471166,42829,886,41943,Australia,Entire home/apt,2.5,4,415,1,10,10,10,f,1
5355887,42829,1803,41026,Australia,Private room,1,1,70,15,9,9,9,f,1
6528541,42829,724,42105,Australia,Entire home/apt,3,5,850,2,10,10,10,f,1
1684567,42829,1762,41067,Australia,Entire home/apt,1,2,177,65,9,10,9,f,1
16233546,42829,297,42532,Australia,Entire home/apt,1,2,168,13,8,10,9,f,1
7844888,42829,702,42127,Australia,Entire home/apt,3,4,321,19,9,10,9,f,1
15365077,42829,487,42342,Australia,Entire home/apt,3,3,495,1,10,10,10,t,1
9189067,42829,522,42307,Australia,Entire home/apt,2,4,150,3,9,9,9,f,1
3978880,42829,951,41878,Australia,Entire home/apt,1.5,3,275,0,,,,f,1
14595680,42829,315,42514,Australia,Entire home/apt,3.5,4,1800,2,10,10,10,f,1
8958393,42829,1167,41662,Australia,Entire home/apt,3,4,700,1,10,10,10,f,1
6926770,42829,653,42176,Australia,Entire home/apt,1,2,189,0,,,,f,1
13414837,42829,601,42228,Australia,Entire home/apt,1,2,95,0,,,,f,1
2077065,42829,1207,41622,Australia,Entire home/apt,1,2,250,17,9,9,9,f,1
13480240,42829,303,42526,Australia,Private room,1,1,100,0,,,,t,1
9416973,42829,1848,40981,Australia,Entire home/apt,1,2,191,9,10,10,9,f,1
2083140,42829,2219,40610,Australia,Private room,1,1,75,5,10,9,9,f,1
7518102,42829,621,42208,Australia,Entire home/apt,2.5,5,551,6,10,10,10,f,1
5289168,42829,1052,41777,Australia,Entire home/apt,1,2,99,6,8,9,9,f,1
2202984,42829,1178,41651,Australia,Entire home/apt,2,4,189,7,10,10,9,f,1
8040217,42829,588,42241,Australia,Entire home/apt,3,4,300,2,10,9,10,f,1
16232066,42829,121,42708,Australia,Entire home/apt,1.5,2,198,0,,,,t,1
9612918,42829,1685,41144,Australia,Entire home/apt,1,1,169,7,10,9,10,f,1
16232037,42829,121,42708,Australia,Entire home/apt,2,4,600,1,10,10,10,f,1
9095297,42829,1308,41521,Australia,Entire home/apt,1.5,2,225,1,8,10,10,f,1
8762113,42829,1475,41354,Australia,Entire home/apt,3,3,526,0,,,,f,1
466383,42829,1793,41036,Australia,Entire home/apt,2.5,4,945,2,10,10,10,f,1
16549600,42829,741,42088,Australia,Entire home/apt,3,5,265,0,,,,t,1
10138158,42829,1245,41584,Australia,Entire home/apt,4,5,275,1,10,10,10,f,1
17658628,42829,1348,41481,Australia,Private room,1,1,70,0,,,,t,1
10531346,42829,859,41970,Australia,Entire home/apt,1,1,150,0,,,,f,1
15441321,42829,176,42653,Australia,Entire home/apt,2,3,349,0,,,,t,1
15845297,42829,150,42679,Australia,Entire home/apt,2,4,501,0,,,,f,1
9350258,42829,1682,41147,Australia,Entire home/apt,2.5,4,650,2,,,,t,1
9219104,42829,1617,41212,Australia,Entire home/apt,1,1,100,92,9,10,10,t,1
17410463,42829,1858,40971,Australia,Entire home/apt,2,2,160,3,10,10,10,f,1
17739155,42829,19,42810,Australia,Private room,1,1,50,3,9,9,9,f,1
16100712,42829,132,42697,Australia,Entire home/apt,1,2,240,2,10,10,10,f,1
9579735,42829,499,42330,Australia,Entire home/apt,2,4,371,2,10,9,10,f,1
11644091,42829,695,42134,Australia,Entire home/apt,2.5,3,219,9,10,10,10,f,1
15903092,42829,201,42628,Australia,Entire home/apt,1,3,367,3,9,10,9,t,1
9742450,42829,989,41840,Australia,Entire home/apt,2,6,451,0,,,,f,1
15312979,42829,990,41839,Australia,Private room,1,1,75,0,,,,f,1
17409988,42829,281,42548,Australia,Private room,1,1,50,7,9,10,10,t,1
17737649,42829,1172,41657,Australia,Private room,1,1,100,1,10,10,10,t,1
6401546,42829,716,42113,Australia,Entire home/apt,3,5,800,0,,,,f,1
16428536,42829,742,42087,Australia,Entire home/apt,1,1,64,3,10,10,10,t,1
16886522,42829,76,42753,Australia,Entire home/apt,2,4,300,0,,,,f,1
14698278,42829,402,42427,Australia,Entire home/apt,1,1,120,11,10,9,9,f,1
10660570,42829,481,42348,Australia,Entire home/apt,1,2,198,44,9,10,9,f,1
11643573,42829,569,42260,Australia,Entire home/apt,1,4,250,2,9,10,10,f,1
11642515,42829,1274,41555,Australia,Entire home/apt,1,1,219,5,10,10,9,f,1
2467441,42829,1133,41696,Australia,Private room,1,1,75,11,10,9,10,f,1
5154408,42829,964,41865,Australia,Entire home/apt,1,1,191,0,,,,f,1
17966690,42829,5,42824,Australia,Entire home/apt,1,2,125,0,,,,t,1
1877554,42829,1468,41361,Australia,Entire home/apt,1.5,3,219,3,9,10,9,f,1
8070658,42829,774,42055,Australia,Entire home/apt,2,3,399,0,,,,f,1
16557442,42829,283,42546,Australia,Entire home/apt,1,1,120,0,,,,f,1
12493940,42829,1128,41701,Australia,Entire home/apt,2,2,110,5,9,9,9,f,1
16884848,42829,1410,41419,Australia,Private room,1,1,35,1,10,10,10,t,1
16491634,42829,102,42727,Australia,Entire home/apt,1,1,150,2,10,10,10,f,1
16426052,42829,737,42092,Australia,Entire home/apt,1,1,155,2,10,10,10,f,1
5022710,42829,815,42014,Australia,Entire home/apt,2,3,349,1,10,8,10,f,1
1615666,42829,1309,41520,Australia,Private room,1,1,150,0,,,,f,1
9216769,42829,1087,41742,Australia,Entire home/apt,1,1,135,5,9,10,9,f,1
15246071,42829,856,41973,Australia,Entire home/apt,2,4,390,0,,,,f,1
4695353,42829,858,41971,Australia,Entire home/apt,1.5,2,180,11,10,10,10,f,1
9413928,42829,1462,41367,Australia,Entire home/apt,1,1,160,0,,,,f,1
9577746,42829,500,42329,Australia,Entire home/apt,2,2,141,1,10,10,10,f,1
16228821,42829,799,42030,Australia,Private room,1,1,70,0,,,,f,1
4759935,42829,1226,41603,Australia,Entire home/apt,2,2,116,0,,,,f,1
17080673,42829,754,42075,Australia,Entire home/apt,1.5,3,160,0,,,,f,1
14524646,42829,1169,41660,Australia,Entire home/apt,2.5,3,490,1,10,10,10,f,1
17407423,42829,684,42145,Australia,Entire home/apt,1,1,85,3,9,10,10,f,1
3284363,42829,1052,41777,Australia,Entire home/apt,3,4,631,3,9,8,9,f,1
16948490,42829,202,42627,Australia,Private room,1,1,37,2,10,10,10,f,1
16916624,42829,71,42758,Australia,Entire home/apt,1,1,100,5,10,10,10,t,1
11346006,42829,1027,41802,Australia,Private room,1,1,58,15,10,10,10,f,1
15441994,42829,462,42367,Australia,Entire home/apt,3,4,399,1,10,10,10,f,1
10690508,42829,465,42364,Australia,Entire home/apt,2.5,4,451,4,10,9,9,f,1
3415972,42829,1014,41815,Australia,Entire home/apt,3,3,551,0,,,,f,1
11640721,42829,430,42399,Australia,Private room,1,1,110,0,,,,f,1
15572517,42829,206,42623,Australia,Entire home/apt,2,3,296,0,,,,t,1
817512,42829,1586,41243,Australia,Private room,1,1,95,29,9,8,8,t,1
11704942,42829,665,42164,Australia,Private room,2,1,60,8,9,10,10,f,1
5631956,42829,945,41884,Australia,Entire home/apt,1,2,260,1,10,8,8,f,1
8035255,42829,589,42240,Australia,Entire home/apt,3.5,4,1249,2,10,10,9,f,1
8831946,42829,784,42045,Australia,Entire home/apt,3,4,390,0,,,,f,1
15832761,42829,1009,41820,Australia,Private room,1,1,117,0,,,,f,1
16193819,42829,534,42295,Australia,Entire home/apt,1,2,116,1,10,10,8,f,1
9083375,42829,1191,41638,Australia,Private room,2,2,60,0,,,,f,1
3209473,42829,1084,41745,Australia,Entire home/apt,1,1,200,8,8,9,8,f,1
13736307,42829,675,42154,Australia,Entire home/apt,2,2,99,2,10,10,10,t,1
9738548,42829,491,42338,Australia,Entire home/apt,1,3,145,0,,,,f,1
16816429,42829,569,42260,Australia,Entire home/apt,3,4,579,0,,,,f,1
13736532,42829,280,42549,Australia,Private room,1,1,56,0,,,,f,1
4721543,42829,1323,41506,Australia,Private room,1,1,95,28,10,10,10,f,1
16947002,42829,958,41871,Australia,Private room,1,1,66,3,8,10,10,f,1
13157225,42829,1332,41497,Australia,Private room,1,1,64,8,10,10,10,f,1
9081314,42829,707,42122,Australia,Entire home/apt,2,3,218,14,8,10,9,f,1
16420639,42829,107,42722,Australia,Private room,1,1,60,5,9,9,8,f,1
5280496,42829,788,42041,Australia,Entire home/apt,1,1,105,4,10,10,10,t,1
12553927,42829,2019,40810,Australia,Entire home/apt,1,1,100,2,10,10,10,f,1
4099301,42829,949,41880,Australia,Entire home/apt,1.5,4,290,3,5,9,8,f,1
15633582,42829,921,41908,Australia,Entire home/apt,1.5,3,280,1,10,10,10,f,1
9014427,42829,1260,41569,Australia,Private room,2,1,95,0,,,,t,1
10195208,42829,769,42060,Australia,Entire home/apt,2,3,240,1,10,8,10,f,1
1282271,42829,1386,41443,Australia,Private room,1,1,85,4,10,10,9,f,1
16355478,42829,159,42670,Australia,Entire home/apt,1,1,125,1,10,10,10,f,1
4558971,42829,875,41954,Australia,Private room,2,1,300,0,,,,t,1
9164562,42829,1373,41456,Australia,Entire home/apt,1,2,185,6,9,10,9,f,1
5933541,42829,728,42101,Australia,Private room,1,1,250,16,8,9,9,f,1
14860875,42829,1087,41742,Australia,Private room,1,1,91,2,9,9,8,f,1
9996324,42829,1223,41606,Australia,Entire home/apt,3.5,3,950,1,8,10,10,t,1
9537333,42829,741,42088,Australia,Entire home/apt,3,4,600,0,,,,f,1
14715757,42829,508,42321,Australia,Entire home/apt,2.5,4,700,2,7,9,9,f,1
7310086,42829,924,41905,Australia,Entire home/apt,1,1,150,14,10,10,9,f,1
8555177,42829,558,42271,Australia,Entire home/apt,3,4,451,2,10,10,10,f,1
2212134,42829,1179,41650,Australia,Entire home/apt,2,5,600,3,10,9,9,f,1
14321371,42829,1035,41794,Australia,Entire home/apt,2,3,501,0,,,,f,1
1937060,42829,1237,41592,Australia,Entire home/apt,3.5,4,600,0,,,,f,1
13535507,42829,319,42510,Australia,Entire home/apt,3.5,4,501,0,,,,f,1
16222439,42829,987,41842,Australia,Entire home/apt,1,2,118,1,10,6,8,f,1
16353450,42829,538,42291,Australia,Entire home/apt,1,1,191,1,10,10,10,t,1
16090495,42829,595,42234,Australia,Entire home/apt,1,2,200,1,10,10,10,t,1
15500461,42829,705,42124,Australia,Entire home/apt,2,2,300,1,10,10,10,f,1
9536608,42829,2376,40453,Australia,Entire home/apt,1,2,180,4,10,10,10,f,1
16876270,42829,73,42756,Australia,Private room,1,1,80,1,10,10,8,t,1
15434691,42829,210,42619,Australia,Entire home/apt,1,1,164,6,10,10,9,f,1
4817269,42829,842,41987,Australia,Entire home/apt,1.5,2,149,0,,,,f,1
13467649,42829,1525,41304,Australia,Entire home/apt,3,6,548,0,,,,f,1
9927563,42829,580,42249,Australia,Entire home/apt,1,2,149,16,9,10,9,f,1
16349989,42829,292,42537,Australia,Entire home/apt,1,1,121,0,,,,t,1
16181707,42829,125,42704,Australia,Entire home/apt,2,4,440,10,9,9,8,f,1
6716065,42829,724,42105,Australia,Private room,1,1,135,18,10,10,10,f,1
7699113,42829,823,42006,Australia,Private room,1,1,69,10,9,10,10,f,1
14187148,42829,306,42523,Australia,Private room,1,1,250,0,,,,f,1
16349799,42829,113,42716,Australia,Entire home/apt,1,1,100,2,10,9,10,t,1
9927784,42829,578,42251,Australia,Entire home/apt,1,2,229,2,9,9,9,f,1
17660941,42829,576,42253,Australia,Entire home/apt,1,1,149,0,,,,f,1
9796108,42829,488,42341,Australia,Entire home/apt,1,2,149,30,9,10,10,f,1
10057382,42829,523,42306,Australia,Entire home/apt,1,2,110,1,10,10,10,f,1
1734286,42829,1282,41547,Australia,Entire home/apt,2,4,551,4,8,9,9,f,1
4617852,42829,1770,41059,Australia,Entire home/apt,2,5,281,1,10,10,10,f,1
17367924,42829,312,42517,Australia,Entire home/apt,1,2,400,5,10,10,10,f,1
17099026,42829,62,42767,Australia,Entire home/apt,2.5,5,300,1,10,8,8,f,1
15824261,42829,42829,,Australia,Entire home/apt,1,0,90,23,10,10,10,t,1
2586076,42829,42829,,Australia,Entire home/apt,2.5,3,201,2,10,10,10,f,1
3303427,42829,1034,41795,Australia,Entire home/apt,3,5,750,0,,,,f,1
10120587,42829,470,42359,Australia,Entire home/apt,2,1,66,1,,,,f,1
5729368,42829,746,42083,Australia,Entire home/apt,1,2,90,3,7,9,9,f,1
1337302,42828,1370,41458,Australia,Private room,1,1,69,29,10,9,9,f,1
5203848,42828,937,41891,Australia,Entire home/apt,3,4,600,1,8,10,10,f,1
8742671,42828,546,42282,Australia,Entire home/apt,3,4,250,0,,,,t,1
2057815,42828,1210,41618,Australia,Entire home/apt,2,2,398,18,10,10,10,f,1
16410117,42828,241,42587,Australia,Entire home/apt,2,3,300,0,,,,f,1
4753828,42828,861,41967,Australia,Entire home/apt,1,2,250,41,9,10,9,f,1
1915793,42828,1576,41252,Australia,Entire home/apt,1,2,130,1,8,8,8,f,1
13853795,42828,1135,41693,Australia,Entire home/apt,2,3,149,0,,,,f,1
17392632,42828,1143,41685,Australia,Entire home/apt,2.5,4,700,0,,,,f,1
16606785,42828,620,42208,Australia,Entire home/apt,1,3,145,0,,,,t,1
15820341,42828,240,42588,Australia,Private room,1,1,48,4,10,10,9,t,1
6972363,42828,1209,41619,Australia,Entire home/apt,2,2,300,4,10,10,10,f,1
1991467,42828,1323,41505,Australia,Entire home/apt,1,1,201,5,10,10,9,f,1
13945470,42828,805,42023,Australia,Entire home/apt,1,1,149,0,,,,f,1
17816458,42828,223,42605,Australia,Entire home/apt,1,1,92,0,,,,t,1
16802002,42828,144,42684,Australia,Entire home/apt,1,1,140,3,10,10,10,f,1
9973071,42828,477,42351,Australia,Entire home/apt,1,2,295,3,9,10,10,f,1
16408656,42828,534,42294,Australia,Entire home/apt,2,4,300,0,,,,f,1
13591275,42828,289,42539,Australia,Entire home/apt,1.5,2,90,3,8,9,8,f,1
16104051,42828,1173,41655,Australia,Entire home/apt,2.5,3,185,0,,,,f,1
17259991,42828,689,42139,Australia,Entire home/apt,1,3,149,0,,,,f,1
14507427,42828,233,42595,Australia,Entire home/apt,1,1,121,21,10,10,9,f,1
17259905,42828,202,42626,Australia,Entire home/apt,1,1,100,0,,,,f,1
11427135,42828,444,42384,Australia,Private room,1,1,60,19,10,10,10,f,1
9920346,42828,1232,41596,Australia,Entire home/apt,1,4,239,2,10,10,10,f,1
17719115,42828,20,42808,Australia,Entire home/apt,1,1,149,0,,,,t,1
12213395,42828,1651,41177,Australia,Private room,1,1,69,3,10,10,10,f,1
17128573,42828,840,41988,Australia,Entire home/apt,1,1,83,0,,,,f,1
6481056,42828,684,42144,Australia,Private room,1,2,100,54,10,10,10,f,1
14637985,42828,227,42601,Australia,Entire home/apt,1.5,2,69,4,10,10,10,f,1
11950701,42828,543,42285,Australia,Private room,2,1,50,5,10,10,10,f,1
17979933,42828,1339,41489,Australia,Private room,1,2,56,0,,,,t,1
3234325,42828,1034,41794,Australia,Private room,1,1,149,0,,,,f,1
10505961,42828,1044,41784,Australia,Entire home/apt,1,1,125,25,9,10,9,t,1
15552241,42828,168,42660,Australia,Entire home/apt,1,2,201,0,,,,f,1
4345436,42828,901,41927,Australia,Private room,1.5,1,102,26,10,10,10,t,1
3094533,42828,1050,41778,Australia,Entire home/apt,1,2,180,0,,,,f,1
8212723,42828,901,41927,Australia,Entire home/apt,1.5,2,330,9,10,10,10,f,1
12010998,42828,400,42428,Australia,Private room,2,1,37,0,,,,f,1
13450969,42828,298,42530,Australia,Entire home/apt,2,3,128,0,,,,t,1
7684132,42828,822,42006,Australia,Entire home/apt,3,5,250,0,,,,f,1
11679113,42828,529,42299,Australia,Entire home/apt,1,2,104,32,10,9,10,t,1
16135802,42828,128,42700,Australia,Entire home/apt,1,1,119,3,8,8,9,f,1
16396926,42828,1168,41660,Australia,Entire home/apt,1,2,142,1,,,,f,1
10040424,42828,474,42354,Australia,Entire home/apt,2,3,350,2,5,9,7,t,1
12595119,42828,1354,41474,Australia,Private room,1,1,68,22,10,9,10,f,1
12332096,42828,439,42389,Australia,Private room,1,1,250,0,,,,t,1
17771579,42828,35,42793,Australia,Private room,1,1,50,1,10,8,10,f,1
6837375,42828,791,42037,Australia,Entire home/apt,1,2,225,2,10,10,8,f,1
9078491,42828,532,42296,Australia,Private room,1,1,60,1,8,8,10,f,1
3418138,42828,1013,41815,Australia,Private room,1,1,55,28,10,9,10,f,1
17703493,42828,20,42808,Australia,Entire home/apt,1,1,85,0,,,,f,1
9864550,42828,489,42339,Australia,Entire home/apt,2.5,3,250,0,,,,f,1
13115420,42828,1307,41521,Australia,Entire home/apt,3,4,700,1,10,10,10,f,1
16523266,42828,97,42731,Australia,Entire home/apt,4,5,281,1,10,10,10,f,1
8528835,42828,560,42268,Australia,Private room,1,1,60,0,,,,f,1
16916402,42828,70,42758,Australia,Private room,1,1,47,11,10,9,10,f,1
5513321,42828,1093,41735,Australia,Entire home/apt,2.5,2,250,0,,,,f,1
16260412,42828,119,42709,Australia,Private room,1,1,60,0,,,,t,1
17178346,42828,1180,41648,Australia,Entire home/apt,2,4,700,0,,,,f,1
11378567,42828,409,42419,Australia,Entire home/apt,2,4,111,1,10,8,10,f,1
15539918,42828,168,42660,Australia,Entire home/apt,1,2,135,0,,,,t,1
4464219,42828,886,41942,Australia,Private room,1,1,80,11,10,9,9,f,1
4397593,42828,998,41830,Australia,Entire home/apt,1,1,176,20,9,10,9,f,1
5511614,42828,764,42064,Australia,Entire home/apt,1,1,201,5,10,9,9,f,1
11737240,42828,792,42036,Australia,Entire home/apt,1,1,90,0,,,,f,1
17962822,42828,978,41850,Australia,Private room,1,1,38,0,,,,t,1
8460687,42828,563,42265,Australia,Private room,1,1,90,5,10,10,10,f,1
3479862,42828,1022,41806,Australia,Entire home/apt,3,4,700,7,9,10,9,f,1
4544780,42828,984,41844,Australia,Entire home/apt,2,4,400,1,10,10,10,f,1
4068916,42828,1050,41778,Australia,Private room,1,1,100,1,10,10,10,f,1
15470237,42828,175,42653,Australia,Entire home/apt,4,4,1315,0,,,,f,1
17239506,42828,146,42682,Australia,Entire home/apt,2,2,75,0,,,,f,1
7974131,42828,591,42237,Australia,Entire home/apt,2,4,370,0,,,,f,1
17830433,42828,1026,41802,Australia,Entire home/apt,1,1,100,0,,,,f,1
8196539,42828,1086,41742,Australia,Private room,1,1,160,0,,,,f,1
15733135,42828,225,42603,Australia,Entire home/apt,2,4,599,1,,,,t,1
8720703,42828,1115,41713,Australia,Entire home/apt,1,1,110,32,10,10,10,t,1
13675914,42828,350,42478,Australia,Private room,1,1,55,21,9,10,9,t,1
16257335,42828,468,42360,Australia,Private room,2,1,52,6,9,9,9,f,1
15666981,42828,1568,41260,Australia,Private room,1,1,50,4,10,10,10,f,1
17175640,42828,364,42464,Australia,Private room,1,2,80,2,10,9,10,f,1
5837702,42828,777,42051,Australia,Entire home/apt,1,2,100,0,,,,f,1
17896041,42828,780,42048,Australia,Entire home/apt,1,2,149,0,,,,f,1
8525278,42828,558,42270,Australia,Entire home/apt,3,3,400,3,10,10,10,f,1
8721669,42828,844,41984,Australia,Entire home/apt,1,2,275,1,,8,,f,1
14747054,42828,221,42607,Australia,Entire home/apt,1,1,90,11,10,10,10,t,1
17368485,42828,1419,41409,Australia,Private room,1,1,60,1,10,10,10,t,1
9373107,42828,511,42317,Australia,Entire home/apt,1,2,121,0,,,,t,1
6292884,42828,708,42120,Australia,Private room,1,1,42,3,10,9,9,f,1
4457758,42828,887,41941,Australia,Entire home/apt,2,3,300,0,,,,t,1
4916502,42828,986,41842,Australia,Entire home/apt,1.5,3,225,1,8,8,6,f,1
13501445,42828,951,41877,Australia,Entire home/apt,1.5,3,168,0,,,,t,1
14222248,42828,1112,41716,Australia,Entire home/apt,1,2,201,40,10,10,10,f,1
8782702,42828,544,42284,Australia,Private room,1,1,75,31,10,10,10,f,1
9634655,42828,1276,41552,Australia,Entire home/apt,1,2,164,19,9,9,9,f,1
13501268,42828,387,42441,Australia,Private room,1,1,69,27,10,9,9,t,1
12190940,42828,1981,40847,Australia,Entire home/apt,2.5,2,201,0,,,,f,1
9841404,42828,2060,40768,Australia,Entire home/apt,1.5,2,105,0,,,,f,1
7406052,42828,1589,41239,Australia,Entire home/apt,1,1,110,1,10,10,10,f,1
16712408,42828,1658,41170,Australia,Entire home/apt,1,2,201,1,10,10,8,f,1
1770187,42828,1321,41507,Australia,Entire home/apt,2,4,499,0,,,,f,1
15859926,42828,148,42680,Australia,Entire home/apt,1,1,153,6,9,10,10,t,1
65640,42828,2357,40471,Australia,Entire home/apt,1,2,105,15,10,9,10,f,1
9961560,42828,477,42351,Australia,Entire home/apt,1,2,245,19,10,9,9,f,1
15663169,42828,1433,41395,Australia,Entire home/apt,2.5,3,130,4,10,10,10,t,1
13100369,42829,1232,41597,Australia,Private room,1,1,100,1,10,10,10,t,1
16828851,42829,814,42015,Australia,Private room,1.5,1,70,2,10,6,7,f,1
851904,42830,1746,41084,Australia,Private room,1,1,105,10,10,10,10,f,1
11306818,42829,496,42333,Australia,Private room,1,1,59,3,10,10,10,f,1
14524713,42829,421,42408,Australia,Entire home/apt,3,4,501,1,10,10,10,f,1
16772192,42830,953,41877,Australia,Entire home/apt,1,2,130,2,10,9,9,f,1
16161995,42829,1059,41770,Australia,Entire home/apt,3.5,5,1500,0,,,,f,1
6330906,42829,696,42133,Australia,Entire home/apt,1,1,99,61,10,9,10,f,1
2937696,42829,1072,41757,Australia,Entire home/apt,1,1,148,22,10,10,10,f,1
10286339,42830,1162,41668,Australia,Entire home/apt,1,2,127,15,10,9,10,f,1
4897408,42829,830,41999,Australia,Entire home/apt,4.5,4,750,4,10,10,10,f,1
4694698,42829,1418,41411,Australia,Entire home/apt,1,1,135,92,10,10,10,f,1
13624722,42830,289,42541,Australia,Entire home/apt,1,2,80,1,10,8,8,f,1
10844452,42830,435,42395,Australia,Private room,1,1,50,0,,,,f,1
11658182,42829,394,42435,Australia,Entire home/apt,3,4,399,6,10,10,10,t,1
13065511,42829,323,42506,Australia,Entire home/apt,1.5,1,141,16,10,10,10,f,1
16317732,42830,413,42417,Australia,Entire home/apt,1,1,106,0,,,,f,1
6348164,42830,696,42134,Australia,Entire home/apt,1,0,194,11,10,10,9,f,1
8908364,42830,755,42075,Australia,Entire home/apt,1,2,50,1,8,10,10,f,1
10501351,42829,1696,41133,Australia,Entire home/apt,3,4,2199,0,,,,f,1
10281765,42829,460,42369,Australia,Entire home/apt,1,1,198,2,9,6,8,f,1
6415337,42829,797,42032,Australia,Private room,1,1,150,2,9,10,9,f,1
13088401,42829,1216,41613,Australia,Private room,1,1,91,5,9,10,10,f,1
7861334,42830,858,41972,Australia,Private room,1,1,60,4,10,10,10,f,1
66671,42828,2299,40529,Australia,Private room,2,1,66,64,10,9,9,t,1
17304004,42828,46,42782,Australia,Private room,1,1,79,0,,,,f,1
16442227,42829,639,42190,Australia,Private room,1,1,60,0,,,,f,1
15848851,42828,1246,41582,Australia,Entire home/apt,1,1,100,0,,,,f,1
65635,42828,2299,40529,Australia,Private room,1.5,1,66,92,10,9,10,t,1
15663480,42828,576,42252,Australia,Private room,1.5,1,69,12,10,10,10,f,1
16975413,42828,117,42711,Australia,Entire home/apt,1,1,110,11,10,10,10,f,1
16189425,42828,796,42032,Australia,Entire home/apt,0,0,29,1,10,10,10,f,1
9300902,42828,515,42313,Australia,Private room,1,1,69,3,10,9,10,f,1
4721408,42828,1231,41597,Australia,Private room,1,1,121,17,10,9,10,t,1
8784740,42828,1744,41084,Australia,Entire home/apt,2.5,3,311,0,,,,f,1
15207338,42828,640,42188,Australia,Entire home/apt,1.5,2,250,1,10,10,10,f,1
10989965,42828,427,42401,Australia,Entire home/apt,1,1,100,6,9,10,10,f,1
15348646,42828,181,42647,Australia,Private room,1,1,50,16,9,10,10,t,1
16133658,42828,555,42273,Australia,Entire home/apt,1.5,2,190,2,10,10,10,f,1
2172113,42828,1215,41613,Australia,Entire home/apt,2,4,750,7,10,10,10,f,1
11021942,42828,459,42369,Australia,Entire home/apt,1,1,189,4,10,9,9,f,1
11932226,42828,379,42449,Australia,Entire home/apt,1,2,128,9,9,9,9,f,1
6036546,42828,718,42110,Australia,Entire home/apt,1,1,450,12,10,10,9,f,1
6563371,42828,677,42151,Australia,Entire home/apt,1.5,3,172,1,8,10,8,t,1
11022114,42828,459,42369,Australia,Entire home/apt,1,1,189,2,10,7,9,f,1
11022247,42828,459,42369,Australia,Entire home/apt,1,1,189,1,10,10,8,f,1
9241819,42828,1155,41673,Australia,Private room,1,1,85,8,9,9,10,f,1
9264468,42828,1363,41465,Australia,Entire home/apt,3,5,894,2,10,9,9,f,1
13381137,42828,301,42527,Australia,Private room,1,1,60,0,,,,t,1
13676892,42828,764,42064,Australia,Entire home/apt,3,4,495,1,10,10,10,f,1
11022520,42828,459,42369,Australia,Entire home/apt,1,1,199,2,10,8,10,f,1
11678917,42828,1155,41673,Australia,Entire home/apt,2,3,663,0,,,,f,1
14952846,42828,987,41841,Australia,Entire home/apt,3,5,700,0,,,,f,1
6927072,42828,652,42176,Australia,Private room,1,1,58,32,10,9,10,t,1
11022677,42828,459,42369,Australia,Entire home/apt,1.5,2,245,6,10,9,9,f,1
2695073,42828,1709,41119,Australia,Private room,1,1,63,23,10,10,10,f,1
17965017,42828,275,42553,Australia,Private room,1,1,52,0,,,,t,1
4532771,42828,1007,41821,Australia,Entire home/apt,1,2,599,0,,,,f,1
15210373,42828,268,42560,Australia,Entire home/apt,2.5,2,262,1,10,10,10,f,1
12813301,42828,352,42476,Australia,Private room,1,1,75,4,10,10,10,f,1
13642641,42828,286,42542,Australia,Private room,1,1,69,21,9,9,9,f,1
15944026,42828,141,42687,Australia,Entire home/apt,1,1,85,0,,,,t,1
4797824,42828,1027,41801,Australia,Private room,1,1,80,1,8,8,10,f,1
4371445,42828,898,41930,Australia,Private room,1,1,85,7,9,9,9,f,1
11021397,42828,459,42369,Australia,Entire home/apt,1,1,159,5,9,9,10,f,1
16986883,42828,733,42095,Australia,Private room,1,1,80,1,10,8,10,f,1
6960525,42828,697,42131,Australia,Shared room,1.5,1,41,0,,,,f,1
9865353,42828,486,42342,Australia,Entire home/apt,3,5,549,0,,,,f,1
11023771,42828,459,42369,Australia,Entire home/apt,1.5,2,275,2,10,10,10,f,1
10232781,42828,792,42036,Australia,Entire home/apt,3,5,600,9,9,10,10,f,1
9649202,42828,496,42332,Australia,Private room,1.5,1,45,2,9,10,9,f,1
2571412,42828,1134,41694,Australia,Entire home/apt,1,1,149,24,10,10,9,f,1
2243800,42828,2246,40582,Australia,Private room,1,1,48,31,10,10,10,f,1
6438152,42828,687,42141,Australia,Entire home/apt,1,3,121,0,,,,f,1
16794814,42828,1385,41443,Australia,Private room,1,1,64,5,10,9,9,f,1
5193344,42828,796,42032,Australia,Private room,1,1,50,33,8,10,9,t,1
5324469,42828,1001,41827,Australia,Entire home/apt,2,2,190,1,10,10,8,f,1
17448778,42828,823,42005,Australia,Entire home/apt,2.5,4,375,0,,,,f,1
11023880,42828,459,42369,Australia,Entire home/apt,2,3,395,3,10,9,10,f,1
11023998,42828,459,42369,Australia,Entire home/apt,1.5,3,375,3,10,10,10,f,1
8489788,42828,1232,41596,Australia,Private room,1.5,1,79,56,10,9,10,f,1
16293257,42828,298,42530,Australia,Entire home/apt,3.5,3,13000,0,,,,t,1
17451222,42828,36,42792,Australia,Private room,1,1,66,1,10,10,10,t,1
15550699,42828,796,42032,Australia,Entire home/apt,0,0,29,1,8,,,f,1
4344052,42828,901,41927,Australia,Entire home/apt,2,3,499,0,,,,f,1
8341763,42828,570,42258,Australia,Entire home/apt,1,2,90,2,10,10,8,f,1
12009580,42828,879,41949,Australia,Entire home/apt,1,1,105,0,,,,f,1
2908693,42828,1071,41757,Australia,Entire home/apt,1,1,149,33,10,10,10,f,1
14307115,42828,244,42584,Australia,Private room,1,1,54,40,10,10,10,f,1
10834186,42828,436,42392,Australia,Entire home/apt,4.5,5,1966,0,,,,f,1
5355620,42828,834,41994,Australia,Private room,1,1,100,36,10,10,9,f,1
15946495,42828,915,41913,Australia,Private room,1,1,31,4,10,9,10,f,1
11597356,42828,492,42336,Australia,Private room,1,1,50,9,10,10,10,f,1
16930003,42828,1168,41660,Australia,Entire home/apt,2,3,138,1,10,10,10,t,1
17410802,42828,721,42107,Australia,Entire home/apt,2.5,5,600,0,,,,f,1
677546,42828,1674,41154,Australia,Private room,3,4,130,9,9,8,8,f,1
4543382,42828,982,41846,Australia,Entire home/apt,2,3,329,30,10,10,9,t,1
15946653,42828,141,42687,Australia,Entire home/apt,1,1,110,8,9,10,10,t,1
8018242,42828,856,41972,Australia,Private room,1,1,60,8,8,8,9,f,1
12990872,42828,327,42501,Australia,Private room,1,1,288,0,,,,f,1
16276430,42828,1280,41548,Australia,Entire home/apt,1,2,135,1,2,6,2,f,1
3105983,42828,1058,41770,Australia,Private room,1,1,250,2,10,9,9,f,1
420450,42828,1822,41006,Australia,Private room,2,1,90,4,10,10,9,f,1
9245388,42829,520,42309,Australia,Private room,1,1,69,41,10,10,10,f,1
4873599,42828,834,41994,Australia,Entire home/apt,2,5,281,2,9,9,9,f,1
7348529,42828,825,42003,Australia,Private room,1,1,85,0,,,,f,1
8543815,42828,1950,40878,Australia,Entire home/apt,1,2,100,3,10,10,10,f,1
4551693,42830,1233,41597,Australia,Private room,1,1,120,19,10,10,9,t,1
15425737,42828,927,41901,Australia,Entire home/apt,2,2,250,5,10,9,9,f,1
17260871,42828,435,42393,Australia,Entire home/apt,2.5,4,650,0,,,,t,1
16571645,42829,961,41868,Australia,Entire home/apt,1,1,130,2,9,10,10,f,1
15499100,42830,591,42239,Australia,Private room,1,1,250,1,,,,f,1
16480692,42829,103,42726,Australia,Private room,1,3,100,0,,,,f,1
6519313,42829,714,42115,Australia,Entire home/apt,1,3,250,4,9,10,10,f,1
9759763,42830,1873,40957,Australia,Entire home/apt,1,2,91,15,9,9,9,f,1
14283449,42829,1675,41154,Australia,Entire home/apt,3,5,600,1,6,6,8,t,1
14643986,42830,242,42588,Australia,Entire home/apt,1,1,100,1,10,10,10,t,1
7461938,42829,624,42205,Australia,Entire home/apt,1,1,85,0,,,,f,1
16113018,42829,131,42698,Australia,Entire home/apt,1,1,100,4,10,9,10,f,1
15761576,42829,290,42539,Australia,Private room,1,1,121,1,,,,t,1
15524167,42829,1557,41272,Australia,Entire home/apt,2,3,200,14,9,9,9,t,1
17334994,42829,148,42681,Australia,Private room,2,2,93,3,10,10,10,f,1
6980391,42829,650,42179,Australia,Private room,1,1,100,0,,,,f,1
8555600,42829,1289,41540,Australia,Entire home/apt,1,1,105,1,10,10,10,f,1
14907008,42830,219,42611,Australia,Private room,1,1,91,19,9,10,10,t,1
14780005,42829,588,42241,Australia,Entire home/apt,2,3,260,28,10,9,9,f,1
7042914,42829,650,42179,Australia,Private room,1,1,201,0,,,,f,1
16091501,42829,2781,40048,Australia,Entire home/apt,1,2,200,0,,,,f,1
17795436,42829,223,42606,Australia,Entire home/apt,3,5,600,0,,,,f,1
9825667,42829,487,42342,Australia,Entire home/apt,1,2,118,55,8,9,9,t,1
3053642,42829,1055,41774,Australia,Private room,0.5,1,50,2,9,9,9,f,1
17535229,42829,59,42770,Australia,Entire home/apt,1.5,2,162,0,,,,f,1
12031448,42829,712,42117,Australia,Entire home/apt,2.5,4,499,11,10,10,9,f,1
9082550,42829,1073,41756,Australia,Entire home/apt,3,4,501,0,,,,f,1
8690576,42829,549,42280,Australia,Entire home/apt,1,2,79,3,9,9,9,f,1
14779600,42829,696,42133,Australia,Private room,0,1,440,3,9,10,10,f,1
11148987,42829,1696,41133,Australia,Entire home/apt,2.5,3,1650,0,,,,f,1
9871764,42829,857,41972,Australia,Private room,2.5,1,60,6,10,9,10,f,1
9369170,42830,699,42131,Australia,Private room,1.5,1,74,2,7,10,9,f,1
2257581,42830,2248,40582,Australia,Entire home/apt,1,2,160,43,10,9,10,f,1
12874761,42830,685,42145,Australia,Entire home/apt,1,2,180,34,10,9,10,t,1
16282529,42830,227,42603,Australia,Private room,1,1,56,3,10,9,10,t,1
10415996,42830,674,42156,Australia,Entire home/apt,3,3,600,0,,,,f,1
8317223,42830,1039,41791,Australia,Entire home/apt,1,2,125,0,,,,f,1
6317589,42830,699,42131,Australia,Shared room,1.5,1,35,3,7,8,7,f,1
16235212,42829,435,42394,Australia,Private room,1,1,70,12,10,10,10,t,1
15849937,42829,1078,41751,Australia,Entire home/apt,3,4,800,0,,,,f,1
14078805,42829,1051,41778,Australia,Entire home/apt,1,2,173,2,8,10,8,f,1
17027813,42829,419,42410,Australia,Entire home/apt,1.5,2,96,0,,,,t,1
16076742,42829,134,42695,Australia,Entire home/apt,2,4,490,4,9,10,9,f,1
17485666,42829,35,42794,Australia,Entire home/apt,2,2,399,0,,,,t,1
10145229,42829,836,41993,Australia,Entire home/apt,1,3,210,4,9,9,9,f,1
8506611,42829,561,42268,Australia,Private room,1,1,125,1,10,10,10,f,1
4441354,42829,962,41867,Australia,Entire home/apt,1,1,160,3,10,10,10,f,1
10732560,42829,1119,41710,Australia,Private room,1,1,76,48,10,10,10,t,1
5948385,42829,1585,41244,Australia,Entire home/apt,2.5,3,261,0,,,,f,1
10732379,42829,1119,41710,Australia,Private room,1,1,66,39,10,10,10,f,1
15647475,42829,811,42018,Australia,Entire home/apt,2,4,499,0,,,,f,1
771920,42829,1759,41070,Australia,Private room,1,1,60,11,10,10,10,f,1
4245259,42829,915,41914,Australia,Private room,3,1,147,0,,,,f,1
11126192,42829,422,42407,Australia,Private room,1,1,198,0,,,,f,1
7521604,42829,1491,41338,Australia,Private room,1,1,64,41,8,9,10,t,1
10633465,42829,453,42376,Australia,Private room,1,1,64,9,10,10,10,f,1
17350819,42829,285,42544,Australia,Private room,2,2,91,0,,,,t,1
4832827,42829,1232,41597,Australia,Entire home/apt,2,2,280,66,10,10,10,t,1
9944002,42829,862,41967,Australia,Entire home/apt,2,2,200,0,,,,f,1
16562839,42829,454,42375,Australia,Private room,1,1,63,11,10,9,10,t,1
182638,42829,2079,40750,Australia,Entire home/apt,1.5,3,193,3,10,10,10,f,1
16300119,42829,1247,41582,Australia,Entire home/apt,2,3,169,6,10,10,10,f,1
4830569,42829,841,41988,Australia,Entire home/apt,3,5,600,2,8,10,7,f,1
1160131,42829,1423,41406,Australia,Private room,1,1,85,96,10,9,10,f,1
8238970,42829,698,42131,Australia,Private room,1.5,1,66,0,,,,f,1
13354806,42829,304,42525,Australia,Private room,1,1,85,9,10,10,10,t,1
14987021,42829,1274,41555,Australia,Entire home/apt,2.5,2,120,4,9,9,10,t,1
5352559,42829,797,42032,Australia,Private room,1,1,39,32,8,9,9,f,1
7776634,42829,881,41948,Australia,Entire home/apt,2,4,110,0,,,,f,1
14410879,42829,808,42021,Australia,Private room,1,1,150,1,10,10,10,f,1
16360682,42829,112,42717,Australia,Entire home/apt,1,1,150,0,,,,f,1
16950086,42829,222,42607,Australia,Private room,2,2,80,0,,,,t,1
4825064,42829,853,41976,Australia,Entire home/apt,1,1,113,17,8,8,8,f,1
15243874,42829,1637,41192,Australia,Private room,1,1,75,21,10,9,10,f,1
10459480,42829,555,42274,Australia,Entire home/apt,4,4,1000,0,,,,f,1
2857984,42829,1710,41119,Australia,Entire home/apt,3.5,6,620,3,9,10,9,f,1
11802247,42829,853,41976,Australia,Entire home/apt,1,2,150,0,,,,f,1
4822570,42829,844,41985,Australia,Private room,1,1,80,50,10,9,10,t,1
4624700,42829,867,41962,Australia,Private room,1,1,70,2,10,10,10,f,1
7312383,42829,637,42192,Australia,Entire home/apt,4,4,495,1,8,8,10,f,1
12159484,42829,1232,41597,Australia,Entire home/apt,3,3,380,44,10,9,10,t,1
622670,42829,1710,41119,Australia,Private room,1.5,1,52,33,10,9,10,f,1
7279521,42829,634,42195,Australia,Entire home/apt,2,3,499,24,10,10,10,f,1
17546903,42829,993,41836,Australia,Entire home/apt,1,2,100,3,10,10,10,f,1
15101486,42829,1658,41171,Australia,Entire home/apt,1,1,110,6,10,10,10,f,1
16344950,42828,857,41971,Australia,Entire home/apt,1,1,201,0,,,,f,1
11363729,42828,408,42420,Australia,Entire home/apt,3,4,475,2,10,10,10,f,1
13979316,42828,1363,41465,Australia,Entire home/apt,3.5,4,700,1,10,10,10,f,1
11554444,42828,399,42429,Australia,Entire home/apt,1,1,160,2,10,10,10,f,1
17336634,42828,491,42337,Australia,Private room,1,1,55,1,10,8,10,t,1
6306090,42828,697,42131,Australia,Private room,1.5,1,62,0,,,,f,1
11023628,42828,459,42369,Australia,Entire home/apt,1.5,2,245,2,10,9,8,f,1
4534666,42828,876,41952,Australia,Entire home/apt,2,2,125,56,9,9,9,f,1
16459476,42828,459,42369,Australia,Private room,1.5,1,60,9,10,9,10,f,1
15605046,42828,571,42257,Australia,Entire home/apt,1,2,130,4,7,9,8,f,1
1180717,42828,1415,41413,Australia,Entire home/apt,1,1,130,2,10,10,10,f,1
16007087,42828,829,41999,Australia,Private room,1,1,55,1,10,10,10,f,1
15931250,42828,433,42395,Australia,Entire home/apt,2,2,125,0,,,,f,1
12783972,42828,339,42489,Australia,Entire home/apt,2,2,275,11,10,10,9,f,1
16258518,42828,442,42386,Australia,Entire home/apt,3,4,400,1,10,10,10,t,1
8132016,42828,586,42242,Australia,Entire home/apt,1,2,144,9,8,8,8,f,1
9962395,42828,890,41938,Australia,Entire home/apt,1,1,180,0,,,,f,1
16421528,42828,317,42511,Australia,Private room,1,1,80,0,,,,f,1
10813520,42828,435,42393,Australia,Entire home/apt,3.5,5,650,0,,,,f,1
1496721,42829,1686,41143,Australia,Private room,1,1,58,21,9,9,9,f,1
2249881,42829,1171,41658,Australia,Private room,2.5,1,85,96,10,10,10,t,1
14097004,42828,1114,41714,Australia,Private room,1,1,121,0,,,,f,1
16431233,42829,106,42723,Australia,Private room,1,1,60,17,10,9,9,f,1
16102516,42829,545,42284,Australia,Private room,1,1,100,8,10,10,10,f,1
16380975,42830,112,42718,Australia,Private room,1,1,50,1,10,10,10,f,1
15574507,42829,174,42655,Australia,Private room,1,1,70,0,,,,t,1
16326348,42829,1703,41126,Australia,Private room,1,1,80,4,10,9,10,f,1
4258712,42830,916,41914,Australia,Private room,1,1,80,1,10,10,10,f,1
2723564,42829,1106,41723,Australia,Private room,1,1,55,22,10,10,10,f,1
16242238,42829,596,42233,Australia,Private room,1,1,78,1,8,8,8,f,1
15333122,42830,375,42455,Australia,Private room,1.5,1,39,0,,,,f,1
15524144,42829,1587,41242,Australia,Entire home/apt,1,0,130,15,8,9,8,f,1
15721234,42829,631,42198,Australia,Private room,1,1,100,1,10,10,10,f,1
4917469,42829,829,42000,Australia,Private room,1,1,99,8,10,10,10,f,1
1060530,42829,1461,41368,Australia,Private room,1,1,85,60,10,10,10,f,1
9762629,42830,490,42340,Australia,Private room,1,1,56,5,10,10,10,t,1
11659666,42830,395,42435,Australia,Private room,1,1,39,0,,,,f,1
13364140,42830,905,41925,Australia,Private room,1,1,59,13,10,10,10,t,1
14677820,42829,226,42603,Australia,Private room,1,1,125,1,10,10,10,f,1
11396829,42830,416,42414,Australia,Private room,1,1,235,1,8,8,8,f,1
11593889,42830,947,41883,Australia,Entire home/apt,1,1,120,12,10,9,9,f,1
4108411,42829,939,41890,Australia,Private room,1,1,109,37,10,10,10,f,1
15858677,42830,358,42472,Australia,Entire home/apt,2,3,292,10,10,10,10,t,1
15986508,42829,140,42689,Australia,Entire home/apt,1,2,250,1,10,10,10,f,1
17995456,42829,788,42041,Australia,Entire home/apt,1,2,175,0,,,,t,1
12897385,42829,1344,41485,Australia,Private room,1,1,50,33,10,10,10,t,1
11111400,42829,422,42407,Australia,Entire home/apt,2,2,315,27,10,10,9,f,1
15195102,42829,904,41925,Australia,Entire home/apt,1,2,125,2,9,10,10,f,1
15893672,42829,875,41954,Australia,Private room,1,1,81,9,10,10,10,f,1
11307698,42829,412,42417,Australia,Entire home/apt,1,0,191,60,9,10,9,t,1
16248008,42830,812,42018,Australia,Private room,1,1,99,7,10,10,10,f,1
8783388,42828,544,42284,Australia,Entire home/apt,1,0,190,0,,,,t,1
4120946,42829,1400,41429,Australia,Entire home/apt,1,0,120,91,9,10,9,f,1
16356773,42829,112,42717,Australia,Entire home/apt,1,0,235,1,8,10,6,f,1
13550619,42829,293,42536,Australia,Entire home/apt,1,2,166,12,9,10,10,f,1
4578321,42829,872,41957,Australia,Private room,1.5,1,135,0,,,,f,1
16380385,42829,1215,41614,Australia,Entire home/apt,1,1,96,0,,,,f,1
9501172,42830,1785,41045,Australia,Entire home/apt,1,1,169,1,10,10,10,f,1
7426013,42829,653,42176,Australia,Private room,1,1,75,0,,,,f,1
14940140,42830,338,42492,Australia,Entire home/apt,1,1,225,1,10,10,10,f,1
17563169,42830,218,42612,Australia,Private room,1,1,91,3,10,10,10,f,1
2352963,42830,1559,41271,Australia,Entire home/apt,2.5,3,160,12,9,10,10,f,1
10600087,42829,448,42381,Australia,Entire home/apt,1,2,93,5,9,10,10,f,1
7807867,42829,904,41925,Australia,Entire home/apt,1,1,148,48,10,10,10,f,1
13998087,42829,265,42564,Australia,Entire home/apt,1,0,120,2,9,10,9,t,1
16774288,42830,863,41967,Australia,Private room,1,1,51,0,,,,t,1
14268034,42829,931,41898,Australia,Private room,1,1,85,48,9,10,9,f,1
15921320,42830,193,42637,Australia,Entire home/apt,1,2,159,4,9,9,9,t,1
9862937,42830,485,42345,Australia,Entire home/apt,1,2,250,0,,,,f,1
9497148,42830,505,42325,Australia,Private room,2,1,60,2,9,9,9,f,1
17797017,42829,688,42141,Australia,Private room,1,1,150,0,,,,f,1
10928012,42829,431,42398,Australia,Entire home/apt,1,1,120,0,,,,t,1
14192584,42829,1206,41623,Australia,Private room,1,1,63,8,9,10,9,f,1
9101217,42829,828,42001,Australia,Private room,1,1,75,3,10,10,10,f,1
14267497,42829,2441,40388,Australia,Private room,1,1,55,11,5,9,8,t,1
15762453,42830,540,42290,Australia,Entire home/apt,1,1,130,9,10,10,10,f,1
9283692,42830,517,42313,Australia,Private room,1,1,85,8,9,10,10,f,1
1484520,42830,1394,41436,Australia,Entire home/apt,1,2,168,42,10,10,10,f,1
14541539,42829,1095,41734,Australia,Entire home/apt,1,1,99,1,10,10,10,f,1
7765135,42830,948,41882,Australia,Entire home/apt,1,2,175,2,10,10,10,t,1
12798919,42830,586,42244,Australia,Entire home/apt,1,1,95,0,,,,f,1
10020664,42830,836,41994,Australia,Private room,2,1,191,0,,,,f,1
11596698,42829,732,42097,Australia,Entire home/apt,1,1,155,20,10,10,9,f,1
4194194,42830,923,41907,Australia,Entire home/apt,1,1,125,12,10,10,10,f,1
5898027,42830,760,42070,Australia,Entire home/apt,1,3,265,2,8,10,8,t,1
13469702,42829,299,42530,Australia,Entire home/apt,1,2,100,0,,,,f,1
15792763,42830,684,42146,Australia,Entire home/apt,1,1,109,1,10,8,10,f,1
16043719,42829,254,42575,Australia,Private room,1,1,78,0,,,,t,1
4251628,42829,1585,41244,Australia,Entire home/apt,2,3,293,9,9,10,8,t,1
17103368,42830,60,42770,Australia,Entire home/apt,1,1,116,8,10,10,10,t,1
14935609,42830,540,42290,Australia,Entire home/apt,1,1,169,2,10,10,10,f,1
10998149,42830,1983,40847,Australia,Entire home/apt,1.5,1,120,4,10,10,10,f,1
7010399,42830,1132,41698,Australia,Entire home/apt,1,2,175,44,9,10,10,f,1
17291449,42829,1213,41616,Australia,Entire home/apt,1,2,160,0,,,,t,1
13866668,42829,1336,41493,Australia,Entire home/apt,2,4,600,0,,,,f,1
17677726,42829,205,42624,Australia,Entire home/apt,2,2,958,0,,,,f,1
9761778,42830,514,42316,Australia,Entire home/apt,1,0,148,37,9,10,10,f,1
9434581,42830,711,42119,Australia,Entire home/apt,1,2,297,8,9,9,9,f,1
9029856,42829,558,42271,Australia,Entire home/apt,1,0,150,0,,,,f,1
3654350,42829,1308,41521,Australia,Entire home/apt,1,1,265,3,9,10,9,f,1
8977415,42830,619,42211,Australia,Entire home/apt,2,2,800,0,,,,t,1
16180206,42829,399,42430,Australia,Entire home/apt,1,1,194,8,10,10,9,f,1
14129539,42829,912,41917,Australia,Entire home/apt,1,0,80,0,,,,t,1
3467767,42830,1315,41515,Australia,Entire home/apt,1,1,349,1,8,8,8,f,1
5014600,42829,1518,41311,Australia,Entire home/apt,1,2,225,7,9,10,9,f,1
11506934,42829,558,42271,Australia,Entire home/apt,2,2,385,28,10,10,10,t,1
13676480,42829,1051,41778,Australia,Entire home/apt,1,0,148,2,9,9,9,f,1
17704419,42829,635,42194,Australia,Entire home/apt,1,1,125,0,,,,f,1
15526612,42830,2165,40665,Australia,Entire home/apt,1,2,300,1,10,10,10,f,1
17098825,42830,942,41888,Australia,Entire home/apt,1.5,3,250,0,,,,f,1
17098903,42830,653,42177,Australia,Entire home/apt,2,4,180,2,7,10,8,f,1
6663049,42829,1322,41507,Australia,Entire home/apt,1,1,300,0,,,,f,1
15725574,42829,1090,41739,Australia,Entire home/apt,1,1,160,1,,,,f,1
8845598,42829,1483,41346,Australia,Entire home/apt,1,1,125,24,10,10,10,f,1
13032447,42829,772,42057,Australia,Entire home/apt,1,1,120,2,8,10,9,f,1
11806706,42829,1626,41203,Australia,Entire home/apt,1,2,150,4,10,10,10,f,1
10342650,42829,1030,41799,Australia,Entire home/apt,1,1,180,2,10,10,10,f,1
2848456,42830,1519,41311,Australia,Entire home/apt,1,1,135,3,10,10,10,f,1
12098285,42829,1130,41699,Australia,Entire home/apt,1,2,399,6,8,10,10,f,1
9597094,42830,2041,40789,Australia,Entire home/apt,1,1,250,2,10,10,8,f,1
9352824,42829,598,42231,Australia,Entire home/apt,1,1,150,0,,,,f,1
5958606,42830,883,41947,Australia,Private room,1,1,75,27,9,10,10,t,1
15527726,42830,659,42171,Australia,Private room,1,1,70,6,9,9,9,f,1
17504467,42829,162,42667,Australia,Private room,1,1,64,4,6,9,7,t,1
3468968,42830,1163,41667,Australia,Private room,1,1,66,15,10,10,10,f,1
13362107,42829,378,42451,Australia,Private room,1,1,125,1,10,10,10,f,1
7076824,42830,645,42185,Australia,Private room,1,1,91,1,10,10,10,f,1
16580443,42830,818,42012,Australia,Entire home/apt,1,1,160,12,9,10,10,t,1
9299618,42830,1134,41696,Australia,Private room,1,1,120,24,10,10,9,f,1
16117354,42829,1839,40990,Australia,Private room,1,1,95,0,,,,f,1
6677893,42829,1274,41555,Australia,Private room,1,2,200,15,10,10,9,f,1
14476616,42829,1003,41826,Australia,Entire home/apt,1,1,194,23,10,10,10,t,1
9698621,42830,1454,41376,Australia,Entire home/apt,1,2,300,2,10,10,10,f,1
16233033,42829,494,42335,Australia,Entire home/apt,1,2,200,23,10,10,10,f,1
10026712,42830,1424,41406,Australia,Entire home/apt,1,1,150,110,10,10,9,f,1
2022235,42829,1219,41610,Australia,Entire home/apt,1,2,260,36,10,10,10,t,1
15333962,42830,418,42412,Australia,Entire home/apt,1,2,200,34,10,10,9,t,1
13674956,42829,286,42543,Australia,Entire home/apt,1,0,100,44,10,10,10,f,1
883949,42830,1543,41287,Australia,Private room,2.5,1,91,1,8,10,10,f,1
16184393,42830,950,41880,Australia,Entire home/apt,2,3,223,0,,,,t,1
6798244,42829,1532,41297,Australia,Entire home/apt,1,2,175,33,9,10,9,f,1
2052693,42830,1213,41617,Australia,Entire home/apt,1.5,2,275,4,9,10,9,f,1
10255396,42830,1747,41083,Australia,Private room,1,1,39,0,,,,f,1
10682130,42830,570,42260,Australia,Entire home/apt,2,3,723,0,,,,f,1
11463755,42830,643,42187,Australia,Entire home/apt,1,1,100,0,,,,t,1
11724819,42830,1149,41681,Australia,Entire home/apt,1,1,120,0,,,,f,1
11856732,42830,773,42057,Australia,Entire home/apt,1.5,2,250,1,10,10,10,f,1
13194117,42829,324,42505,Australia,Entire home/apt,2,2,365,4,10,10,10,f,1
14045586,42830,1019,41811,Australia,Entire home/apt,1,1,188,18,10,9,9,f,1
14127909,42829,1035,41794,Australia,Entire home/apt,3,4,399,0,,,,f,1
14411416,42830,979,41851,Australia,Private room,1,1,60,0,,,,f,1
14809941,42829,1051,41778,Australia,Entire home/apt,2,2,202,4,8,9,8,f,1
14935516,42830,1052,41778,Australia,Entire home/apt,1,1,141,0,,,,f,1
15397951,42829,475,42354,Australia,Entire home/apt,2.5,2,150,6,9,10,10,f,1
15661992,42830,163,42667,Australia,Entire home/apt,1,2,290,0,,,,f,1
11927063,42830,903,41927,Australia,Entire home/apt,1.5,2,210,1,10,10,10,f,1
17257429,42829,1051,41778,Australia,Entire home/apt,1,1,162,0,,,,f,1
2028979,42830,1772,41058,Australia,Entire home/apt,1,0,99,39,9,9,9,f,1
9281010,42829,1133,41696,Australia,Entire home/apt,1,2,175,38,9,10,10,f,1
2131817,42829,1193,41636,Australia,Entire home/apt,1,2,100,17,10,10,10,f,1
9303775,42830,1157,41673,Australia,Entire home/apt,2,4,681,3,7,10,8,f,1
14919920,42829,1051,41778,Australia,Entire home/apt,1,2,194,3,7,10,8,f,1
16354534,42829,112,42717,Australia,Entire home/apt,1,0,150,5,10,10,9,f,1
4259231,42830,1695,41135,Australia,Entire home/apt,1,0,116,59,10,10,9,f,1
14733562,42830,1052,41778,Australia,Entire home/apt,1,0,134,3,8,9,7,f,1
4832783,42829,922,41907,Australia,Entire home/apt,1,2,130,6,10,10,10,f,1
9352746,42829,536,42293,Australia,Entire home/apt,2,3,194,2,9,8,9,f,1
4121776,42829,1211,41618,Australia,Entire home/apt,1,2,289,5,10,9,9,f,1
2401574,42829,1143,41686,Australia,Entire home/apt,1,1,100,9,7,10,9,f,1
1809343,42829,1269,41560,Australia,Entire home/apt,1,2,125,6,10,10,10,f,1
16445267,42830,1114,41716,Australia,Entire home/apt,1,1,300,1,8,10,8,f,1
11517064,42829,1128,41701,Australia,Entire home/apt,1,2,209,2,10,9,9,f,1
6546994,42830,680,42150,Australia,Entire home/apt,1,0,80,7,10,10,9,f,1
17932652,42829,108,42721,Australia,Entire home/apt,2.5,4,900,0,,,,t,1
15706449,42829,475,42354,Australia,Entire home/apt,1,1,150,2,10,10,10,f,1
6879150,42829,1155,41674,Australia,Entire home/apt,1,1,139,1,10,10,10,f,1
11260247,42829,415,42414,Australia,Entire home/apt,1,2,160,2,10,10,10,f,1
5435770,42830,772,42058,Australia,Entire home/apt,1,0,100,18,9,10,10,f,1
4550983,42829,42829,,Australia,Entire home/apt,1,1,125,1,10,10,10,f,1
16116646,42830,1274,41556,Australia,Entire home/apt,2,3,325,1,8,10,10,f,1
10593217,42829,889,41940,Australia,Entire home/apt,1,2,150,1,,,,f,1
12175499,42829,690,42139,Australia,Entire home/apt,2,3,759,0,,,,f,1
9960318,42830,1679,41151,Australia,Entire home/apt,1,2,349,0,,,,f,1
8818861,42829,1973,40856,Australia,Entire home/apt,1,2,390,6,10,10,9,f,1
4440884,42829,1035,41794,Australia,Entire home/apt,1,3,349,1,,,,f,1
1143151,42829,1445,41384,Australia,Entire home/apt,1,1,160,15,10,10,10,f,1
16180149,42829,511,42318,Australia,Entire home/apt,1,2,300,1,8,10,10,f,1
16366298,42829,1581,41248,Australia,Entire home/apt,1,1,160,0,,,,f,1
8864328,42829,2570,40259,Australia,Entire home/apt,1.5,3,399,0,,,,f,1
14475837,42829,1051,41778,Australia,Entire home/apt,1,2,158,1,2,10,6,f,1
11422915,42828,1292,41536,Australia,Entire home/apt,1,1,984,1,,,,f,1
9699590,42828,606,42222,Australia,Private room,1,1,100,0,,,,f,1
16150920,42828,814,42014,Australia,Private room,1.5,1,67,0,,,,f,1
14680364,42828,421,42407,Australia,Entire home/apt,1,0,149,4,10,10,10,f,1
13501339,42828,1029,41799,Australia,Private room,1,1,80,4,10,10,10,f,1
15861646,42828,651,42177,Australia,Private room,1,1,100,1,10,10,10,f,1
9373605,42828,1034,41794,Australia,Entire home/apt,2,3,551,0,,,,f,1
16058326,42828,133,42695,Australia,Private room,2,1,75,0,,,,f,1
6227511,42828,762,42066,Australia,Entire home/apt,1,0,94,6,10,10,10,f,1
15992408,42828,847,41981,Australia,Entire home/apt,1,1,110,3,8,10,9,f,1
10618490,42828,831,41997,Australia,Entire home/apt,1,1,119,4,8,10,10,f,1
2230027,42828,1414,41414,Australia,Private room,1,1,80,64,9,9,9,f,1
15663193,42828,1584,41244,Australia,Entire home/apt,1,2,215,2,8,10,8,t,1
4413135,42828,932,41896,Australia,Entire home/apt,1,2,218,1,6,10,8,f,1
16975862,42828,1488,41340,Australia,Private room,1.5,1,105,1,10,10,10,f,1
9635832,42828,1015,41813,Australia,Entire home/apt,2,5,849,9,9,10,9,f,1
17369097,42828,634,42194,Australia,Entire home/apt,1,1,130,0,,,,f,1
15524674,42828,1082,41746,Australia,Private room,1,1,66,20,10,10,10,t,1
2230468,42828,1172,41656,Australia,Entire home/apt,1,0,110,6,9,10,9,f,1
9637033,42828,495,42333,Australia,Private room,1,1,80,44,10,10,10,f,1
11798868,42828,782,42046,Australia,Private room,1,1,50,6,8,10,10,f,1
6007847,42828,720,42108,Australia,Private room,1,1,80,0,,,,f,1
13175354,42828,1380,41448,Australia,Entire home/apt,1,2,260,12,9,10,10,f,1
4478735,42828,883,41945,Australia,Private room,1,1,80,19,10,10,10,f,1
11537067,42828,399,42429,Australia,Entire home/apt,1,0,149,0,,,,f,1
15862625,42828,147,42681,Australia,Private room,1.5,1,79,0,,,,f,1
9996888,42828,476,42352,Australia,Entire home/apt,1,2,132,9,6,9,8,t,1
10751015,42828,438,42390,Australia,Entire home/apt,1,1,149,17,10,10,9,f,1
16259710,42828,671,42157,Australia,Private room,1,1,75,0,,,,t,1
10492545,42828,790,42038,Australia,Entire home/apt,1,1,159,8,9,10,10,f,1
16985579,42828,1620,41208,Australia,Private room,1,1,100,0,,,,f,1
10863249,42828,624,42204,Australia,Entire home/apt,1,0,110,27,10,9,9,f,1
17893295,42828,573,42255,Australia,Entire home/apt,2,2,220,0,,,,f,1
13703870,42828,1264,41564,Australia,Entire home/apt,1,2,300,0,,,,f,1
16133665,42828,997,41831,Australia,Entire home/apt,2,2,250,7,10,10,10,f,1
13916214,42828,268,42560,Australia,Entire home/apt,1,1,75,1,10,8,8,f,1
9577662,42828,969,41859,Australia,Entire home/apt,1,1,185,5,10,10,10,f,1
5814814,42828,737,42091,Australia,Entire home/apt,2,2,149,3,10,10,10,f,1
6172242,42828,707,42121,Australia,Entire home/apt,1,2,360,30,9,10,8,t,1
9580338,42828,521,42307,Australia,Entire home/apt,1,1,110,0,,,,f,1
17269899,42828,1050,41778,Australia,Entire home/apt,1,1,157,0,,,,f,1
14387145,42828,1087,41741,Australia,Entire home/apt,1,1,281,0,,,,f,1
13772119,42828,1050,41778,Australia,Entire home/apt,1,0,163,0,,,,f,1
14361966,42828,1050,41778,Australia,Entire home/apt,1,1,142,1,10,10,10,f,1
14750236,42828,1480,41348,Australia,Entire home/apt,1,1,126,1,,,,f,1
13048796,42828,634,42194,Australia,Entire home/apt,1,1,180,5,7,10,7,f,1
11828294,42828,1127,41701,Australia,Private room,1,1,149,0,,,,f,1
16194555,42828,127,42701,Australia,Entire home/apt,1,1,260,3,9,10,9,f,1
13772271,42828,1050,41778,Australia,Entire home/apt,1,2,198,0,,,,f,1
16262654,42828,315,42513,Australia,Entire home/apt,1,1,250,0,,,,f,1
13579316,42828,289,42539,Australia,Entire home/apt,1,1,48,4,5,6,8,f,1
6034141,42828,793,42035,Australia,Entire home/apt,1,1,100,2,9,9,9,f,1
4711825,42828,1503,41325,Australia,Entire home/apt,1.5,2,198,52,10,10,10,t,1
13534401,42828,753,42075,Australia,Private room,1,1,80,0,,,,f,1
10167906,42828,1745,41083,Australia,Entire home/apt,1,1,100,6,8,10,9,f,1
16325770,42828,763,42065,Australia,Entire home/apt,1,1,149,1,,,,f,1
3022016,42828,1058,41770,Australia,Private room,1,1,83,32,10,10,10,f,1
16341969,42828,387,42441,Australia,Entire home/apt,1,2,201,3,9,10,9,f,1
16286531,42828,1413,41415,Australia,Entire home/apt,2,2,350,0,,,,f,1
8379974,42828,1709,41119,Australia,Private room,1,1,140,67,10,10,10,f,1
9774862,42828,855,41973,Australia,Private room,1,2,180,2,10,10,10,f,1
6226394,42828,704,42124,Australia,Private room,2,1,165,32,10,10,10,f,1
16328495,42828,400,42428,Australia,Private room,1,0,51,2,10,10,9,f,1
16197427,42828,224,42604,Australia,Entire home/apt,1,2,142,6,10,10,10,f,1
6364504,42828,693,42135,Australia,Entire home/apt,1,1,149,0,,,,f,1
14029802,42828,1050,41778,Australia,Entire home/apt,1,1,153,2,10,10,7,f,1
16723987,42828,274,42554,Australia,Private room,1,1,85,2,10,10,10,f,1
13338842,42828,617,42211,Australia,Entire home/apt,2,2,290,18,10,10,10,t,1
11743265,42828,388,42440,Australia,Entire home/apt,1,1,350,8,10,10,10,f,1
14228931,42828,249,42579,Australia,Private room,1,1,60,0,,,,f,1
7483433,42828,622,42206,Australia,Private room,1,1,140,7,10,9,8,f,1
16603727,42828,91,42737,Australia,Entire home/apt,1,1,135,0,,,,f,1
15275178,42828,1933,40895,Australia,Entire home/apt,1,1,132,1,10,10,10,f,1
15471807,42828,173,42655,Australia,Entire home/apt,1,1,100,12,10,10,9,f,1
11348075,42828,1574,41254,Australia,Entire home/apt,1,1,85,0,,,,f,1
665778,42828,1682,41146,Australia,Entire home/apt,2.5,3,329,5,9,9,9,f,1
4731054,42828,1362,41466,Australia,Entire home/apt,1,2,250,1,6,10,10,f,1
15605400,42828,1029,41799,Australia,Entire home/apt,1,0,100,11,8,10,10,t,1
9906433,42828,1659,41169,Australia,Private room,2,1,90,1,,,,f,1
16326370,42828,113,42715,Australia,Entire home/apt,1,2,195,2,9,10,10,f,1
3483957,42828,1006,41822,Australia,Private room,1,1,149,5,9,10,9,f,1
15537656,42828,210,42618,Australia,Private room,1,1,261,0,,,,f,1
13316363,42828,753,42075,Australia,Entire home/apt,1,2,235,17,10,10,10,f,1
12593559,42828,347,42481,Australia,Entire home/apt,1,1,60,0,,,,t,1
10234323,42828,906,41922,Australia,Entire home/apt,1,1,195,8,9,10,10,f,1
14954844,42828,1050,41778,Australia,Entire home/apt,1,0,126,2,9,10,8,f,1
14887395,42828,1051,41777,Australia,Private room,1,1,45,1,10,6,10,f,1
9705097,42828,1947,40881,Australia,Entire home/apt,1,,159,10,10,10,9,t,1
14562026,42828,977,41851,Australia,Entire home/apt,1,1,123,1,10,10,10,f,1
5709848,42828,874,41954,Australia,Private room,1,1,66,5,6,10,8,f,1
12803632,42828,823,42005,Australia,Private room,1,1,100,8,9,9,9,t,1
9864541,42828,483,42345,Australia,Private room,1,1,48,0,,,,f,1
10231853,42828,1770,41058,Australia,Entire home/apt,1,1,140,8,9,10,10,f,1
8105604,42828,584,42244,Australia,Entire home/apt,1,1,109,8,8,9,8,f,1
14616342,42828,316,42512,Australia,Private room,1,1,55,19,9,10,10,t,1
9377594,42828,1677,41151,Australia,Entire home/apt,1,1,160,1,10,8,8,f,1
16450527,42828,465,42363,Australia,Entire home/apt,1,1,135,1,6,10,10,f,1
4917336,42828,827,42001,Australia,Private room,1.5,1,50,6,10,10,10,f,1
16329458,42828,113,42715,Australia,Entire home/apt,1,1,69,1,6,8,10,t,1
13349336,42828,753,42075,Australia,Entire home/apt,1,2,130,1,6,10,10,f,1
8489178,42828,560,42268,Australia,Entire home/apt,1,1,121,97,10,10,10,f,1
340563,42828,1880,40948,Australia,Private room,1.5,1,119,4,9,10,8,f,1
14714244,42828,560,42268,Australia,Private room,1,1,80,18,10,10,10,f,1
7482174,42828,624,42204,Australia,Entire home/apt,2.5,3,400,5,10,10,10,f,1
10389301,42828,454,42374,Australia,Private room,1.5,1,69,27,10,10,10,f,1
16334586,42828,113,42715,Australia,Entire home/apt,1,1,180,0,,,,f,1
15086202,42828,1177,41651,Australia,Private room,1,1,90,1,,,,f,1
4397025,42828,894,41934,Australia,Entire home/apt,1.5,2,147,8,10,9,9,t,1
13513356,42828,744,42084,Australia,Entire home/apt,2.5,1,250,0,,,,f,1
15807128,42828,1281,41547,Australia,Entire home/apt,1,1,89,4,9,10,10,f,1
14366167,42828,1131,41697,Australia,Private room,1,1,60,15,9,10,10,f,1
16133060,42828,656,42172,Australia,Shared room,1,1,284,0,,,,f,1
12856276,42828,1063,41765,Australia,Entire home/apt,1,1,100,15,10,10,10,f,1
13054664,42828,1380,41448,Australia,Entire home/apt,1,2,391,6,9,10,10,f,1
14955225,42828,1050,41778,Australia,Entire home/apt,1,1,153,0,,,,f,1
16745885,42828,81,42747,Australia,Private room,1,2,80,2,10,10,10,t,1
2960454,42828,1064,41764,Australia,Entire home/apt,1,1,190,2,10,10,9,f,1
13967891,42828,265,42563,Australia,Private room,2,1,100,1,10,10,10,f,1
9579696,42828,2337,40491,Australia,Private room,1,1,75,24,10,10,10,f,1
10885365,42828,432,42396,Australia,Private room,0,1,125,0,,,,f,1
16912170,42828,1467,41361,Australia,Entire home/apt,1,2,140,0,,,,f,1
17703616,42828,834,41994,Australia,Private room,1,1,169,0,,,,t,1
13902543,42828,1050,41778,Australia,Entire home/apt,1,2,174,3,8,10,9,f,1
4662015,42828,1349,41479,Australia,Entire home/apt,1,1,325,1,6,10,6,f,1
15014226,42828,1204,41624,Australia,Entire home/apt,1,1,267,4,9,10,10,f,1
9375652,42828,1034,41794,Australia,Entire home/apt,4,5,1045,1,10,10,8,f,1
16100680,42828,691,42137,Australia,Private room,1,1,90,4,8,10,9,f,1
12803298,42828,823,42005,Australia,Private room,1,1,69,66,10,10,10,t,1
16232594,42828,349,42479,Australia,Entire home/apt,1,1,121,3,10,10,10,f,1
15147915,42828,195,42633,Australia,Entire home/apt,2,5,267,1,,,,f,1
12327392,42828,825,42003,Australia,Private room,1,1,100,2,10,10,10,f,1
14953887,42828,1050,41778,Australia,Entire home/apt,1,1,145,0,,,,f,1
10686560,42828,1232,41596,Australia,Entire home/apt,2,2,398,3,9,9,9,f,1
3608686,42828,1517,41311,Australia,Entire home/apt,1,0,100,7,9,10,9,f,1
4591787,42828,869,41959,Australia,Entire home/apt,2,1,190,0,,,,f,1
14826645,42828,1050,41778,Australia,Entire home/apt,2,2,235,2,9,10,9,f,1
3095721,42828,1049,41779,Australia,Private room,1,1,130,21,10,10,10,f,1
9452736,42828,507,42321,Australia,Private room,1,1,60,0,,,,t,1
11680990,42828,757,42071,Australia,Private room,1,1,80,9,10,10,10,f,1
15088883,42828,1438,41390,Australia,Entire home/apt,1,1,180,2,8,9,8,f,1
11790779,42828,650,42178,Australia,Private room,1,1,69,24,10,10,9,f,1
2047261,42828,1231,41597,Australia,Entire home/apt,1.5,2,298,99,10,10,9,f,1
9452880,42828,507,42321,Australia,Entire home/apt,1,1,100,2,10,10,10,f,1
4406671,42828,893,41935,Australia,Entire home/apt,2,2,201,2,10,10,10,f,1
8142256,42828,632,42196,Australia,Entire home/apt,1,1,115,11,10,9,10,f,1
10042903,42828,1776,41052,Australia,Private room,1,1,89,0,,,,f,1
6516758,42828,1974,40854,Australia,Entire home/apt,1,2,275,24,9,10,9,f,1
16268843,42828,332,42496,Australia,Entire home/apt,1,2,300,3,9,10,10,f,1
13174834,42828,686,42142,Australia,Entire home/apt,2,3,220,3,10,10,10,f,1
12214475,42828,364,42464,Australia,Entire home/apt,1,1,160,0,,,,f,1
15221985,42828,190,42638,Australia,Entire home/apt,2,3,1000,0,,,,t,1
7097246,42828,665,42163,Australia,Private room,1,1,98,16,10,10,9,f,1
16008429,42828,958,41870,Australia,Entire home/apt,2.5,3,551,1,10,10,10,f,1
15679251,42828,1584,41244,Australia,Entire home/apt,1,0,283,0,,,,t,1
13361111,42828,678,42150,Australia,Private room,1,1,100,1,10,10,10,f,1
16532739,42828,249,42579,Australia,Entire home/apt,1,1,249,4,9,10,10,f,1
7637642,42828,777,42051,Australia,Private room,1,1,111,0,,,,t,1
16663854,42828,874,41954,Australia,Private room,1,1,90,3,10,10,10,f,1
8707759,42828,2113,40715,Australia,Private room,1,1,135,1,,,,t,1
9912226,42828,480,42348,Australia,Entire home/apt,1,0,148,36,9,9,9,t,1
15746619,42828,399,42429,Australia,Entire home/apt,1,2,300,5,10,10,10,f,1
9715781,42828,937,41891,Australia,Entire home/apt,1,0,122,2,8,10,10,f,1
2285583,42828,1162,41666,Australia,Entire home/apt,1,2,260,23,10,10,9,f,1
14434426,42828,2275,40553,Australia,Entire home/apt,2.5,3,215,0,,,,f,1
13852692,42828,272,42556,Australia,Entire home/apt,3,5,450,18,9,10,9,f,1
9782849,42828,487,42341,Australia,Entire home/apt,2,3,750,0,,,,f,1
15941933,42828,765,42063,Australia,Entire home/apt,1,1,149,1,8,10,8,t,1
5980500,42828,1580,41248,Australia,Entire home/apt,1,2,161,1,6,10,8,f,1
14239164,42828,249,42579,Australia,Entire home/apt,1,1,176,14,8,10,9,t,1
15942066,42828,640,42188,Australia,Private room,1,1,66,5,10,10,10,f,1
16135722,42828,128,42700,Australia,Private room,1.5,1,67,2,8,9,10,f,1
14169643,42828,512,42316,Australia,Entire home/apt,1,2,128,3,9,9,9,f,1
5980740,42828,1580,41248,Australia,Entire home/apt,1,1,178,2,9,10,10,f,1
17512100,42828,785,42043,Australia,Entire home/apt,2.5,3,300,2,10,10,10,t,1
5980788,42828,1580,41248,Australia,Entire home/apt,1,1,172,5,9,9,8,f,1
5980839,42828,1580,41248,Australia,Entire home/apt,1,1,172,0,,,,f,1
5980915,42828,1580,41248,Australia,Entire home/apt,2,2,235,3,7,9,8,f,1
15677230,42828,938,41890,Australia,Private room,1,1,115,5,10,10,10,f,1
16859966,42828,629,42199,Australia,Entire home/apt,1.5,3,398,0,,,,f,1
5195271,42828,796,42032,Australia,Entire home/apt,1,2,229,15,10,10,9,f,1
16204770,42828,861,41967,Australia,Private room,1,1,69,0,,,,f,1
10178540,42828,790,42038,Australia,Private room,1,1,79,3,10,10,10,f,1
13514911,42828,398,42430,Australia,Entire home/apt,2,4,2000,0,,,,f,1
3621885,42828,991,41837,Australia,Entire home/apt,1,2,180,10,9,10,9,f,1
14934274,42828,209,42619,Australia,Private room,1,1,121,8,10,10,9,f,1
5522431,42828,763,42065,Australia,Entire home/apt,1,1,400,13,9,10,9,f,1
3094831,42828,1089,41739,Australia,Entire home/apt,1,1,149,6,10,10,9,f,1
9845127,42828,484,42344,Australia,Entire home/apt,1,2,114,3,8,9,9,f,1
14616983,42828,1050,41778,Australia,Entire home/apt,1,2,182,6,10,10,9,f,1
7813555,42828,925,41903,Australia,Private room,1,1,69,0,,,,f,1
4405751,42828,1517,41311,Australia,Entire home/apt,1,1,149,4,9,10,9,f,1
3095050,42828,1584,41244,Australia,Entire home/apt,2,3,330,0,,,,t,1
15677973,42828,938,41890,Australia,Entire home/apt,2,2,642,0,,,,f,1
9978951,42828,476,42352,Australia,Entire home/apt,2,3,400,0,,,,f,1
80470,42828,2216,40612,Australia,Entire home/apt,2,2,400,6,9,10,10,t,1
13318796,42828,1447,41381,Australia,Shared room,1,1,100,1,10,10,,f,1
11420756,42828,406,42422,Australia,Private room,1,1,59,3,9,10,9,f,1
9059025,42828,557,42271,Australia,Entire home/apt,2,2,495,27,10,10,10,f,1
9452248,42828,1359,41469,Australia,Entire home/apt,1,0,176,2,5,8,2,f,1
12797954,42828,337,42491,Australia,Shared room,1,1,31,19,9,10,10,f,1
9783343,42828,487,42341,Australia,Entire home/apt,1,1,130,28,10,10,10,t,1
10504296,42828,474,42354,Australia,Private room,1,1,66,2,10,10,10,f,1
3033227,42828,1089,41739,Australia,Entire home/apt,1,1,149,10,10,10,9,f,1
11552937,42828,488,42340,Australia,Entire home/apt,2,2,350,0,,,,f,1
2312559,42828,1396,41432,Australia,Entire home/apt,2,4,650,1,8,10,8,f,1
14042785,42828,262,42566,Australia,Entire home/apt,1,2,149,1,10,10,10,f,1
8341801,42828,570,42258,Australia,Entire home/apt,1,1,229,8,10,10,9,f,1
3884891,42828,2331,40497,Australia,Entire home/apt,2,4,680,15,9,10,9,f,1
16074640,42828,1075,41753,Australia,Private room,1,1,109,11,10,10,10,f,1
3116017,42828,1048,41780,Australia,Entire home/apt,1,0,90,2,8,9,9,f,1
6349130,42828,694,42134,Australia,Private room,1,1,71,5,10,10,10,f,1
936436,42828,1517,41311,Australia,Entire home/apt,1,1,140,12,10,10,9,f,1
6294622,42828,698,42130,Australia,Private room,1,1,300,0,,,,f,1
13052735,42828,936,41892,Australia,Private room,1,1,69,13,9,10,9,f,1
79624,42828,2219,40609,Australia,Private room,1,1,85,53,10,10,10,t,1
17779269,42828,16,42812,Australia,Entire home/apt,1,2,199,0,,,,t,1
2050709,42828,1217,41611,Australia,Entire home/apt,2,3,180,0,,,,f,1
6506889,42828,932,41896,Australia,Private room,1,1,94,16,10,10,10,f,1
13672489,42828,458,42370,Australia,Entire home/apt,1,0,90,2,10,10,10,f,1
15289897,42828,1050,41778,Australia,Entire home/apt,2,3,275,0,,,,f,1
1264921,42828,1459,41369,Australia,Entire home/apt,1.5,1,100,1,8,10,10,f,1
12799579,42828,1631,41197,Australia,Entire home/apt,1,1,140,11,10,10,10,t,1
3231140,42828,1035,41793,Australia,Entire home/apt,2,3,676,0,,,,f,1
12799418,42828,2222,40606,Australia,Entire home/apt,1,1,110,2,9,10,10,f,1
10318389,42828,457,42371,Australia,Private room,1,1,85,1,10,10,10,f,1
16665583,42828,1378,41450,Australia,Private room,1,1,79,0,,,,f,1
13454337,42828,1034,41794,Australia,Entire home/apt,2,2,450,0,,,,f,1
16365402,42828,1039,41789,Australia,Private room,1,1,80,0,,,,f,1
13192234,42828,1204,41624,Australia,Private room,1,1,87,10,10,10,10,f,1
16796749,42828,791,42037,Australia,Entire home/apt,1,1,115,0,,,,f,1
13269495,42828,853,41975,Australia,Entire home/apt,1,2,176,5,10,10,10,f,1
16666193,42828,1010,41818,Australia,Entire home/apt,1,1,118,6,9,9,10,f,1
4803755,42828,844,41984,Australia,Entire home/apt,1,1,130,0,,,,f,1
13716695,42828,756,42072,Australia,Entire home/apt,1,1,115,1,10,10,10,f,1
9981149,42828,476,42352,Australia,Private room,1,1,60,1,10,10,10,f,1
11422951,42828,1132,41696,Australia,Private room,1,1,75,20,9,10,10,f,1
1199339,42828,1410,41418,Australia,Entire home/apt,1,1,104,2,10,10,10,f,1
9982377,42828,476,42352,Australia,Entire home/apt,1,2,168,70,10,10,9,t,1
6443241,42828,1580,41248,Australia,Entire home/apt,2,2,225,2,9,9,8,f,1
17911497,42828,1584,41244,Australia,Entire home/apt,2,3,260,0,,,,t,1
7163623,42828,648,42180,Australia,Entire home/apt,1,2,201,6,9,9,9,f,1
16339316,42828,651,42177,Australia,Entire home/apt,2,4,330,2,7,10,7,f,1
3363195,42828,1486,41342,Australia,Entire home/apt,1,2,245,29,9,10,9,f,1
6442779,42828,1580,41248,Australia,Entire home/apt,1,1,166,2,10,10,9,f,1
8802725,42828,1751,41077,Australia,Entire home/apt,1,1,130,3,10,10,9,f,1
16339552,42828,934,41894,Australia,Private room,1,1,125,0,,,,f,1
6443624,42828,1580,41248,Australia,Entire home/apt,2,2,228,0,,,,f,1
9720429,42828,490,42338,Australia,Entire home/apt,1,1,165,0,,,,f,1
3232410,42828,1520,41308,Australia,Entire home/apt,1,1,132,1,10,10,8,t,1
9137828,42828,1363,41465,Australia,Entire home/apt,3,4,713,2,6,6,6,f,1
16536290,42828,105,42723,Australia,Private room,1,1,55,5,10,9,9,t,1
16667692,42828,728,42100,Australia,Private room,1,1,107,7,10,10,10,f,1
4623887,42828,1581,41247,Australia,Entire home/apt,1,1,100,2,10,10,10,f,1
10179685,42828,478,42350,Australia,Private room,1,1,55,0,,,,f,1
4478060,42828,883,41945,Australia,Entire home/apt,1,2,149,1,10,10,10,f,1
17388665,42828,1365,41463,Australia,Entire home/apt,1,1,100,2,10,10,10,f,1
17520525,42828,1314,41514,Australia,Entire home/apt,1,2,180,0,,,,f,1
9617945,42828,497,42331,Australia,Private room,1,1,79,41,10,10,10,f,1
611680,42828,1715,41113,Australia,Entire home/apt,1,2,68,6,8,9,9,f,1
16603075,42828,798,42030,Australia,Entire home/apt,2.5,3,391,0,,,,f,1
1201600,42828,1409,41419,Australia,Entire home/apt,2.5,3,319,50,10,10,10,f,1
4675023,42828,859,41969,Australia,Entire home/apt,2,2,201,4,9,10,10,f,1
13915682,42828,631,42197,Australia,Entire home/apt,1,1,149,9,9,10,9,f,1
14829206,42828,894,41934,Australia,Private room,1,1,66,4,10,10,10,f,1
17389283,42828,991,41837,Australia,Entire home/apt,2.5,3,419,0,,,,f,1
9783593,42828,894,41934,Australia,Entire home/apt,1,1,118,0,,,,f,1
546595,42828,1857,40971,Australia,Private room,2,1,90,2,8,8,9,f,1
8475572,42828,1376,41452,Australia,Entire home/apt,1,1,121,3,10,9,10,f,1
13624285,42828,1392,41436,Australia,Private room,1,1,100,18,10,10,9,t,1
9393160,42828,510,42318,Australia,Entire home/apt,2,3,250,1,10,10,10,f,1
16341227,42828,461,42367,Australia,Private room,1,1,170,0,,,,f,1
16931090,42828,560,42268,Australia,Entire home/apt,1.5,2,201,8,10,10,9,f,1
13719567,42828,364,42464,Australia,Entire home/apt,1.5,2,315,2,10,10,8,f,1
6730843,42828,786,42042,Australia,Private room,1,1,94,3,7,10,9,f,1
15165581,42828,1050,41778,Australia,Entire home/apt,1,2,225,0,,,,f,1
17914636,42828,948,41880,Australia,Entire home/apt,1,0,105,0,,,,f,1
14901743,42828,1050,41778,Australia,Entire home/apt,1,1,145,0,,,,f,1
8941414,42830,537,42293,Australia,Private room,1,1,85,1,10,10,10,f,1
4938545,42828,1427,41401,Australia,Entire home/apt,1,2,235,85,10,9,9,t,1
15586539,42828,2440,40388,Australia,Private room,1,1,48,10,6,10,8,t,1
17393978,42828,228,42600,Australia,Entire home/apt,1,2,163,0,,,,f,1
14901870,42828,1050,41778,Australia,Entire home/apt,1,0,128,0,,,,f,1
16473055,42828,454,42374,Australia,Private room,1,1,69,2,8,9,8,t,1
4616229,42829,875,41954,Australia,Entire home/apt,1,2,380,4,6,9,7,f,1
15165800,42828,1050,41778,Australia,Entire home/apt,1,2,414,1,10,8,6,f,1
2461519,42828,1469,41359,Australia,Entire home/apt,1,1,100,179,9,9,9,f,1
6189118,42829,707,42122,Australia,Private room,1,1,58,1,10,10,10,f,1
9464215,42828,506,42322,Australia,Entire home/apt,2,3,499,1,8,10,10,f,1
14901997,42828,1050,41778,Australia,Entire home/apt,1,0,106,0,,,,f,1
12409912,42828,504,42324,Australia,Private room,1,1,80,36,10,9,9,f,1
14935221,42828,1050,41778,Australia,Entire home/apt,1,2,194,1,2,10,8,f,1
11495917,42828,402,42426,Australia,Private room,1,1,90,0,,,,f,1
15293528,42828,385,42443,Australia,Entire home/apt,1,1,115,27,9,10,9,f,1
15228034,42828,389,42439,Australia,Entire home/apt,1,1,201,2,10,8,9,f,1
15558111,42828,1296,41532,Australia,Entire home/apt,1,1,245,0,,,,f,1
14809763,42828,1050,41778,Australia,Entire home/apt,2,2,218,1,10,10,8,f,1
9202322,42828,812,42016,Australia,Entire home/apt,1.5,1,201,2,10,9,9,f,1
15493782,42828,173,42655,Australia,Entire home/apt,1,1,130,4,9,10,9,f,1
10129570,42828,1545,41283,Australia,Private room,1,1,60,2,7,9,10,f,1
4373327,42828,897,41931,Australia,Private room,1,1,66,11,10,10,10,t,1
12610247,42828,678,42150,Australia,Private room,1,1,73,8,10,10,10,f,1
4549327,42828,964,41864,Australia,Entire home/apt,3.5,4,1300,4,10,10,10,f,1
7031792,42828,1414,41414,Australia,Entire home/apt,1,1,300,8,9,9,9,f,1
1203574,42828,1499,41329,Australia,Entire home/apt,1.5,1,345,20,10,10,10,f,1
15590919,42828,1050,41778,Australia,Entire home/apt,1,2,163,1,8,10,10,f,1
16224433,42828,1321,41507,Australia,Entire home/apt,2,2,155,1,10,10,10,f,1
17654836,42828,307,42521,Australia,Private room,1,1,245,0,,,,f,1
13067332,42828,1050,41778,Australia,Entire home/apt,1,1,164,1,10,10,10,f,1
17423681,42829,1585,41244,Australia,Entire home/apt,2,3,336,0,,,,t,1
14222591,42828,727,42101,Australia,Entire home/apt,4,5,1400,0,,,,f,1
11230729,42828,415,42413,Australia,Private room,1,1,66,36,10,10,10,f,1
3499218,42828,1192,41636,Australia,Private room,1,1,201,2,9,9,8,f,1
16150951,42830,1744,41086,Australia,Entire home/apt,1,1,200,0,,,,f,1
13005257,42829,973,41856,Australia,Entire home/apt,2,3,311,19,8,10,9,f,1
14902545,42828,1050,41778,Australia,Entire home/apt,1,1,160,0,,,,f,1
8940469,42828,665,42163,Australia,Private room,1,1,66,7,10,10,10,f,1
16016727,42828,196,42632,Australia,Private room,1,1,121,21,10,10,10,t,1
16409958,42828,1363,41465,Australia,Private room,1,1,41,1,10,10,10,f,1
12350830,42829,759,42070,Australia,Entire home/apt,1,0,149,0,,,,f,1
6648424,42829,42829,,Australia,Entire home/apt,1,1,50,0,,,,f,1
17656806,42828,330,42498,Australia,Entire home/apt,2,2,220,0,,,,f,1
814164,42829,1633,41196,Australia,Entire home/apt,1,1,149,3,10,10,10,t,1
1271321,42828,1758,41070,Australia,Private room,2,1,60,1,10,10,10,f,1
15101039,42829,1435,41394,Australia,Entire home/apt,3.5,3,800,1,10,10,10,f,1
14116428,42828,821,42007,Australia,Entire home/apt,1,1,195,9,9,10,9,f,1
16741160,42829,42829,,Australia,Entire home/apt,1,2,459,1,6,10,10,f,1
4680911,42829,1518,41311,Australia,Entire home/apt,1,1,130,3,10,10,8,f,1
8088811,42829,805,42024,Australia,Private room,1,1,122,36,10,10,10,f,1
9723811,42828,1379,41449,Australia,Private room,1,1,149,0,,,,f,1
4418797,42829,893,41936,Australia,Private room,1,1,80,1,,,,f,1
9465111,42829,1570,41259,Australia,Entire home/apt,1,2,350,46,10,10,9,f,1
15722101,42828,612,42216,Australia,Private room,2,1,54,1,8,10,10,f,1
16017131,42828,155,42673,Australia,Entire home/apt,2.5,2,299,0,,,,f,1
2711545,42828,1095,41733,Australia,Entire home/apt,1,2,125,6,10,10,10,f,1
17984952,42829,10,42819,Australia,Private room,1,1,60,0,,,,t,1
16084424,42829,623,42206,Australia,Entire home/apt,1,2,290,7,10,10,9,f,1
5205456,42829,2124,40705,Australia,Entire home/apt,1,2,114,4,10,9,9,f,1
13459530,42828,504,42324,Australia,Private room,1,1,60,15,9,10,9,f,1
6066772,42829,1585,41244,Australia,Entire home/apt,1,2,215,0,,,,f,1
10972691,42829,470,42359,Australia,Private room,1,1,85,21,10,10,10,f,1
9330804,42828,518,42310,Australia,Entire home/apt,3,3,499,1,10,8,8,f,1
14903110,42828,1050,41778,Australia,Entire home/apt,1,2,180,1,6,10,8,f,1
11353057,42828,409,42419,Australia,Private room,2.5,1,66,1,,,,t,1
15955001,42829,42829,,Australia,Entire home/apt,1,0,89,0,,,,f,1
14901385,42828,1050,41778,Australia,Entire home/apt,1,1,134,0,,,,f,1
13659714,42829,315,42514,Australia,Entire home/apt,2,2,100,4,9,10,10,f,1
7038817,42828,906,41922,Australia,Entire home/apt,1,2,215,2,10,10,10,f,1
4887140,42829,833,41996,Australia,Entire home/apt,1,0,100,29,8,9,9,t,1
10108178,42829,470,42359,Australia,Private room,1,1,201,1,10,10,10,f,1
14673852,42829,741,42088,Australia,Private room,2,1,131,1,,,,f,1
14639312,42828,226,42602,Australia,Entire home/apt,1,3,201,1,10,10,10,f,1
15278886,42828,186,42642,Australia,Private room,1,1,68,4,7,10,9,f,1
10021062,42829,1585,41244,Australia,Entire home/apt,2,2,358,1,8,10,10,f,1
13702004,42829,622,42207,Australia,Entire home/apt,1,1,190,0,,,,f,1
3110097,42829,1049,41780,Australia,Private room,1,1,94,0,,,,f,1
9794774,42829,1015,41814,Australia,Private room,1,1,155,1,,,,f,1
1861619,42828,1252,41576,Australia,Private room,1,1,85,14,10,10,10,f,1
14901606,42828,1050,41778,Australia,Entire home/apt,1,1,153,2,7,9,7,f,1
2711912,42828,1095,41733,Australia,Private room,1.5,1,100,45,10,10,10,f,1
2058252,42828,1862,40966,Australia,Entire home/apt,1,1,140,50,8,9,9,f,1
6732528,42828,818,42010,Australia,Entire home/apt,2,2,180,1,8,10,8,f,1
3241719,42830,1163,41667,Australia,Private room,1,1,79,55,9,10,10,f,1
8747967,42830,1303,41527,Australia,Entire home/apt,1,3,300,0,,,,f,1
13531121,42829,901,41928,Australia,Entire home/apt,1,1,127,18,,,,f,1
17212509,42829,1086,41743,Australia,Private room,1,1,76,1,10,10,10,t,1
17591604,42830,693,42137,Australia,Entire home/apt,1,2,196,0,,,,t,1
17794161,42829,155,42674,Australia,Private room,1,1,83,0,,,,f,1
12548362,42829,1518,41311,Australia,Entire home/apt,1,0,125,2,10,10,10,f,1
12876103,42829,904,41925,Australia,Entire home/apt,1,3,350,1,10,10,10,f,1
13662542,42829,285,42544,Australia,Entire home/apt,2.5,3,263,0,,,,f,1
13300495,42830,325,42505,Australia,Entire home/apt,1,2,325,3,9,10,9,f,1
5798270,42829,817,42012,Australia,Private room,1,1,76,18,10,10,10,t,1
10058208,42829,474,42355,Australia,Entire home/apt,1,1,121,2,10,10,10,f,1
17609788,42829,1364,41465,Australia,Entire home/apt,2,3,311,0,,,,f,1
15427650,42830,1170,41660,Australia,Entire home/apt,1,1,159,0,,,,f,1
13102552,42830,717,42113,Australia,Entire home/apt,2,2,127,0,,,,t,1
16418185,42829,111,42718,Australia,Private room,1,1,69,1,,,,f,1
14406443,42829,1099,41730,Australia,Entire home/apt,1,0,200,18,10,10,10,f,1
15825521,42829,949,41880,Australia,Private room,2,1,75,3,10,10,10,f,1
8583304,42830,556,42274,Australia,Private room,1,1,91,40,9,10,9,t,1
11500134,42830,403,42427,Australia,Private room,1,1,80,9,10,10,10,f,1
4645003,42829,1188,41641,Australia,Entire home/apt,1,1,80,2,10,10,10,f,1
1866419,42829,1251,41578,Australia,Entire home/apt,1,1,225,56,10,10,10,f,1
12494712,42830,476,42354,Australia,Entire home/apt,1,2,141,13,9,10,10,f,1
12631843,42829,345,42484,Australia,Entire home/apt,1,1,69,1,8,8,10,f,1
13816962,42829,1708,41121,Australia,Private room,1,1,49,4,10,10,9,f,1
3265676,42829,1031,41798,Australia,Private room,1,1,70,102,10,10,10,f,1
15954901,42830,1112,41718,Australia,Entire home/apt,1,1,130,5,10,10,10,f,1
16045212,42829,135,42694,Australia,Entire home/apt,2.5,3,280,1,10,10,10,f,1
8747776,42829,551,42278,Australia,Private room,1,1,66,0,,,,f,1
8377764,42829,568,42261,Australia,Private room,1,1,100,0,,,,f,1
13007656,42829,456,42373,Australia,Entire home/apt,1,1,90,3,10,10,10,f,1
1037800,42829,1999,40830,Australia,Entire home/apt,1,0,79,24,10,10,9,f,1
8705540,42829,548,42281,Australia,Private room,0,1,70,20,10,10,10,f,1
15914504,42829,145,42684,Australia,Entire home/apt,1,2,300,1,2,10,6,f,1
13162019,42829,316,42513,Australia,Entire home/apt,1,2,191,46,10,10,10,t,1
15849044,42829,524,42305,Australia,Entire home/apt,1,1,181,3,10,10,9,f,1
17815251,42829,1035,41794,Australia,Entire home/apt,2,3,385,0,,,,f,1
17659130,42830,1281,41549,Australia,Private room,1,1,60,2,10,10,10,f,1
17405102,42829,41,42788,Australia,Entire home/apt,1,2,176,4,10,10,10,t,1
15849623,42829,758,42071,Australia,Private room,1,1,91,0,,,,f,1
12352629,42829,1435,41394,Australia,Entire home/apt,1,2,199,2,10,10,10,f,1
11720900,42829,391,42438,Australia,Private room,2,1,101,15,10,10,10,f,1
12156081,42829,1444,41385,Australia,Private room,1,1,149,10,10,10,10,t,1
9796831,42829,1951,40878,Australia,Entire home/apt,1,1,105,4,10,10,10,f,1
6216086,42829,1860,40969,Australia,Private room,1,1,105,24,10,10,10,f,1
17684914,42829,477,42352,Australia,Private room,1,0,59,0,,,,t,1
7920057,42829,610,42219,Australia,Entire home/apt,2,3,250,1,10,8,10,f,1
16570860,42829,95,42734,Australia,Entire home/apt,1,2,141,0,,,,t,1
17357333,42829,248,42581,Australia,Private room,1,1,85,0,,,,f,1
7920220,42829,713,42116,Australia,Private room,1,1,50,0,,,,f,1
16520435,42829,629,42200,Australia,Private room,1,1,201,0,,,,f,1
15915627,42829,213,42616,Australia,Private room,1,1,72,1,8,10,10,f,1
15695302,42829,568,42261,Australia,Entire home/apt,1,2,400,3,9,10,9,f,1
17947273,42829,461,42368,Australia,Shared room,1,1,64,0,,,,f,1
10148583,42829,1007,41822,Australia,Entire home/apt,1,0,100,4,8,9,10,f,1
15457081,42829,613,42216,Australia,Private room,1,1,194,3,10,10,9,f,1
9977794,42829,478,42351,Australia,Private room,2,1,48,2,10,10,10,f,1
16243655,42829,121,42708,Australia,Entire home/apt,1,1,97,3,7,9,9,t,1
16744227,42829,1789,41040,Australia,Private room,2,3,125,0,,,,f,1
4882228,42829,1273,41556,Australia,Private room,2,1,66,2,5,10,6,f,1
15826785,42829,652,42177,Australia,Entire home/apt,1,0,149,14,10,10,10,t,1
10974775,42829,42829,,Australia,Private room,1,1,60,12,10,10,10,t,1
4709573,42829,1518,41311,Australia,Entire home/apt,1,1,150,3,9,10,8,f,1
14936381,42830,1052,41778,Australia,Entire home/apt,1,1,145,0,,,,f,1
7372729,42829,635,42194,Australia,Entire home/apt,1,0,125,8,9,10,9,f,1
16875457,42829,1502,41327,Australia,Entire home/apt,1,2,176,2,10,10,9,f,1
16243960,42829,628,42201,Australia,Entire home/apt,1,1,130,2,10,10,10,f,1
17334231,42829,492,42337,Australia,Private room,1,1,100,2,10,10,9,t,1
6056615,42829,1485,41344,Australia,Entire home/apt,1,1,105,0,,,,f,1
8379779,42829,685,42144,Australia,Private room,1,1,60,8,9,10,10,t,1
12156983,42829,370,42459,Australia,Entire home/apt,1,1,169,4,9,9,10,f,1
16113040,42829,132,42697,Australia,Entire home/apt,1,2,166,20,10,10,10,f,1
6217181,42829,778,42051,Australia,Entire home/apt,1,1,150,4,10,9,9,f,1
9863330,42829,1034,41795,Australia,Entire home/apt,1,1,119,2,9,10,10,f,1
529208,42829,1759,41070,Australia,Private room,1,1,159,0,,,,f,1
5407052,42829,953,41876,Australia,Entire home/apt,1,1,149,57,10,10,9,f,1
14918303,42829,1051,41778,Australia,Entire home/apt,1,2,210,0,,,,f,1
322296,42829,2255,40574,Australia,Entire home/apt,1,1,145,54,9,10,9,f,1
17269242,42829,1051,41778,Australia,Entire home/apt,1,1,208,0,,,,f,1
17658028,42830,183,42647,Australia,Private room,1,1,79,0,,,,t,1
3375699,42829,1458,41371,Australia,Entire home/apt,1,2,180,25,10,10,10,f,1
16072304,42829,134,42695,Australia,Entire home/apt,2,2,176,12,9,9,9,t,1
3965577,42829,981,41848,Australia,Entire home/apt,1,1,121,22,10,10,9,f,1
16351943,42829,1117,41712,Australia,Entire home/apt,1,1,201,1,10,10,10,f,1
15220858,42829,928,41901,Australia,Entire home/apt,1,0,121,22,9,10,9,f,1
17241557,42829,52,42777,Australia,Entire home/apt,1,1,102,5,10,10,10,f,1
16220945,42829,1536,41293,Australia,Entire home/apt,1,1,999,4,9,9,9,f,1
4358923,42829,1808,41021,Australia,Entire home/apt,2,2,400,46,9,10,9,f,1
17269629,42829,1051,41778,Australia,Entire home/apt,1,1,161,0,,,,f,1
3534807,42830,1002,41828,Australia,Private room,1,1,150,82,10,10,10,f,1
9137767,42830,526,42304,Australia,Entire home/apt,2,3,451,10,9,10,9,f,1
16314161,42830,1067,41763,Australia,Entire home/apt,1,3,449,0,,,,f,1
13496712,42830,322,42508,Australia,Private room,1,1,35,0,,,,t,1
10254125,42829,462,42367,Australia,Private room,1,1,47,1,10,10,8,f,1
14117788,42829,257,42572,Australia,Entire home/apt,1,1,100,0,,,,f,1
9218093,42830,521,42309,Australia,Entire home/apt,1,1,152,0,,,,f,1
9721485,42829,1071,41758,Australia,Entire home/apt,1,1,100,1,10,10,10,f,1
17794666,42829,1585,41244,Australia,Entire home/apt,1,1,147,0,,,,t,1
13942422,42829,652,42177,Australia,Entire home/apt,1,1,149,0,,,,t,1
1678160,42829,1866,40963,Australia,Entire home/apt,1,1,141,48,10,10,10,f,1
6095293,42829,714,42115,Australia,Entire home/apt,1,1,125,7,10,10,10,f,1
9143526,42829,577,42252,Australia,Entire home/apt,1,1,150,0,,,,f,1
9668661,42829,495,42334,Australia,Private room,1,1,110,2,,,,f,1
11110749,42829,913,41916,Australia,Entire home/apt,1,1,155,7,10,9,9,f,1
16616031,42829,316,42513,Australia,Private room,1,1,79,0,,,,f,1
1084573,42829,1448,41381,Australia,Private room,1,1,74,35,9,10,9,f,1
11308681,42829,1077,41752,Australia,Entire home/apt,2,3,501,0,,,,f,1
1610045,42829,1424,41405,Australia,Private room,1.5,1,200,2,10,8,10,f,1
6603496,42829,676,42153,Australia,Entire home/apt,1,2,127,1,10,10,10,f,1
15241423,42829,189,42640,Australia,Private room,1,1,100,7,9,9,9,t,1
12292712,42829,362,42467,Australia,Entire home/apt,1,1,166,3,9,10,9,f,1
9413300,42829,573,42256,Australia,Entire home/apt,2,2,451,3,8,10,7,f,1
12685332,42829,1133,41696,Australia,Shared room,1,1,39,4,10,10,10,f,1
8228670,42829,577,42252,Australia,Entire home/apt,1,2,150,7,10,10,9,f,1
14258453,42829,657,42172,Australia,Entire home/apt,2,3,495,4,10,10,10,f,1
13210361,42829,410,42419,Australia,Entire home/apt,2,2,321,8,10,10,10,f,1
16291040,42829,589,42240,Australia,Private room,1,1,70,6,10,9,9,f,1
15635580,42829,192,42637,Australia,Private room,1,1,55,1,10,10,10,f,1
365806,42829,1858,40971,Australia,Private room,1,1,91,4,9,10,9,f,1
14265898,42829,548,42281,Australia,Entire home/apt,2,2,330,1,10,10,10,f,1
10327459,42829,2472,40357,Australia,Entire home/apt,1,0,129,0,,,,t,1
10884940,42829,433,42396,Australia,Private room,0,1,99,2,9,10,10,f,1
16357554,42829,112,42717,Australia,Entire home/apt,1,2,169,4,10,10,10,f,1
14129273,42829,1736,41093,Australia,Entire home/apt,1,2,180,19,10,9,9,f,1
6526567,42829,901,41928,Australia,Entire home/apt,1,0,105,5,8,10,9,f,1
15243396,42829,962,41867,Australia,Entire home/apt,1,2,160,3,10,9,9,f,1
7052345,42829,897,41932,Australia,Entire home/apt,1,1,120,1,10,10,10,f,1
13900863,42829,1051,41778,Australia,Entire home/apt,1,1,158,1,10,6,10,f,1
17177984,42829,635,42194,Australia,Entire home/apt,1,0,125,2,9,9,8,f,1
16358788,42829,112,42717,Australia,Private room,1,1,95,0,,,,f,1
4626857,42829,1178,41651,Australia,Entire home/apt,1,1,139,30,9,10,10,f,1
8230793,42829,577,42252,Australia,Entire home/apt,1,1,75,1,10,10,10,f,1
5687290,42829,1967,40862,Australia,Entire home/apt,2,2,340,6,9,10,10,f,1
1933016,42830,1266,41564,Australia,Private room,1,1,110,6,9,10,10,f,1
4881124,42830,2221,40609,Australia,Entire home/apt,1,2,125,0,,,,f,1
7076366,42830,645,42185,Australia,Entire home/apt,1,1,55,2,10,10,10,f,1
13007942,42830,1036,41794,Australia,Entire home/apt,2,3,315,1,8,10,8,f,1
9697125,42830,721,42109,Australia,Entire home/apt,1,1,250,1,,,,f,1
7010991,42830,654,42176,Australia,Entire home/apt,1.5,1,394,0,,,,f,1
9566044,42830,1089,41741,Australia,Entire home/apt,1,2,147,2,9,8,9,f,1
11499342,42830,604,42226,Australia,Entire home/apt,1,2,150,2,9,10,10,f,1
2749561,42830,1357,41473,Australia,Private room,1,1,130,8,10,10,10,f,1
14284927,42830,432,42398,Australia,Entire home/apt,1,0,100,0,,,,f,1
12974190,42830,823,42007,Australia,Private room,1,1,75,0,,,,f,1
7500661,42830,623,42207,Australia,Entire home/apt,3,4,300,40,10,10,10,f,1
15693293,42830,994,41836,Australia,Entire home/apt,1,2,300,0,,,,f,1
15791494,42830,900,41930,Australia,Entire home/apt,1,1,141,1,10,10,10,f,1
9695709,42830,500,42330,Australia,Entire home/apt,1,2,145,0,,,,f,1
16740588,42830,2278,40552,Australia,Entire home/apt,1,0,127,7,9,10,10,f,1
16871522,42830,297,42533,Australia,Entire home/apt,1.5,1,200,1,10,10,10,f,1
8024006,42830,733,42097,Australia,Private room,1.5,1,80,1,10,10,10,f,1
15527772,42830,696,42134,Australia,Private room,1,1,117,12,10,10,10,f,1
15101777,42830,1284,41546,Australia,Entire home/apt,1,0,70,2,10,10,9,f,1
16707293,42830,86,42744,Australia,Entire home/apt,2,2,187,11,9,10,10,f,1
9698370,42830,494,42336,Australia,Entire home/apt,1,1,155,3,10,10,10,f,1
4811083,42830,1116,41714,Australia,Entire home/apt,1.5,2,300,2,8,10,9,f,1
3796402,42830,974,41856,Australia,Entire home/apt,1,1,125,42,9,9,9,t,1
17591758,42830,976,41854,Australia,Entire home/apt,1,1,150,0,,,,t,1
14937473,42830,1052,41778,Australia,Entire home/apt,1,1,152,2,8,10,10,f,1
14935941,42830,1052,41778,Australia,Entire home/apt,2,3,322,0,,,,f,1
11462616,42830,406,42424,Australia,Entire home/apt,2,2,233,2,10,10,10,f,1
14411696,42830,979,41851,Australia,Entire home/apt,1.5,2,349,10,10,10,9,f,1
10022418,42830,969,41861,Australia,Entire home/apt,1,1,150,0,,,,f,1
10283709,42830,508,42322,Australia,Private room,1,1,70,0,,,,f,1
15167147,42830,403,42427,Australia,Entire home/apt,1,1,160,13,10,10,10,f,1
15722679,42830,1031,41799,Australia,Entire home/apt,1,2,175,0,,,,f,1
9201822,42830,598,42232,Australia,Entire home/apt,3,4,451,1,10,10,10,f,1
10074973,42829,473,42356,Australia,Private room,1,1,88,2,10,8,10,f,1
14934816,42829,1051,41778,Australia,Entire home/apt,1,2,177,3,9,10,9,f,1
4776729,42829,848,41981,Australia,Entire home/apt,1,1,141,0,,,,f,1
16442813,42829,1827,41002,Australia,Entire home/apt,1,2,180,3,9,10,10,f,1
5366046,42829,1309,41520,Australia,Entire home/apt,1,1,91,16,9,10,10,f,1
17948895,42829,316,42513,Australia,Entire home/apt,1,0,110,0,,,,t,1
14934569,42829,612,42217,Australia,Private room,2,2,95,17,10,10,10,f,1
13032791,42829,324,42505,Australia,Entire home/apt,2,3,395,2,10,10,10,f,1
13032290,42829,791,42038,Australia,Entire home/apt,1,1,97,0,,,,f,1
8575021,42829,556,42273,Australia,Private room,1.5,1,55,12,10,9,10,t,1
10003435,42829,792,42037,Australia,Entire home/apt,1,2,349,1,10,10,10,f,1
14918604,42829,1051,41778,Australia,Entire home/apt,1,2,218,1,10,10,10,f,1
8639646,42829,1113,41716,Australia,Entire home/apt,1,0,135,25,10,10,10,f,1
17684392,42829,331,42498,Australia,Entire home/apt,1,0,120,3,,,,f,1
11326082,42829,748,42081,Australia,Private room,1,1,120,13,9,10,10,f,1
16588093,42829,821,42008,Australia,Entire home/apt,1,1,177,9,10,10,10,f,1
8835633,42829,1525,41304,Australia,Private room,1,1,75,16,10,10,10,f,1
14406184,42829,708,42121,Australia,Private room,1,1,110,4,10,10,10,f,1
3265062,42829,1073,41756,Australia,Entire home/apt,1,1,158,1,10,6,6,f,1
14733796,42829,1051,41778,Australia,Entire home/apt,1,1,148,0,,,,f,1
17813953,42829,180,42649,Australia,Private room,1,1,84,0,,,,f,1
12439673,42829,602,42227,Australia,Entire home/apt,2,2,900,0,,,,f,1
9097208,42829,1035,41794,Australia,Entire home/apt,2,4,991,0,,,,f,1
16830319,42829,77,42752,Australia,Entire home/apt,1,1,150,10,10,10,10,t,1
8311326,42829,1156,41673,Australia,Entire home/apt,2.5,3,639,7,10,10,8,f,1
10735304,42829,1130,41699,Australia,Entire home/apt,1,2,225,43,8,10,9,f,1
13225682,42829,1659,41170,Australia,Entire home/apt,1,2,250,7,10,10,9,f,1
17026647,42829,63,42766,Australia,Entire home/apt,2,2,390,2,10,10,10,t,1
10210572,42829,464,42365,Australia,Private room,1,2,300,0,,,,t,1
17256643,42829,50,42779,Australia,Private room,1,1,100,0,,,,f,1
8572187,42829,674,42155,Australia,Private room,1,1,88,55,10,10,10,f,1
249100,42829,1995,40834,Australia,Private room,1,1,91,54,10,10,10,f,1
6442263,42829,1581,41248,Australia,Entire home/apt,1,1,156,0,,,,f,1
6442235,42829,1581,41248,Australia,Entire home/apt,1,0,120,0,,,,f,1
4246719,42829,1014,41815,Australia,Private room,1,1,143,97,10,10,10,f,1
15846501,42829,538,42291,Australia,Entire home/apt,2,2,210,3,9,9,9,t,1
5491790,42829,907,41922,Australia,Private room,1,1,80,7,9,9,9,f,1
3853379,42829,966,41863,Australia,Entire home/apt,1,2,185,14,10,10,10,f,1
5033001,42829,890,41939,Australia,Entire home/apt,1,2,150,1,10,10,8,f,1
15453136,42829,940,41889,Australia,Entire home/apt,2,3,280,24,7,10,8,f,1
11848580,42829,743,42086,Australia,Private room,1.5,1,300,3,10,10,9,f,1
4377332,42829,1493,41336,Australia,Entire home/apt,1,1,110,8,9,10,9,f,1
5950823,42829,2008,40821,Australia,Private room,1,1,24,7,6,9,7,f,1
5031162,42829,1518,41311,Australia,Entire home/apt,1,1,150,0,,,,f,1
11977972,42829,378,42451,Australia,Entire home/apt,1,2,139,5,10,10,10,f,1
10274003,42829,518,42311,Australia,Entire home/apt,1,1,145,28,10,10,10,f,1
13300371,42829,324,42505,Australia,Entire home/apt,1,2,395,0,,,,f,1
12567719,42829,1493,41336,Australia,Entire home/apt,1,1,160,21,10,10,10,f,1
9716837,42829,526,42303,Australia,Entire home/apt,1,2,349,4,9,10,9,f,1
8569952,42829,1154,41675,Australia,Private room,1,1,75,28,10,10,10,f,1
4834355,42829,840,41989,Australia,Entire home/apt,1,2,100,1,,,,f,1
8866791,42829,1140,41689,Australia,Entire home/apt,2.5,3,349,1,10,10,10,f,1
17253233,42829,50,42779,Australia,Private room,1,1,130,6,9,10,10,f,1
13943545,42829,652,42177,Australia,Entire home/apt,1.5,3,275,16,10,9,9,t,1
5980875,42829,1581,41248,Australia,Entire home/apt,1,1,172,5,8,10,10,f,1
7392024,42829,627,42202,Australia,Entire home/apt,1,2,189,1,,,,f,1
4440750,42829,1035,41794,Australia,Entire home/apt,2,3,371,2,10,10,8,t,1
14076297,42829,260,42569,Australia,Entire home/apt,1,0,11999,3,10,10,10,f,1
15223166,42829,586,42243,Australia,Entire home/apt,2,3,349,2,7,9,9,t,1
9866242,42829,484,42345,Australia,Private room,1,1,85,28,9,10,10,f,1
9947122,42829,479,42350,Australia,Entire home/apt,1,1,110,1,10,8,8,f,1
14076545,42829,1793,41036,Australia,Entire home/apt,1,1,130,0,,,,f,1
15387246,42829,924,41905,Australia,Entire home/apt,1,1,180,3,10,10,10,f,1
17221483,42829,52,42777,Australia,Private room,1,1,80,3,6,8,2,t,1
4114280,42829,1363,41466,Australia,Entire home/apt,1,0,110,46,8,9,9,f,1
3458838,42829,1009,41820,Australia,Private room,1,1,131,0,,,,f,1
4441842,42829,1137,41692,Australia,Entire home/apt,2.5,3,349,4,9,10,9,f,1
17386419,42829,42,42787,Australia,Private room,1,1,50,0,,,,t,1
17810948,42829,1777,41052,Australia,Entire home/apt,1,2,330,0,,,,f,1
9094581,42829,527,42302,Australia,Entire home/apt,3,4,700,1,10,8,8,f,1
2278813,42829,1165,41664,Australia,Entire home/apt,1,1,130,52,10,10,9,t,1
17352058,42829,1037,41792,Australia,Private room,1,1,58,1,10,10,8,t,1
4834673,42829,840,41989,Australia,Private room,1,1,91,0,,,,f,1
15037868,42829,558,42271,Australia,Entire home/apt,2,2,410,22,10,10,10,t,1
4505992,42829,881,41948,Australia,Private room,1,1,60,51,8,10,9,t,1
13366656,42829,338,42491,Australia,Shared room,1,1,32,18,9,10,10,f,1
15515733,42829,695,42134,Australia,Entire home/apt,1,2,204,23,9,10,9,f,1
11517984,42829,1178,41651,Australia,Entire home/apt,1,1,166,26,10,10,9,f,1
5029911,42829,1518,41311,Australia,Entire home/apt,2,2,225,6,9,10,9,f,1
8241169,42829,975,41854,Australia,Entire home/apt,1,0,120,2,9,10,10,f,1
17211383,42829,1414,41415,Australia,Entire home/apt,1,1,99,0,,,,f,1
966602,42829,1495,41334,Australia,Private room,1,1,95,13,9,10,9,f,1
16104931,42829,684,42145,Australia,Entire home/apt,1,2,244,2,7,10,9,t,1
16137680,42829,149,42680,Australia,Entire home/apt,1,2,288,16,9,10,9,t,1
10373695,42829,455,42374,Australia,Entire home/apt,1,2,139,2,6,10,9,f,1
16654200,42829,88,42741,Australia,Private room,1.5,1,56,1,10,10,10,t,1
8371398,42829,888,41941,Australia,Entire home/apt,1,2,244,0,,,,t,1
17735533,42829,427,42402,Australia,Entire home/apt,1,1,120,0,,,,t,1
9354998,42829,830,41999,Australia,Private room,1,1,60,8,10,10,9,f,1
6340297,42829,883,41946,Australia,Entire home/apt,2.5,5,321,0,,,,f,1
15121108,42829,822,42007,Australia,Entire home/apt,1,1,70,1,10,10,10,f,1
17480363,42829,1415,41414,Australia,Entire home/apt,1,1,120,0,,,,f,1
14268988,42829,296,42533,Australia,Private room,1,1,80,8,10,10,10,f,1
17033401,42829,1030,41799,Australia,Private room,1,1,39,1,10,10,10,f,1
2532375,42829,1171,41658,Australia,Private room,2.5,1,70,52,10,10,9,t,1
15758371,42829,156,42673,Australia,Entire home/apt,2,2,197,4,10,10,9,t,1
9411687,42829,510,42319,Australia,Entire home/apt,1,1,88,0,,,,f,1
13023418,42829,1379,41450,Australia,Entire home/apt,1,2,159,4,10,10,10,f,1
7518331,42829,658,42171,Australia,Entire home/apt,1,1,275,0,,,,f,1
10074227,42829,540,42289,Australia,Entire home/apt,1,1,169,0,,,,f,1
8632412,42829,726,42103,Australia,Private room,1,1,110,0,,,,f,1
2210597,42829,1237,41592,Australia,Private room,0.5,1,64,62,9,10,10,f,1
7584512,42829,621,42208,Australia,Entire home/apt,1,1,250,0,,,,f,1
7518209,42829,658,42171,Australia,Entire home/apt,1,1,169,0,,,,f,1
6731253,42829,787,42042,Australia,Private room,1,1,50,1,10,10,10,t,1
6337820,42829,1617,41212,Australia,Entire home/apt,1,1,141,21,10,10,10,f,1
12481407,42829,824,42005,Australia,Private room,1,1,87,51,10,10,9,t,1
17609927,42829,282,42547,Australia,Entire home/apt,1.5,1,166,1,10,10,10,f,1
14906229,42829,341,42488,Australia,Private room,1,1,79,6,10,9,10,f,1
14660731,42829,226,42603,Australia,Private room,1,1,89,5,10,10,10,f,1
17347562,42829,378,42451,Australia,Entire home/apt,1,2,250,0,,,,f,1
7518027,42829,658,42171,Australia,Entire home/apt,1,1,169,0,,,,f,1
16070438,42829,602,42227,Australia,Private room,1,1,80,1,6,8,8,f,1
6993705,42829,734,42095,Australia,Entire home/apt,3,4,1600,1,10,10,10,f,1
16234237,42829,1456,41373,Australia,Entire home/apt,1,2,152,26,10,10,10,f,1
6010455,42829,1420,41409,Australia,Entire home/apt,1,1,288,2,9,9,9,f,1
2274094,42829,1674,41155,Australia,Private room,1,1,80,44,10,10,10,f,1
11776378,42829,757,42072,Australia,Shared room,1,1,33,0,,,,f,1
11579614,42829,1186,41643,Australia,Entire home/apt,1,2,240,43,10,10,10,f,1
9482477,42829,1784,41045,Australia,Private room,2,1,92,3,10,10,10,f,1
9615315,42829,1397,41432,Australia,Private room,1,1,200,0,,,,f,1
12857453,42829,904,41925,Australia,Private room,2,1,70,0,,,,f,1
9613095,42829,498,42331,Australia,Entire home/apt,1,0,148,61,10,9,9,f,1
16166675,42829,657,42172,Australia,Private room,1,1,55,1,10,10,10,f,1
9416414,42829,509,42320,Australia,Private room,1,1,80,42,10,10,10,t,1
16100938,42829,1910,40919,Australia,Entire home/apt,1,1,250,1,6,8,8,t,1
16232941,42829,1622,41207,Australia,Entire home/apt,1,1,146,7,9,9,10,f,1
5031784,42829,1415,41414,Australia,Entire home/apt,1,1,71,0,,,,f,1
16165497,42829,145,42684,Australia,Private room,1,1,70,3,10,9,9,f,1
16260199,42829,120,42709,Australia,Private room,1,1,85,1,6,8,,f,1
16230973,42829,1424,41405,Australia,Private room,1,1,116,11,10,9,10,f,1
7369141,42829,1827,41002,Australia,Entire home/apt,1,3,300,3,10,10,10,f,1
7842194,42829,601,42228,Australia,Entire home/apt,1,1,100,0,,,,f,1
11181299,42829,419,42410,Australia,Entire home/apt,1,2,130,7,9,9,10,f,1
15904163,42829,1051,41778,Australia,Entire home/apt,1,0,127,1,10,10,8,f,1
15904103,42829,146,42683,Australia,Private room,1,1,70,2,10,10,10,f,1
2075976,42829,1208,41621,Australia,Entire home/apt,3.5,3,395,3,10,10,10,f,1
11645483,42829,394,42435,Australia,Entire home/apt,2,2,120,15,10,10,10,f,1
15706167,42829,316,42513,Australia,Private room,1.5,1,95,1,,,,f,1
11126443,42829,870,41959,Australia,Private room,1,1,50,2,8,10,10,t,1
17345313,42829,1037,41792,Australia,Private room,1,1,70,3,9,10,10,t,1
9284342,42829,936,41893,Australia,Private room,1,1,120,2,10,10,10,f,1
17935058,42829,7,42822,Australia,Private room,1,1,50,0,,,,t,1
14657142,42829,1748,41081,Australia,Entire home/apt,1,1,60,2,10,9,10,t,1
7581942,42829,617,42212,Australia,Entire home/apt,1,2,200,9,10,10,10,f,1
9283919,42829,1151,41678,Australia,Entire home/apt,1,2,289,0,,,,f,1
17672445,42829,687,42142,Australia,Entire home/apt,1,2,120,0,,,,f,1
15901863,42829,1051,41778,Australia,Entire home/apt,1,1,138,0,,,,f,1
4760731,42829,849,41980,Australia,Entire home/apt,1,2,200,0,,,,f,1
6661096,42829,672,42157,Australia,Private room,1,1,63,13,10,10,10,f,1
1353509,42829,1366,41463,Australia,Entire home/apt,1,2,150,21,10,10,10,f,1
7980679,42829,592,42237,Australia,Private room,1,1,91,1,10,10,8,f,1
16033456,42829,1280,41549,Australia,Entire home/apt,1,1,175,0,,,,t,1
16622911,42829,1063,41766,Australia,Private room,1,1,75,2,10,10,10,f,1
894233,42829,1536,41293,Australia,Entire home/apt,1,1,999,36,8,9,8,f,1
16369198,42829,1051,41778,Australia,Entire home/apt,2,3,196,1,6,8,8,f,1
17211891,42829,1375,41454,Australia,Private room,1,1,91,2,7,9,9,t,1
17967489,42829,285,42544,Australia,Entire home/apt,1,1,130,0,,,,t,1
9347450,42829,513,42316,Australia,Entire home/apt,2,2,374,1,6,10,8,f,1
15713677,42829,887,41942,Australia,Entire home/apt,1,1,150,9,10,10,10,t,1
14917945,42829,1051,41778,Australia,Entire home/apt,1,2,204,0,,,,f,1
4432142,42829,890,41939,Australia,Private room,1,1,75,7,10,10,10,f,1
13738851,42829,2008,40821,Australia,Private room,1,1,28,4,5,7,6,t,1
3186827,42829,1356,41473,Australia,Private room,1,1,130,26,10,10,10,f,1
859525,42829,1619,41210,Australia,Private room,2,1,81,45,9,10,10,f,1
9117073,42829,744,42085,Australia,Entire home/apt,1,2,133,10,10,10,9,f,1
17275708,42829,652,42177,Australia,Entire home/apt,1,1,141,2,10,10,10,f,1
15669957,42829,161,42668,Australia,Entire home/apt,1,1,451,0,,,,t,1
15648071,42829,1997,40832,Australia,Entire home/apt,1,1,300,2,9,9,9,f,1
4693852,42829,858,41971,Australia,Entire home/apt,1.5,3,374,26,9,10,9,f,1
16948969,42829,1118,41711,Australia,Entire home/apt,1,1,106,7,9,10,9,t,1
4431401,42829,1995,40834,Australia,Private room,2,1,95,70,10,10,10,t,1
14391895,42829,760,42069,Australia,Private room,1,1,120,2,10,10,10,f,1
1742858,42829,1281,41548,Australia,Entire home/apt,1,2,180,31,8,9,9,f,1
8613847,42829,1846,40983,Australia,Entire home/apt,1,1,200,57,9,10,10,f,1
2858754,42829,1077,41752,Australia,Entire home/apt,1,2,250,1,10,10,10,f,1
16292900,42829,139,42690,Australia,Private room,1,1,125,1,10,10,10,f,1
16456668,42829,397,42432,Australia,Private room,1,1,85,12,10,10,10,f,1
17144798,42829,372,42457,Australia,Private room,1,1,210,0,,,,f,1
1873564,42829,1257,41572,Australia,Entire home/apt,2,2,225,12,10,10,9,f,1
13605295,42829,289,42540,Australia,Entire home/apt,1,1,80,1,8,10,10,t,1
17996152,42829,1460,41369,Australia,Entire home/apt,1,1,160,0,,,,t,1
1808700,42829,1293,41536,Australia,Entire home/apt,1,2,560,157,9,10,9,f,1
5675363,42829,1502,41327,Australia,Entire home/apt,1,0,85,15,9,10,9,f,1
9869601,42829,770,42059,Australia,Private room,1,1,38,8,10,10,10,f,1
8820073,42829,622,42207,Australia,Entire home/apt,1,1,130,29,9,10,9,f,1
38073,42829,2557,40272,Australia,Entire home/apt,1,1,159,61,10,9,9,f,1
14456774,42829,1617,41212,Australia,Entire home/apt,1,1,127,25,10,10,10,f,1
16290138,42829,118,42711,Australia,Private room,1,1,59,0,,,,t,1
16184879,42829,125,42704,Australia,Shared room,1,1,26,1,8,10,8,f,1
12685617,42829,1133,41696,Australia,Private room,1,1,120,15,10,10,9,f,1
6328296,42829,697,42132,Australia,Private room,1,1,159,15,9,10,10,f,1
5739501,42829,898,41931,Australia,Entire home/apt,2,2,219,3,9,10,10,f,1
17337514,42829,338,42491,Australia,Entire home/apt,1,1,125,1,10,10,10,f,1
5739525,42829,744,42085,Australia,Private room,1,1,120,0,,,,f,1
15667451,42829,1054,41775,Australia,Entire home/apt,1,2,300,0,,,,f,1
10062438,42829,1272,41557,Australia,Entire home/apt,1,0,150,2,10,9,9,f,1
16354814,42829,112,42717,Australia,Private room,2,1,85,2,10,10,10,t,1
10456579,42829,452,42377,Australia,Entire home/apt,1,0,70,0,,,,f,1
9799998,42829,487,42342,Australia,Entire home/apt,1,0,64,0,,,,f,1
15894826,42829,1182,41647,Australia,Private room,1,1,55,0,,,,f,1
15763540,42829,978,41851,Australia,Entire home/apt,1,2,235,7,10,10,10,f,1
7826444,42829,734,42095,Australia,Private room,1,1,800,0,,,,f,1
15763461,42829,665,42164,Australia,Entire home/apt,1,1,130,0,,,,t,1
13929240,42829,759,42070,Australia,Private room,1,1,66,28,9,10,10,f,1
5539544,42829,1738,41091,Australia,Private room,1,1,80,3,9,10,10,f,1
3639573,42829,1332,41497,Australia,Entire home/apt,1,2,230,19,10,10,9,f,1
9077930,42829,528,42301,Australia,Entire home/apt,1,1,360,9,10,10,9,f,1
6718556,42829,667,42162,Australia,Entire home/apt,1,2,300,9,9,10,9,f,1
5014544,42829,1518,41311,Australia,Entire home/apt,2,2,215,4,10,10,10,f,1
17269551,42829,1051,41778,Australia,Entire home/apt,1,1,153,0,,,,f,1
8160593,42829,42829,,Australia,Entire home/apt,1,2,176,109,10,9,10,t,1
9012131,42829,957,41872,Australia,Entire home/apt,2.5,4,901,0,,,,f,1
17333122,42829,1193,41636,Australia,Entire home/apt,1,1,130,6,10,10,9,f,1
6978357,42829,759,42070,Australia,Entire home/apt,1,1,176,1,10,10,10,f,1
17623578,42829,458,42371,Australia,Entire home/apt,1,1,121,0,,,,t,1
15890138,42829,400,42429,Australia,Private room,1,1,50,1,8,10,10,f,1
8615620,42829,42829,,Australia,Private room,1,1,110,19,10,10,10,f,1
9796844,42829,488,42341,Australia,Entire home/apt,1,1,100,15,10,10,9,f,1
3897835,42829,1211,41618,Australia,Entire home/apt,2,3,600,3,10,9,9,f,1
8615476,42829,554,42275,Australia,Entire home/apt,1,2,128,4,10,9,10,f,1
2256516,42829,1169,41660,Australia,Entire home/apt,1,1,250,75,10,10,9,f,1
9464642,42828,1617,41211,Australia,Entire home/apt,1,1,121,12,10,10,10,f,1
14903207,42828,1050,41778,Australia,Entire home/apt,2,2,163,0,,,,f,1
9332510,42828,2452,40376,Australia,Private room,2,1,69,17,8,9,10,f,1
16279053,42828,837,41991,Australia,Entire home/apt,1,2,106,3,9,10,10,t,1
14640514,42828,471,42357,Australia,Entire home/apt,1,1,94,1,10,10,8,f,1
14902267,42828,1050,41778,Australia,Entire home/apt,1,1,138,1,8,8,8,f,1
14902801,42828,1050,41778,Australia,Entire home/apt,1,2,193,3,9,10,10,f,1
12314016,42828,863,41965,Australia,Entire home/apt,1,1,149,0,,,,f,1
388168,42828,1843,40985,Australia,Private room,1,1,62,46,10,10,10,f,1
2711420,42828,1095,41733,Australia,Private room,2,1,300,0,,,,f,1
17319452,42828,1039,41789,Australia,Private room,1,1,69,0,,,,f,1
14310862,42828,847,41981,Australia,Entire home/apt,1,1,90,1,8,10,10,t,1
14900466,42828,1050,41778,Australia,Entire home/apt,1,0,122,5,10,9,10,f,1
6350028,42828,1412,41416,Australia,Private room,1,1,48,4,7,10,9,f,1
12410009,42828,355,42473,Australia,Shared room,1,1,85,0,,,,f,1
11555845,42828,1064,41764,Australia,Entire home/apt,1,3,176,1,10,10,10,f,1
3158500,42828,1517,41311,Australia,Entire home/apt,1,1,135,8,10,9,9,f,1
16797838,42828,249,42579,Australia,Entire home/apt,1,0,109,3,9,10,10,t,1
5197944,42828,795,42033,Australia,Private room,1,1,79,1,8,10,8,f,1
6443073,42828,1580,41248,Australia,Entire home/apt,2,3,227,1,,,,f,1
4673530,42828,859,41969,Australia,Entire home/apt,2,1,325,46,10,10,10,f,1
2838446,42828,1079,41749,Australia,Entire home/apt,1,1,450,1,10,10,10,f,1
7622929,42828,614,42214,Australia,Private room,1,1,69,0,,,,f,1
15946071,42828,141,42687,Australia,Entire home/apt,2,2,210,11,9,10,10,t,1
13451736,42828,638,42190,Australia,Private room,1,1,89,24,10,10,10,f,1
11551400,42828,714,42114,Australia,Entire home/apt,1,1,180,1,10,,,f,1
14125214,42828,1360,41468,Australia,Private room,1,1,69,0,,,,f,1
6938359,42828,660,42168,Australia,Private room,0,1,66,7,10,9,9,f,1
17575559,42828,382,42446,Australia,Entire home/apt,1,0,178,0,,,,f,1
10935467,42828,810,42018,Australia,Entire home/apt,3.5,4,450,45,9,10,10,f,1
17574843,42828,56,42772,Australia,Entire home/apt,1,0,94,0,,,,t,1
16197996,42828,619,42209,Australia,Entire home/apt,1.5,2,510,1,8,10,10,f,1
16263903,42828,624,42204,Australia,Entire home/apt,1,2,210,1,10,10,10,t,1
15148251,42828,880,41948,Australia,Private room,1,1,50,27,8,9,10,t,1
16524132,42828,1422,41406,Australia,Entire home/apt,1,1,128,21,9,10,9,f,1
15017475,42828,203,42625,Australia,Entire home/apt,1.5,2,160,11,9,9,7,f,1
16261748,42828,124,42704,Australia,Private room,2,1,121,1,10,10,10,t,1
10297882,42828,2114,40714,Australia,Private room,1.5,1,66,7,10,10,10,f,1
14491737,42828,1050,41778,Australia,Entire home/apt,1,2,235,1,10,10,10,f,1
12919790,42828,912,41916,Australia,Entire home/apt,1,1,250,0,,,,f,1
4988708,42828,1089,41739,Australia,Entire home/apt,1.5,2,220,1,8,8,8,f,1
17178020,42828,634,42194,Australia,Entire home/apt,1,1,125,0,,,,f,1
1857367,42828,1486,41342,Australia,Private room,0.5,1,85,26,9,10,10,f,1
15483398,42828,322,42506,Australia,Entire home/apt,1,1,121,12,10,9,10,f,1
13834428,42828,273,42555,Australia,Private room,1,1,55,1,4,10,8,t,1
17308554,42828,340,42488,Australia,Private room,1,1,80,0,,,,f,1
15473476,42828,749,42079,Australia,Entire home/apt,1,2,135,2,10,9,9,f,1
16458273,42828,111,42717,Australia,Private room,1,1,125,0,,,,f,1
14096373,42828,409,42419,Australia,Private room,1,1,149,3,10,10,10,f,1
17321820,42828,468,42360,Australia,Entire home/apt,1,1,180,5,10,10,9,f,1
5445574,42828,1097,41731,Australia,Entire home/apt,1,1,143,13,9,10,10,f,1
10865594,42828,432,42396,Australia,Private room,2,1,56,1,10,10,10,f,1
13962753,42828,1050,41778,Australia,Entire home/apt,2,2,246,1,10,10,10,f,1
6925561,42828,1540,41288,Australia,Entire home/apt,2.5,3,679,2,10,10,10,f,1
7963207,42828,619,42209,Australia,Entire home/apt,1,3,250,1,6,10,10,f,1
10949144,42828,552,42276,Australia,Entire home/apt,1,1,100,20,9,10,10,f,1
6926647,42828,994,41834,Australia,Private room,1,1,62,2,9,9,9,f,1
17174899,42828,1460,41368,Australia,Entire home/apt,1.5,2,201,0,,,,f,1
8196380,42828,980,41848,Australia,Private room,1,1,94,8,10,10,10,f,1
9441522,42828,724,42104,Australia,Entire home/apt,1,1,100,0,,,,f,1
17109227,42828,1276,41552,Australia,Entire home/apt,1,1,135,3,9,10,9,t,1
17502189,42828,705,42123,Australia,Private room,1,1,80,0,,,,t,1
9049326,42828,529,42299,Australia,Entire home/apt,1,1,299,5,7,10,7,f,1
12784852,42828,511,42317,Australia,Entire home/apt,1,1,79,0,,,,t,1
11932836,42828,1124,41704,Australia,Private room,1,1,52,1,10,10,10,f,1
1446668,42828,2005,40823,Australia,Private room,1,1,100,131,10,10,10,t,1
11212106,42828,907,41921,Australia,Private room,2,1,94,17,9,10,9,f,1
8979994,42828,532,42296,Australia,Entire home/apt,1,0,128,14,10,10,10,f,1
14747108,42828,1050,41778,Australia,Entire home/apt,1,1,145,3,10,9,9,f,1
16844148,42828,75,42753,Australia,Entire home/apt,1,1,225,1,10,10,8,t,1
9569297,42828,1018,41810,Australia,Entire home/apt,1,1,499,1,10,10,10,t,1
4680982,42828,1517,41311,Australia,Entire home/apt,1,1,125,2,8,10,7,f,1
14746588,42828,1363,41465,Australia,Entire home/apt,5,6,1144,0,,,,t,1
1169717,42828,1419,41409,Australia,Private room,1,1,152,193,10,10,10,t,1
16416979,42828,1480,41348,Australia,Private room,0.5,1,69,0,,,,f,1
8979659,42828,1709,41119,Australia,Entire home/apt,2,2,551,5,10,10,9,f,1
14156273,42828,253,42575,Australia,Entire home/apt,4,4,1400,11,9,10,9,f,1
3736038,42828,979,41849,Australia,Entire home/apt,2,2,130,1,8,10,8,f,1
1704411,42828,1742,41086,Australia,Private room,1,1,80,11,9,8,9,f,1
9699690,42828,491,42337,Australia,Entire home/apt,2,3,270,0,,,,f,1
15008521,42828,204,42624,Australia,Private room,1,1,60,0,,,,f,1
251349,42828,1589,41239,Australia,Private room,1,1,90,20,10,10,10,f,1
8257820,42828,574,42254,Australia,Entire home/apt,1,0,149,12,9,10,10,f,1
17629225,42828,28,42800,Australia,Entire home/apt,2,2,149,0,,,,t,1
9437279,42828,507,42321,Australia,Entire home/apt,1,2,700,0,,,,f,1
10530685,42829,922,41907,Australia,Entire home/apt,1,2,150,7,9,10,10,f,1
16443773,42830,106,42724,Australia,Private room,2.5,1,35,0,,,,f,1
15516329,42829,601,42228,Australia,Private room,1,1,39,0,,,,f,1
9821785,42829,575,42254,Australia,Private room,1,1,55,3,10,9,9,t,1
14861043,42829,224,42605,Australia,Private room,1,1,75,1,8,10,10,f,1
15398679,42830,181,42649,Australia,Entire home/apt,1,2,95,4,9,10,9,t,1
9698800,42830,494,42336,Australia,Entire home/apt,1,2,64,6,9,9,10,f,1
11263845,42829,414,42415,Australia,Private room,1,1,60,32,10,9,10,t,1
14678483,42830,226,42604,Australia,Private room,1.5,1,60,18,9,9,10,f,1
9222860,42829,1053,41776,Australia,Entire home/apt,2,4,296,5,9,8,8,f,1
16442703,42829,122,42707,Australia,Private room,1.5,1,55,4,10,10,10,f,1
4337047,42828,949,41879,Australia,Private room,1,1,50,6,8,9,9,f,1
16651448,42828,88,42740,Australia,Private room,1.5,1,85,4,6,7,7,t,1
17110613,42828,419,42409,Australia,Private room,1.5,1,35,4,8,9,10,t,1
9244621,42828,803,42025,Australia,Private room,1,1,50,0,,,,f,1
16794759,42828,78,42750,Australia,Private room,1.5,1,46,1,10,10,10,f,1
16137616,42828,127,42701,Australia,Private room,1.5,1,51,1,8,8,8,f,1
17382937,42828,43,42785,Australia,Shared room,1,1,25,2,10,10,10,t,1
7167932,42828,1052,41776,Australia,Entire home/apt,2.5,4,245,13,10,8,8,f,1
12749234,42828,2135,40693,Australia,Entire home/apt,2.5,4,149,23,10,10,10,f,1
10532346,42828,447,42381,Australia,Private room,1,1,45,44,10,9,10,t,1
13979014,42828,265,42563,Australia,Private room,1,1,50,4,10,10,10,f,1
4776488,42828,1151,41677,Australia,Private room,2,1,45,0,,,,f,1
12474251,42828,353,42475,Australia,Private room,1.5,1,60,18,9,9,9,f,1
8345493,42828,569,42259,Australia,Private room,1,1,60,12,10,9,10,t,1
14046504,42828,265,42563,Australia,Private room,1,1,30,10,10,9,10,f,1
14046086,42828,265,42563,Australia,Private room,1,1,41,19,10,9,10,f,1
16245700,42829,1053,41776,Australia,Entire home/apt,2.5,5,300,0,,,,f,1
10391965,42828,454,42374,Australia,Private room,1,1,75,0,,,,t,1
8347023,42828,569,42259,Australia,Private room,1,1,45,0,,,,t,1
15359517,42828,663,42165,Australia,Private room,1,1,41,19,9,9,10,t,1
17330797,42829,42829,,Australia,Private room,2.5,1,90,0,,,,t,1
16279062,42828,484,42344,Australia,Private room,1.5,1,42,7,9,8,9,t,1
5072599,42828,812,42016,Australia,Entire home/apt,1.5,5,495,0,,,,f,1
14970308,42829,224,42605,Australia,Entire home/apt,3,7,551,5,9,9,10,f,1
14236965,42829,348,42481,Australia,Private room,1,1,38,17,10,9,9,t,1
15429408,42829,177,42652,Australia,Private room,1.5,1,50,6,9,9,9,t,1
16152803,42829,127,42702,Australia,Private room,1,1,60,0,,,,f,1
8705091,42829,575,42254,Australia,Private room,1,1,55,1,10,10,10,t,1
16372877,42829,111,42718,Australia,Private room,2,3,141,0,,,,f,1
4576786,42829,1048,41781,Australia,Private room,3,1,50,0,,,,f,1
14391714,42829,266,42563,Australia,Private room,1,1,30,16,10,9,10,f,1
12179264,42829,367,42462,Australia,Private room,1,1,50,1,10,8,10,f,1
15694864,42829,950,41879,Australia,Private room,0.5,1,50,0,,,,t,1
15695079,42829,485,42344,Australia,Private room,1,1,41,15,10,10,10,t,1
8510628,42829,560,42269,Australia,Private room,1.5,1,59,13,9,8,10,f,1
7563931,42829,618,42211,Australia,Private room,2,1,41,0,,,,f,1
12747883,42829,341,42488,Australia,Private room,1,1,43,8,10,10,10,t,1
17995615,42829,4,42825,Australia,Private room,1.5,1,99,0,,,,t,1
15048117,42829,601,42228,Australia,Private room,1,1,39,1,10,10,10,f,1
17560191,42830,420,42410,Australia,Private room,1,1,80,1,,,,f,1
17387052,42829,48,42781,Australia,Private room,1,1,60,0,,,,t,1
7849150,42829,1156,41673,Australia,Private room,2,1,75,0,,,,f,1
14861182,42829,224,42605,Australia,Private room,1,1,75,0,,,,f,1
14655880,42829,1102,41727,Australia,Entire home/apt,1,2,210,0,,,,f,1
12634254,42829,345,42484,Australia,Private room,1,1,39,7,10,9,10,f,1
4769663,42829,2101,40728,Australia,Entire home/apt,1,1,70,40,10,10,10,f,1
10864475,42829,755,42074,Australia,Entire home/apt,1,3,60,1,8,6,6,f,1
12764913,42829,341,42488,Australia,Private room,1,1,70,13,10,10,10,t,1
5031561,42829,813,42016,Australia,Private room,1.5,1,120,0,,,,f,1
14861847,42829,224,42605,Australia,Private room,1,0,141,3,9,7,6,f,1
14861831,42829,224,42605,Australia,Private room,1,1,75,0,,,,f,1
15778193,42829,177,42652,Australia,Private room,1,1,50,3,10,9,9,t,1
15977110,42829,485,42344,Australia,Private room,1.5,1,42,11,9,9,10,t,1
3980480,42829,950,41879,Australia,Private room,1,1,50,2,8,8,10,f,1
17998557,42829,320,42509,Australia,Private room,1,1,50,0,,,,f,1
6791549,42829,1053,41776,Australia,Entire home/apt,3,5,275,14,10,9,9,f,1
7840563,42829,601,42228,Australia,Private room,2,1,39,6,10,9,10,f,1
14402738,42829,601,42228,Australia,Private room,1,1,39,4,10,8,10,f,1
14325503,42829,434,42395,Australia,Private room,1,1,30,30,10,9,10,f,1
14849739,42829,224,42605,Australia,Private room,0.5,0,95,1,10,10,10,f,1
9016480,42829,804,42025,Australia,Private room,0,1,39,1,10,8,10,f,1
14847568,42829,224,42605,Australia,Private room,1,1,80,3,8,10,10,f,1
14991593,42829,330,42499,Australia,Entire home/apt,2,2,138,28,10,10,10,t,1
15237903,42829,1053,41776,Australia,Entire home/apt,1,1,165,0,,,,f,1
8616577,42829,614,42215,Australia,Private room,2,1,30,3,10,7,7,f,1
16022118,42829,1053,41776,Australia,Entire home/apt,3,5,275,4,10,9,8,f,1
14848966,42829,224,42605,Australia,Private room,1,1,73,0,,,,f,1
5594009,42828,945,41883,Australia,Private room,1.5,1,68,35,10,9,10,t,1
10860967,42828,433,42395,Australia,Private room,1,1,41,31,10,9,10,f,1
17125112,42828,223,42605,Australia,Private room,1,1,121,0,,,,f,1
15667160,42828,160,42668,Australia,Private room,1,1,130,0,,,,t,1
16256745,42828,119,42709,Australia,Private room,1,1,51,2,10,10,10,f,1
16057052,42828,1052,41776,Australia,Entire home/apt,2.5,4,330,0,,,,f,1
16493262,42828,101,42727,Australia,Private room,1,1,35,0,,,,f,1
17017644,42829,63,42766,Australia,Private room,1.5,1,50,7,9,9,10,f,1
17615054,42829,409,42420,Australia,Private room,1,0,100,0,,,,t,1
6493726,42828,720,42108,Australia,Private room,,1,110,0,,,,f,1
10213436,42829,607,42222,Australia,Private room,1,1,46,1,10,8,8,f,1
7652225,42829,613,42216,Australia,Private room,1,1,50,2,9,10,9,f,1
16896816,42829,757,42072,Australia,Private room,1,1,45,5,10,8,10,t,1
13364212,42830,304,42526,Australia,Private room,1,1,38,10,8,8,8,f,1
6135415,42829,711,42118,Australia,Private room,1.5,1,70,6,9,10,9,f,1
16886688,42829,757,42072,Australia,Private room,1,2,60,9,9,8,9,f,1
15793622,42830,197,42633,Australia,Private room,1,1,39,15,9,9,9,f,1
11658403,42829,394,42435,Australia,Private room,1,1,150,0,,,,f,1
10212413,42830,1543,41287,Australia,Private room,1,1,150,0,,,,f,1
13299101,42830,316,42514,Australia,Private room,1,1,35,1,10,10,10,f,1
11701473,42829,394,42435,Australia,Private room,1,1,120,0,,,,f,1
13623082,42829,288,42541,Australia,Entire home/apt,1,1,110,85,10,10,10,f,1
8780717,42830,548,42282,Australia,Entire home/apt,1,2,175,14,10,9,9,f,1
5242264,42830,793,42037,Australia,Private room,1,1,130,0,,,,f,1
9868993,42829,1147,41682,Australia,Entire home/apt,1,2,166,0,,,,f,1
201698,42828,2056,40772,Australia,Entire home/apt,2.5,3,311,17,9,9,9,f,1
16578611,42830,97,42733,Australia,Entire home/apt,2,3,300,0,,,,t,1
17758171,42830,653,42177,Australia,Entire home/apt,1.5,3,200,0,,,,t,1
8707215,42829,712,42117,Australia,Entire home/apt,1,1,70,1,10,10,10,f,1
5044211,42829,818,42011,Australia,Entire home/apt,1,4,141,3,9,9,9,f,1
16032269,42829,880,41949,Australia,Entire home/apt,1,2,200,0,,,,t,1
13814723,42829,276,42553,Australia,Entire home/apt,2,3,99,0,,,,f,1
7654020,42829,1392,41437,Australia,Entire home/apt,1,3,175,4,9,10,10,f,1
16948799,42829,1053,41776,Australia,Entire home/apt,3,5,296,2,10,7,10,f,1
17039757,42828,254,42574,Australia,Private room,1,1,92,0,,,,f,1
4251098,42828,914,41914,Australia,Private room,2,1,66,53,10,9,10,f,1
7603994,42828,614,42214,Australia,Entire home/apt,2,4,400,3,10,10,9,f,1
12258292,42828,394,42434,Australia,Private room,1,1,55,28,10,10,10,f,1
16105185,42828,133,42695,Australia,Private room,1,1,63,1,10,8,10,f,1
16063121,42828,133,42695,Australia,Private room,1,1,56,11,10,9,10,f,1
13116707,42828,442,42386,Australia,Shared room,1,1,41,2,5,7,7,f,1
4526668,42828,2173,40655,Australia,Private room,2,1,50,64,10,9,9,t,1
17706908,42828,43,42785,Australia,Private room,2,2,35,2,8,9,9,f,1
13180450,42828,1180,41648,Australia,Private room,1.5,1,39,29,8,9,9,f,1
17438054,42828,288,42540,Australia,Entire home/apt,1,1,115,3,10,10,9,f,1
8923383,42828,536,42292,Australia,Entire home/apt,1,2,94,3,7,7,8,f,1
17571771,42828,93,42735,Australia,Shared room,1,1,50,0,,,,f,1
4797717,42828,845,41983,Australia,Private room,1,1,58,0,,,,f,1
13771084,42828,442,42386,Australia,Private room,1,1,35,0,,,,f,1
10298033,42828,546,42282,Australia,Private room,1,1,66,3,10,10,10,f,1
17108935,42828,1446,41382,Australia,Private room,1,1,100,1,10,10,10,t,1
17641210,42828,25,42803,Australia,Shared room,1.5,1,29,1,8,10,8,f,1
16521716,42828,1441,41387,Australia,Private room,1,1,28,0,,,,f,1
17895558,42828,275,42553,Australia,Entire home/apt,1.5,1,115,0,,,,t,1
16005970,42828,802,42026,Australia,Private room,2,1,50,5,10,8,10,f,1
9845622,42828,484,42344,Australia,Private room,1,1,50,38,10,9,10,f,1
16595984,42828,91,42737,Australia,Private room,1,1,80,0,,,,f,1
14092836,42828,1527,41301,Australia,Private room,2,1,45,2,10,10,9,f,1
9780677,42828,630,42198,Australia,Private room,1,1,239,0,,,,f,1
16531162,42828,110,42718,Australia,Private room,1,1,37,0,,,,f,1
9844316,42828,508,42320,Australia,Entire home/apt,3,4,350,0,,,,t,1
16005571,42828,395,42433,Australia,Shared room,1.5,1,25,5,8,8,8,f,1
7551548,42828,1359,41469,Australia,Entire home/apt,1,2,107,29,9,9,9,t,1
11618544,42828,395,42433,Australia,Private room,1.5,1,50,21,9,9,9,f,1
4867813,42828,835,41993,Australia,Private room,2,1,35,69,9,9,9,f,1
16209157,42828,237,42591,Australia,Entire home/apt,2,2,115,17,8,9,8,f,1
17847265,42828,52,42776,Australia,Entire home/apt,1,1,81,0,,,,t,1
14768474,42828,250,42578,Australia,Private room,1,1,50,2,10,10,10,f,1
2724534,42829,1094,41735,Australia,Private room,1,1,100,1,10,8,6,f,1
485831,42828,1781,41047,Australia,Entire home/apt,1,2,69,20,4,5,6,f,1
4897623,42828,2268,40560,Australia,Private room,1,1,47,6,10,10,10,f,1
14900671,42828,595,42233,Australia,Private room,1,1,35,24,8,9,9,t,1
1403812,42828,1441,41387,Australia,Entire home/apt,1,0,98,45,10,9,10,f,1
12601291,42828,358,42470,Australia,Private room,1.5,1,29,3,6,9,9,f,1
11560531,42828,1093,41735,Australia,Private room,2,1,30,2,10,8,10,f,1
11498333,42830,729,42101,Australia,Private room,1,1,80,0,,,,f,1
14970328,42829,215,42614,Australia,Private room,1,1,68,3,9,9,9,f,1
15453954,42829,214,42615,Australia,Private room,1,1,70,22,9,8,9,t,1
17988068,42829,687,42142,Australia,Entire home/apt,1,2,75,0,,,,t,1
16307160,42829,238,42591,Australia,Entire home/apt,2,2,145,14,8,10,9,f,1
16045025,42830,552,42278,Australia,Private room,2,1,60,1,,,,f,1
14865442,42829,224,42605,Australia,Private room,1,1,99,2,10,8,9,f,1
4510806,42829,2174,40655,Australia,Private room,2,1,50,64,10,9,9,t,1
17690264,42830,23,42807,Australia,Entire home/apt,2,2,177,0,,,,t,1
11326890,42829,420,42409,Australia,Entire home/apt,1,2,160,1,8,8,8,f,1
17946884,42829,6,42823,Australia,Private room,1.5,1,99,0,,,,t,1
16570649,42829,95,42734,Australia,Private room,1,1,100,1,10,10,10,t,1
5298479,42829,1380,41449,Australia,Private room,1.5,1,89,3,10,10,10,f,1
8313239,42829,572,42257,Australia,Private room,1,1,105,1,10,10,10,f,1
17331759,42829,1390,41439,Australia,Entire home/apt,2,3,122,0,,,,f,1
11895657,42829,382,42447,Australia,Private room,1,1,41,2,,10,10,f,1
16826555,42829,886,41943,Australia,Private room,1,1,100,0,,,,f,1
6590364,42829,677,42152,Australia,Private room,2,1,49,1,10,10,10,f,1
2724779,42829,1094,41735,Australia,Private room,1,1,100,0,,,,f,1
17079377,42829,79,42750,Australia,Private room,1,1,75,4,10,10,10,t,1
14954561,42829,224,42605,Australia,Entire home/apt,3,4,451,3,10,9,10,f,1
4911846,42830,837,41993,Australia,Private room,2,1,35,56,9,8,9,f,1
2140246,42830,1192,41638,Australia,Private room,1,1,80,0,,,,f,1
11758954,42830,690,42140,Australia,Private room,2,1,50,21,10,9,9,f,1
11660550,42830,923,41907,Australia,Private room,1,1,39,6,10,8,10,f,1
16738400,42830,1095,41735,Australia,Private room,1,1,32,3,9,8,9,t,1
3139472,42830,1095,41735,Australia,Private room,2,3,75,57,9,9,9,t,1
1370864,42830,1364,41466,Australia,Private room,1,1,116,0,,,,f,1
4318571,42829,905,41924,Australia,Entire home/apt,1,2,85,1,8,8,10,f,1
17671777,42830,670,42160,Australia,Private room,1,1,100,0,,,,f,1
17946989,42829,6,42823,Australia,Private room,1.5,1,99,0,,,,t,1
14866758,42829,224,42605,Australia,Private room,1,1,89,0,,,,f,1
2480020,42829,1130,41699,Australia,Entire home/apt,1,2,109,77,10,9,9,f,1
5491246,42829,767,42062,Australia,Private room,1,1,50,0,,,,f,1
14863733,42829,224,42605,Australia,Private room,1,1,150,0,,,,f,1
12043562,42829,377,42452,Australia,Private room,1,1,64,0,,,,f,1
4769036,42829,848,41981,Australia,Private room,2,1,80,1,2,6,2,f,1
9225413,42829,1125,41704,Australia,Entire home/apt,4,6,300,29,9,9,9,t,1
14862853,42829,214,42615,Australia,Private room,1,1,60,13,10,9,10,t,1
15974391,42829,915,41914,Australia,Private room,1,1,60,3,8,7,8,t,1
16367121,42829,1181,41648,Australia,Private room,1.5,1,42,4,9,9,10,f,1
4700411,42829,893,41936,Australia,Private room,2,1,50,13,9,8,9,f,1
10139862,42829,469,42360,Australia,Entire home/apt,1,2,106,0,,,,f,1
2012777,42829,1220,41609,Australia,Entire home/apt,2.5,3,198,31,10,9,9,f,1
17871299,42829,26,42803,Australia,Shared room,1.5,1,28,1,8,8,8,f,1
701180,42829,1694,41135,Australia,Entire home/apt,1,2,92,13,9,9,9,f,1
17738394,42829,1649,41180,Australia,Entire home/apt,1,2,139,0,,,,f,1
4500086,42829,2174,40655,Australia,Private room,2,1,55,75,10,9,9,t,1
12692874,42829,677,42152,Australia,Entire home/apt,1,1,95,18,10,9,10,t,1
11577226,42829,398,42431,Australia,Private room,2,1,46,11,10,9,10,f,1
14861833,42829,224,42605,Australia,Private room,1,1,120,1,10,10,10,f,1
13214564,42829,453,42376,Australia,Entire home/apt,2,2,100,5,9,10,10,f,1
15440772,42829,516,42313,Australia,Private room,1,1,64,0,,,,f,1
16949247,42829,1053,41776,Australia,Entire home/apt,3,5,296,3,7,7,7,f,1
11049464,42829,1524,41305,Australia,Entire home/apt,1,1,99,9,10,8,9,f,1
17536398,42829,1048,41781,Australia,Entire home/apt,1,2,95,0,,,,f,1
9463463,42828,864,41964,Australia,Entire home/apt,1.5,3,100,0,,,,f,1
5662033,42828,750,42078,Australia,Entire home/apt,1,1,79,26,10,9,9,f,1
16409540,42828,386,42442,Australia,Entire home/apt,1,1,98,1,10,10,10,f,1
10248473,42828,606,42222,Australia,Shared room,1,1,69,0,,,,f,1
15403258,42828,1609,41219,Australia,Entire home/apt,1,1,85,14,10,9,9,f,1
17769849,42828,2036,40792,Australia,Entire home/apt,1,1,94,0,,,,f,1
10690445,42828,1553,41275,Australia,Entire home/apt,1,2,100,1,10,10,10,f,1
16653569,42828,446,42382,Australia,Private room,1,1,100,1,10,10,10,t,1
1907698,42828,1255,41573,Australia,Entire home/apt,2.5,3,499,0,,,,f,1
4919048,42828,839,41989,Australia,Private room,1.5,1,125,0,,,,f,1
16061153,42828,550,42278,Australia,Private room,2,1,68,1,10,10,10,f,1
14157234,42828,314,42514,Australia,Entire home/apt,1,1,69,29,10,9,9,f,1
12059789,42828,635,42193,Australia,Private room,1,1,60,15,9,9,9,f,1
8913993,42828,600,42228,Australia,Private room,1,1,47,1,10,10,10,f,1
4850683,42828,845,41983,Australia,Private room,1,1,50,0,,,,f,1
9175945,42828,521,42307,Australia,Private room,1,1,250,0,,,,f,1
15858524,42828,148,42680,Australia,Entire home/apt,2,3,160,1,10,8,10,f,1
17892103,42828,434,42394,Australia,Private room,2,2,55,0,,,,t,1
5700483,42830,749,42081,Australia,Private room,1,1,67,59,10,9,9,f,1
16447912,42830,414,42416,Australia,Private room,1,1,70,13,10,9,10,t,1
14806309,42830,220,42610,Australia,Private room,1,1,130,1,8,10,10,f,1
16381728,42830,1695,41135,Australia,Private room,1,1,80,0,,,,f,1
10999388,42829,507,42322,Australia,Private room,2.5,1,63,6,8,9,8,f,1
15597013,42830,167,42663,Australia,Private room,1,1,121,1,10,8,10,f,1
16381839,42830,1695,41135,Australia,Private room,1,1,60,1,10,10,10,f,1
16339342,42829,113,42716,Australia,Private room,2,1,100,0,,,,f,1
12772484,42829,489,42340,Australia,Private room,1,1,80,1,10,8,10,f,1
12228746,42829,401,42428,Australia,Private room,1,1,50,30,10,9,9,f,1
15962073,42829,142,42687,Australia,Private room,1,1,20,0,,,,f,1
1957427,42829,1232,41597,Australia,Private room,1,1,39,7,6,8,8,f,1
14391569,42829,383,42446,Australia,Entire home/apt,2,3,280,5,10,10,10,f,1
15398069,42829,1402,41427,Australia,Entire home/apt,2,2,250,1,4,2,2,f,1
15553724,42829,1256,41573,Australia,Entire home/apt,2.5,4,148,0,,,,f,1
9826774,42830,1783,41047,Australia,Entire home/apt,2,3,120,1,6,10,6,f,1
17880247,42829,12,42817,Australia,Entire home/apt,1,2,219,0,,,,f,1
16260030,42828,119,42709,Australia,Private room,2,1,100,0,,,,f,1
10158799,42828,466,42362,Australia,Private room,1,1,45,0,,,,f,1
14890403,42828,1231,41597,Australia,Private room,1,1,35,3,7,9,9,f,1
16197344,42828,1701,41127,Australia,Entire home/apt,2,3,138,3,10,10,10,f,1
16397394,42828,1058,41770,Australia,Shared room,0.5,1,39,1,8,8,6,f,1
12981421,42828,327,42501,Australia,Shared room,,1,300,6,6,9,9,f,1
6498616,42828,1781,41047,Australia,Entire home/apt,2,3,110,29,7,8,8,f,1
9056643,42828,1781,41047,Australia,Entire home/apt,2,3,121,16,7,6,8,f,1
10754091,42828,452,42376,Australia,Entire home/apt,2,2,149,50,9,9,9,t,1
9848209,42828,483,42345,Australia,Entire home/apt,2,2,201,0,,,,f,1
16204381,42828,393,42435,Australia,Private room,1,1,29,0,,,,f,1
17225892,42828,50,42778,Australia,Private room,0,1,50,1,10,10,10,f,1
9845054,42828,484,42344,Australia,Private room,1,1,30,20,6,9,9,f,1
15943897,42828,141,42687,Australia,Private room,1,1,20,0,,,,f,1
16129743,42828,300,42528,Australia,Entire home/apt,3,3,180,2,7,8,7,f,1
16339791,42828,506,42322,Australia,Private room,2,1,48,1,8,8,8,t,1
16208617,42828,175,42653,Australia,Private room,1,1,66,2,6,8,6,f,1
16274585,42828,712,42116,Australia,Private room,1.5,1,41,3,9,9,10,f,1
4413128,42828,892,41936,Australia,Entire home/apt,2,2,109,1,10,8,8,f,1
4937979,42828,1388,41440,Australia,Private room,1,1,115,3,7,6,7,f,1
15427639,42828,539,42289,Australia,Private room,1,1,45,16,10,9,9,f,1
15846453,42828,385,42443,Australia,Private room,1,1,58,9,7,9,8,t,1
17854521,42829,1009,41820,Australia,Private room,1,1,85,0,,,,f,1
9911720,42829,485,42344,Australia,Private room,1,1,39,0,,,,f,1
16479281,42830,104,42726,Australia,Private room,1.5,1,39,1,8,10,8,f,1
3477541,42828,1007,41821,Australia,Entire home/apt,1,0,140,33,10,10,10,f,1
17000810,42829,999,41830,Australia,Private room,1,1,121,0,,,,f,1
10582287,42830,1783,41047,Australia,Entire home/apt,2.5,2,120,10,8,9,9,f,1
14543361,42829,1232,41597,Australia,Private room,1,1,35,3,9,10,9,f,1
8943059,42829,535,42294,Australia,Private room,1,1,69,19,10,9,10,f,1
14761887,42829,234,42595,Australia,Private room,1,1,56,8,10,10,10,f,1
15455838,42829,194,42635,Australia,Private room,1,1,30,14,9,9,9,f,1
13533086,42829,1770,41059,Australia,Entire home/apt,1,0,80,24,10,9,10,f,1
15958219,42829,191,42638,Australia,Private room,1,1,45,0,,,,t,1
16771790,42829,495,42334,Australia,Private room,1,1,63,12,9,10,9,t,1
12503272,42829,354,42475,Australia,Private room,1.5,1,47,8,10,10,10,f,1
11248326,42829,415,42414,Australia,Private room,1,1,100,0,,,,f,1
9826999,42830,1783,41047,Australia,Entire home/apt,2,4,130,8,7,8,8,f,1
16745084,42829,732,42097,Australia,Shared room,1,1,45,0,,,,t,1
13468805,42829,297,42532,Australia,Private room,1,1,29,0,,,,t,1
10392677,42829,479,42350,Australia,Private room,1,1,70,12,9,9,10,f,1
12857407,42829,630,42199,Australia,Entire home/apt,1,1,91,0,,,,f,1
9827182,42830,1783,41047,Australia,Entire home/apt,1,1,110,5,7,6,7,f,1
11658543,42829,499,42330,Australia,Shared room,1,1,999,0,,,,f,1
4841496,42829,840,41989,Australia,Private room,2,1,60,4,10,9,10,f,1
16010892,42829,327,42502,Australia,Private room,1,1,91,0,,,,t,1
17812942,42829,15,42814,Australia,Private room,1,1,53,0,,,,t,1
13421486,42829,300,42529,Australia,Shared room,1,1,50,1,,,,f,1
16270627,42829,507,42322,Australia,Private room,2,1,81,1,2,6,2,f,1
17482741,42829,1663,41166,Australia,Private room,1,1,64,0,,,,f,1
10927589,42829,507,42322,Australia,Private room,1,1,33,1,10,10,10,f,1
17123497,42829,58,42771,Australia,Private room,1,0,120,1,10,10,10,f,1
16888727,42829,72,42757,Australia,Private room,1,1,60,7,10,9,9,t,1
176239,42829,2087,40742,Australia,Private room,1,1,50,78,10,9,10,f,1
7713309,42829,1782,41047,Australia,Entire home/apt,2,3,120,17,6,6,6,f,1
9742226,42829,576,42253,Australia,Private room,1,1,120,14,10,10,10,f,1
13676035,42829,458,42371,Australia,Private room,1,1,60,6,10,10,10,f,1
15441324,42829,176,42653,Australia,Private room,1,1,55,4,10,10,10,t,1
15440617,42829,176,42653,Australia,Private room,1,1,64,4,10,10,10,t,1
11050967,42829,507,42322,Australia,Private room,2.5,1,38,5,10,9,9,f,1
5979856,42829,748,42081,Australia,Private room,1,1,58,11,9,9,9,f,1
16145582,42828,972,41856,Australia,Entire home/apt,1,1,76,5,8,9,8,f,1
16197090,42828,1701,41127,Australia,Private room,1,1,50,4,10,9,10,t,1
16318541,42828,114,42714,Australia,Entire home/apt,1.5,3,245,13,8,9,8,f,1
8975772,42829,608,42221,Australia,Entire home/apt,1,1,177,25,10,10,10,t,1
6986347,42829,1442,41387,Australia,Entire home/apt,1,1,185,10,9,10,8,f,1
15634285,42829,164,42665,Australia,Private room,1,1,70,13,10,10,10,f,1
15331195,42830,300,42530,Australia,Entire home/apt,2,2,229,15,10,10,10,t,1
16559869,42829,299,42530,Australia,Entire home/apt,2,2,229,2,10,10,10,t,1
13442098,42829,299,42530,Australia,Entire home/apt,2,2,214,43,10,10,10,t,1
17881460,42829,11,42818,Australia,Private room,1,1,39,0,,,,t,1
16771880,42830,631,42199,Australia,Entire home/apt,2,2,198,12,10,10,10,f,1
13339388,42829,467,42362,Australia,Entire home/apt,1.5,1,64,10,10,9,10,t,1
17985537,42829,1979,40850,Australia,Entire home/apt,1,1,100,0,,,,f,1
16427349,42829,1442,41387,Australia,Entire home/apt,2,3,296,2,10,10,10,f,1
1171108,42829,1442,41387,Australia,Entire home/apt,2,3,424,18,9,9,9,f,1
7719710,42829,608,42221,Australia,Entire home/apt,1,1,300,0,,,,f,1
1477506,42829,1931,40898,Australia,Private room,1,1,85,62,10,10,10,f,1
5738421,42829,745,42084,Australia,Entire home/apt,2.5,3,250,0,,,,f,1
14845728,42829,740,42089,Australia,Private room,1,1,28,1,10,6,10,f,1
17813264,42829,15,42814,Australia,Private room,1.5,1,99,0,,,,t,1
17883807,42829,526,42303,Australia,Private room,0,1,34,0,,,,f,1
15196326,42829,651,42178,Australia,Private room,1,1,32,1,6,6,6,t,1
3534220,42830,1003,41827,Australia,Private room,1,1,110,1,10,10,10,f,1
7011521,42830,649,42181,Australia,Entire home/apt,2,2,346,27,10,10,10,f,1
17655877,42830,26,42804,Australia,Entire home/apt,2,2,179,2,9,10,10,t,1
17558094,42830,37,42793,Australia,Entire home/apt,1,1,75,0,,,,f,1
6681708,42830,1582,41248,Australia,Entire home/apt,2,2,185,2,9,10,10,f,1
17689627,42830,474,42356,Australia,Private room,2,1,53,0,,,,f,1
15181837,42829,641,42188,Australia,Private room,1,1,64,5,10,10,10,t,1
16110750,42829,131,42698,Australia,Private room,1,1,135,0,,,,f,1
13688426,42829,1539,41290,Australia,Private room,1,1,91,7,10,10,10,f,1
16975791,42828,166,42662,Australia,Entire home/apt,2,2,155,11,9,9,10,t,1
14223146,42828,763,42065,Australia,Entire home/apt,2,2,160,3,9,9,9,f,1
12193042,42828,365,42463,Australia,Private room,1,1,83,8,10,10,10,f,1
12209897,42828,742,42086,Australia,Entire home/apt,2,2,250,5,10,10,9,f,1
16197117,42828,395,42433,Australia,Private room,2,1,35,3,10,9,10,t,1
12071999,42828,372,42456,Australia,Private room,1,1,41,34,8,9,9,t,1
16262951,42828,118,42710,Australia,Private room,1,1,125,1,10,10,10,f,1
5641461,42828,1441,41387,Australia,Entire home/apt,2,2,336,6,10,9,10,f,1
12785117,42828,1089,41739,Australia,Entire home/apt,1,2,110,8,9,9,10,t,1
6960451,42828,650,42178,Australia,Private room,1,1,30,0,,,,f,1
9907019,42828,481,42347,Australia,Private room,1,1,66,5,10,10,10,f,1
16261574,42828,223,42605,Australia,Entire home/apt,1,1,159,10,9,10,9,t,1
2889953,42828,1202,41626,Australia,Private room,1,1,50,17,10,10,10,f,1
16636716,42828,319,42509,Australia,Private room,1,1,50,0,,,,t,1
16592163,42828,319,42509,Australia,Private room,1,1,64,0,,,,t,1
10499489,42828,763,42065,Australia,Entire home/apt,2,2,149,3,6,9,8,f,1
9121206,42828,573,42255,Australia,Entire home/apt,1,1,149,9,9,10,9,f,1
10501016,42828,763,42065,Australia,Entire home/apt,1,1,125,8,7,9,8,t,1
16989232,42828,104,42724,Australia,Entire home/apt,2,2,201,0,,,,t,1
17710567,42828,813,42015,Australia,Private room,1,1,69,1,10,10,10,t,1
16419501,42828,1203,41625,Australia,Entire home/apt,2,2,177,20,9,9,9,t,1
16139620,42828,845,41983,Australia,Entire home/apt,2,3,201,14,10,9,10,t,1
15221385,42828,539,42289,Australia,Private room,2,1,140,7,10,10,10,t,1
15153740,42828,194,42634,Australia,Entire home/apt,2,2,260,1,10,10,10,f,1
16468448,42828,1441,41387,Australia,Entire home/apt,1,1,185,1,10,10,8,f,1
14699139,42828,223,42605,Australia,Entire home/apt,1,1,159,41,10,10,9,t,1
4672423,42828,860,41968,Australia,Private room,1,1,75,0,,,,f,1
17910968,42828,123,42705,Australia,Private room,1,1,45,0,,,,t,1
15882089,42828,399,42429,Australia,Private room,1,1,121,3,10,9,9,f,1
17654776,42828,24,42804,Australia,Private room,1,1,106,0,,,,f,1
16602043,42828,845,41983,Australia,Entire home/apt,2,2,180,12,10,10,10,t,1
10574172,42828,709,42119,Australia,Private room,1,1,80,12,10,9,10,f,1
10574226,42828,569,42259,Australia,Private room,1,1,90,1,10,10,10,f,1
17884856,42828,9,42819,Australia,Private room,1,1,41,0,,,,t,1
16147886,42828,763,42065,Australia,Entire home/apt,1,1,149,0,,,,f,1
12609841,42828,525,42303,Australia,Private room,0,1,31,23,10,10,10,f,1
12345967,42828,405,42423,Australia,Private room,1,1,45,7,8,8,9,f,1
8942866,42829,1143,41686,Australia,Entire home/apt,2,2,210,63,9,10,10,f,1
8876782,42829,2899,39930,Australia,Private room,1,1,100,61,,,,f,1
11953742,42828,763,42065,Australia,Entire home/apt,2,2,149,6,8,8,7,f,1
8877399,42829,2899,39930,Australia,Private room,1,1,100,24,10,10,9,f,1
11124246,42829,42829,,Australia,Private room,1,1,45,7,8,10,10,f,1
4158645,42829,1448,41381,Australia,Entire home/apt,1,0,60,116,10,9,10,f,1
10285857,42830,1107,41723,Australia,Private room,2,2,80,1,10,8,8,f,1
2020284,42829,1219,41610,Australia,Entire home/apt,1,1,110,1,10,,,f,1
14342126,42829,854,41975,Australia,Private room,2,1,130,5,10,10,9,f,1
15875933,42829,179,42650,Australia,Entire home/apt,2,2,149,1,10,10,10,t,1
16046424,42829,135,42694,Australia,Entire home/apt,2,2,229,4,9,10,10,t,1
10869120,42829,526,42303,Australia,Private room,0,1,32,38,9,9,9,f,1
1169841,42829,1442,41387,Australia,Entire home/apt,2,2,321,6,10,9,9,f,1
1170239,42829,1442,41387,Australia,Entire home/apt,2,3,424,10,10,9,9,f,1
13467416,42829,1396,41433,Australia,Entire home/apt,1,1,159,54,10,10,10,t,1
14212281,42829,764,42065,Australia,Entire home/apt,1,1,150,1,,,,f,1
1171089,42829,1442,41387,Australia,Entire home/apt,2,2,244,11,9,9,9,f,1
1171118,42829,1442,41387,Australia,Entire home/apt,2,3,424,9,10,9,8,f,1
295480,42829,1931,40898,Australia,Private room,1,1,84,90,10,10,10,f,1
14395313,42829,42829,,Australia,Private room,1,1,149,7,6,9,5,f,1
16651218,42829,162,42667,Australia,Private room,1,1,90,0,,,,t,1
17560361,42830,1211,41619,Australia,Entire home/apt,2,2,143,4,10,10,10,t,1
14320753,42829,331,42498,Australia,Entire home/apt,2,2,150,5,10,9,9,f,1
888170,42829,1540,41289,Australia,Private room,1,1,79,211,10,10,9,f,1
17998722,42830,20,42810,Australia,Private room,1,1,129,0,,,,f,1
3077192,42830,1144,41686,Australia,Entire home/apt,1,1,159,72,9,10,9,f,1
9663186,42830,763,42067,Australia,Entire home/apt,2,1,100,0,,,,f,1
1110506,42830,1443,41387,Australia,Entire home/apt,2,3,520,3,9,9,8,f,1
16841939,42830,972,41858,Australia,Private room,1,2,55,0,,,,t,1
15591134,42830,167,42663,Australia,Entire home/apt,1,1,100,1,,,,t,1
6348508,42829,695,42134,Australia,Private room,1,1,49,2,8,9,9,f,1
15522472,42829,630,42199,Australia,Entire home/apt,1,2,198,21,10,10,10,t,1
8376101,42829,618,42211,Australia,Entire home/apt,1.5,2,125,2,9,9,9,f,1
17779463,42829,641,42188,Australia,Entire home/apt,2,2,150,0,,,,f,1
3655907,42829,1156,41673,Australia,Private room,1,1,85,10,10,10,10,f,1
12633976,42829,345,42484,Australia,Private room,1,1,50,9,10,10,10,f,1
11912560,42829,386,42443,Australia,Entire home/apt,1,2,85,13,9,9,9,f,1
15745582,42829,576,42253,Australia,Private room,1,2,100,0,,,,f,1
10600678,42829,764,42065,Australia,Entire home/apt,1,1,120,2,8,10,10,t,1
16564370,42829,320,42509,Australia,Entire home/apt,1,2,150,5,10,8,10,t,1
16433006,42829,362,42467,Australia,Private room,1,1,85,0,,,,f,1
13287186,42829,764,42065,Australia,Entire home/apt,2,2,160,4,10,10,10,f,1
16431456,42829,117,42712,Australia,Entire home/apt,2,2,160,0,,,,f,1
16234640,42829,522,42307,Australia,Entire home/apt,1,1,120,12,10,9,10,f,1
11515895,42829,437,42392,Australia,Entire home/apt,1,1,100,1,8,8,8,f,1
16691347,42829,86,42743,Australia,Entire home/apt,1,1,95,11,9,9,9,t,1
17804545,42829,19,42810,Australia,Entire home/apt,1,2,250,2,10,10,10,t,1
16819803,42829,815,42014,Australia,Private room,1,1,70,0,,,,f,1
9479302,42829,506,42323,Australia,Entire home/apt,2,2,180,54,9,9,9,f,1
17868080,42829,104,42725,Australia,Entire home/apt,1,0,99,0,,,,t,1
16882933,42829,242,42587,Australia,Entire home/apt,2,2,226,5,10,10,8,f,1
12164280,42829,483,42346,Australia,Entire home/apt,2.5,3,183,0,,,,f,1
10165348,42829,467,42362,Australia,Shared room,1.5,1,24,5,9,9,8,f,1
13932915,42829,268,42561,Australia,Entire home/apt,2,1,194,21,10,10,10,t,1
15376096,42829,334,42495,Australia,Entire home/apt,1,1,166,8,9,10,10,f,1
17667163,42829,187,42642,Australia,Private room,2,2,59,2,10,9,10,f,1
10654088,42829,443,42386,Australia,Private room,1,1,110,44,9,10,10,t,1
6428550,42829,983,41846,Australia,Private room,1,1,105,55,9,10,10,f,1
8944374,42829,535,42294,Australia,Private room,1,1,100,29,10,10,10,f,1
4100017,42828,1010,41818,Australia,Entire home/apt,1,2,85,104,10,9,9,f,1
13193295,42828,440,42388,Australia,Entire home/apt,1,2,189,19,10,10,10,t,1
17580336,42828,78,42750,Australia,Entire home/apt,2,2,180,0,,,,f,1
15523794,42828,560,42268,Australia,Private room,1,1,47,2,10,10,10,f,1
8264988,42828,763,42065,Australia,Entire home/apt,1,1,110,7,8,9,9,f,1
17215266,42828,629,42199,Australia,Entire home/apt,1,2,199,9,10,10,9,f,1
13900337,42828,615,42213,Australia,Private room,1,1,56,5,10,9,9,f,1
5641597,42828,1441,41387,Australia,Entire home/apt,2,2,336,14,9,9,9,f,1
16123358,42828,791,42037,Australia,Private room,1,1,55,2,10,8,9,f,1
14026124,42828,728,42100,Australia,Entire home/apt,1,1,30,0,,,,f,1
16875738,42828,241,42587,Australia,Entire home/apt,2,2,245,9,10,10,9,f,1
13239175,42828,311,42517,Australia,Private room,1,1,60,25,10,10,10,f,1
17804097,42829,278,42551,Australia,Private room,1,1,64,2,8,10,10,t,1
9868392,42829,808,42021,Australia,Private room,1,1,70,5,10,9,9,f,1
6982277,42829,652,42177,Australia,Private room,1,1,91,0,,,,f,1
10215632,42829,463,42366,Australia,Private room,1,1,64,10,10,9,10,f,1
14013705,42829,264,42565,Australia,Private room,1,1,50,1,10,10,10,f,1
17896194,42830,461,42369,Australia,Private room,1,1,60,0,,,,t,1
3836934,42828,967,41861,Australia,Private room,1,1,149,5,10,10,10,f,1
5422840,42829,775,42054,Australia,Private room,0,1,138,0,,,,f,1
11072969,42829,1022,41807,Australia,Private room,2,1,80,15,10,10,10,f,1
17944310,42829,69,42760,Australia,Entire home/apt,1,2,160,0,,,,f,1
10003982,42829,476,42353,Australia,Private room,1,1,70,22,10,10,9,t,1
15859408,42830,739,42091,Australia,Entire home/apt,1,1,55,4,9,10,10,f,1
9685011,42829,562,42267,Australia,Private room,1,1,70,4,10,10,10,f,1
13609109,42829,288,42541,Australia,Private room,1,1,50,9,10,10,10,f,1
7851341,42829,610,42219,Australia,Private room,1,1,155,0,,,,t,1
13803538,42829,780,42049,Australia,Private room,2.5,1,32,15,10,8,10,f,1
15153032,42829,1176,41653,Australia,Private room,1,1,49,1,10,6,6,f,1
17690600,42830,500,42330,Australia,Entire home/apt,1,3,100,0,,,,f,1
16054343,42830,136,42694,Australia,Shared room,1.5,1,75,3,10,10,8,t,1
5739780,42829,778,42051,Australia,Private room,1,1,35,6,10,10,10,f,1
16138603,42828,131,42697,Australia,Private room,1,1,67,0,,,,f,1
16817510,42829,1328,41501,Australia,Entire home/apt,1,1,66,11,9,10,9,t,1
11367394,42830,622,42208,Australia,Private room,1,1,105,0,,,,f,1
15856483,42830,800,42030,Australia,Private room,1,1,130,0,,,,f,1
15917232,42829,500,42329,Australia,Private room,1,1,60,4,10,10,10,f,1
863208,42828,2048,40780,Australia,Entire home/apt,2.5,3,100,0,,,,f,1
16242413,42828,356,42472,Australia,Entire home/apt,1,2,300,0,,,,t,1
5310960,42828,783,42045,Australia,Entire home/apt,1,1,149,76,10,10,10,f,1
15916295,42828,499,42329,Australia,Private room,1,1,60,6,10,10,10,f,1
2223872,42828,1173,41655,Australia,Private room,1.5,1,121,0,,,,f,1
14099801,42828,428,42400,Australia,Private room,1,1,50,12,10,10,10,f,1
907403,42828,1911,40917,Australia,Entire home/apt,3,4,201,5,8,7,8,f,1
17227010,42828,554,42274,Australia,Private room,1,1,38,2,10,4,8,t,1
13120606,42828,733,42095,Australia,Private room,1.5,1,39,4,10,10,10,f,1
11741255,42828,718,42110,Australia,Private room,1,1,48,19,9,9,10,t,1
17870709,42828,429,42399,Australia,Entire home/apt,1,1,149,0,,,,f,1
5288668,42828,797,42031,Australia,Private room,1,1,50,21,10,10,9,f,1
15474558,42828,179,42649,Australia,Entire home/apt,1,2,121,0,,,,f,1
16850854,42828,453,42375,Australia,Entire home/apt,3,6,349,0,,,,f,1
16259059,42828,119,42709,Australia,Entire home/apt,3.5,5,176,3,9,10,10,t,1
7154626,42828,639,42189,Australia,Entire home/apt,2,4,229,4,10,9,9,t,1
3802125,42828,972,41856,Australia,Entire home/apt,1,1,128,56,10,10,10,f,1
11679204,42828,1974,40854,Australia,Entire home/apt,2,2,121,0,,,,t,1
17611219,42828,26,42802,Australia,Private room,1,1,60,0,,,,t,1
13902383,42828,307,42521,Australia,Private room,1,1,50,0,,,,f,1
12395172,42828,981,41847,Australia,Private room,2,1,55,2,8,10,10,t,1
7283615,42828,669,42159,Australia,Private room,1,1,56,0,,,,f,1
6306643,42828,1109,41719,Australia,Private room,1,1,80,28,10,10,10,f,1
16989031,42828,307,42521,Australia,Entire home/apt,1,2,123,6,10,8,10,t,1
14433922,42828,237,42591,Australia,Entire home/apt,2,3,201,15,9,9,9,t,1
4931370,42828,2048,40780,Australia,Entire home/apt,2.5,3,100,0,,,,f,1
17610036,42828,459,42369,Australia,Private room,1,1,60,3,10,10,10,t,1
10436442,42828,452,42376,Australia,Private room,1,1,50,0,,,,f,1
5652423,42828,752,42076,Australia,Shared room,1,1,50,0,,,,f,1
737253,42828,1634,41194,Australia,Private room,1,1,85,0,,,,f,1
11548827,42828,420,42408,Australia,Private room,0,1,79,0,,,,t,1
13583364,42828,434,42394,Australia,Private room,2,3,201,0,,,,t,1
11093018,42828,1021,41807,Australia,Private room,2,1,69,16,10,10,10,f,1
7879194,42828,597,42231,Australia,Private room,1,1,35,5,7,7,7,f,1
9979947,42828,491,42337,Australia,Entire home/apt,8,5,3500,2,10,10,10,f,1
14829686,42828,295,42533,Australia,Entire home/apt,2,1,190,0,,,,f,1
16664857,42828,1403,41425,Australia,Entire home/apt,1,2,100,8,10,9,9,t,1
6506402,42828,682,42146,Australia,Private room,1.5,1,66,3,10,9,10,f,1
10128619,42828,807,42021,Australia,Private room,1,1,67,11,10,9,9,f,1
9850285,42828,483,42345,Australia,Private room,1,1,69,1,,,,f,1
15289221,42828,1128,41700,Australia,Private room,1,1,69,0,,,,t,1
14830748,42828,215,42613,Australia,Private room,1,1,88,1,8,10,8,t,1
15028465,42828,451,42377,Australia,Private room,1,1,69,4,9,9,10,t,1
4478320,42828,887,41941,Australia,Private room,1,1,80,0,,,,f,1
5862747,42829,734,42095,Australia,Private room,1.5,1,55,18,10,10,10,f,1
10576389,42828,446,42382,Australia,Private room,1.5,1,41,0,,,,f,1
15153632,42828,194,42634,Australia,Private room,1,1,62,18,10,10,10,t,1
9657388,42828,730,42098,Australia,Private room,1,1,69,13,10,10,9,f,1
15428149,42828,176,42652,Australia,Private room,1,1,600,0,,,,t,1
5730569,42829,778,42051,Australia,Private room,1.5,1,31,5,10,10,10,f,1
15490604,42828,395,42433,Australia,Entire home/apt,2,4,190,0,,,,t,1
8743883,42828,661,42167,Australia,Private room,2,1,159,0,,,,f,1
7762662,42829,42829,,Australia,Entire home/apt,1,1,85,68,10,10,10,f,1
17000034,42828,67,42761,Australia,Private room,1,2,66,0,,,,f,1
11560620,42828,398,42430,Australia,Private room,1,1,400,0,,,,t,1
7037121,42828,1180,41648,Australia,Entire home/apt,1,2,400,1,10,10,10,f,1
12390742,42828,1021,41807,Australia,Private room,2.5,1,220,1,10,10,10,f,1
13069101,42830,433,42397,Australia,Entire home/apt,1,3,194,16,9,10,10,f,1
2484884,42830,1182,41648,Australia,Private room,1,1,180,1,8,8,8,f,1
11106463,42829,495,42334,Australia,Private room,1,1,60,8,10,10,10,f,1
11499797,42829,402,42427,Australia,Entire home/apt,2.5,3,185,23,9,10,9,f,1
9432454,42830,641,42189,Australia,Entire home/apt,1,2,99,1,10,10,10,t,1
6296717,42829,942,41887,Australia,Entire home/apt,1,1,59,3,9,9,10,f,1
17684481,42829,23,42806,Australia,Private room,1.5,2,70,0,,,,t,1
14145965,42829,255,42574,Australia,Private room,1,1,70,0,,,,f,1
15367578,42829,181,42648,Australia,Entire home/apt,1,0,85,8,10,10,10,f,1
5406141,42829,775,42054,Australia,Private room,1,1,267,2,9,10,9,f,1
7920463,42829,1176,41653,Australia,Private room,1.5,1,49,17,10,10,10,f,1
11828952,42829,385,42444,Australia,Private room,1,1,75,0,,,,f,1
1409268,42829,1435,41394,Australia,Private room,1,1,94,1,8,10,10,f,1
6282888,42829,700,42129,Australia,Private room,1,1,56,2,8,8,10,f,1
13927153,42829,1052,41777,Australia,Entire home/apt,1,2,119,12,10,9,9,t,1
16819585,42829,231,42598,Australia,Private room,1,1,55,0,,,,f,1
13451513,42829,598,42231,Australia,Private room,1,1,60,0,,,,f,1
12813841,42829,454,42375,Australia,Private room,1,1,170,0,,,,f,1
3835553,42829,969,41860,Australia,Private room,1.5,1,55,1,10,10,10,f,1
2262704,42829,42829,,Australia,Private room,1,1,121,0,,,,f,1
6453171,42829,1155,41674,Australia,Private room,1,1,256,0,,,,f,1
12351431,42829,625,42204,Australia,Entire home/apt,1,2,145,6,10,10,10,f,1
4165069,42829,926,41903,Australia,Private room,1.5,2,85,13,10,9,10,f,1
6066078,42829,717,42112,Australia,Private room,2,1,150,0,,,,f,1
9224272,42829,775,42054,Australia,Private room,1,1,168,1,10,10,10,f,1
6683786,42830,1582,41248,Australia,Entire home/apt,2.5,4,230,0,,,,f,1
11598970,42830,398,42432,Australia,Entire home/apt,2.5,3,240,0,,,,t,1
14187863,42830,1365,41465,Australia,Entire home/apt,8,6,2860,0,,,,f,1
6683336,42830,1582,41248,Australia,Entire home/apt,2,3,215,1,,,,f,1
17033353,42830,63,42767,Australia,Private room,1,1,49,5,10,10,10,t,1
9561654,42830,547,42283,Australia,Private room,1,1,55,0,,,,t,1
17753116,42829,300,42529,Australia,Entire home/apt,1,2,102,2,8,10,8,f,1
17096662,42829,305,42524,Australia,Private room,1,1,28,4,9,9,10,t,1
5426536,42829,775,42054,Australia,Private room,0,1,138,0,,,,f,1
12832835,42829,337,42492,Australia,Private room,1,1,35,0,,,,f,1
15846989,42829,149,42680,Australia,Entire home/apt,1.5,3,300,2,10,10,10,t,1
11193227,42829,942,41887,Australia,Entire home/apt,1,1,49,38,10,10,10,f,1
9684169,42829,494,42335,Australia,Private room,1,1,125,0,,,,f,1
17942669,42829,453,42376,Australia,Private room,1,1,50,0,,,,f,1
13417148,42829,301,42528,Australia,Entire home/apt,1,2,148,12,10,10,10,f,1
8766964,42829,775,42054,Australia,Private room,0,1,138,0,,,,f,1
5424511,42829,772,42057,Australia,Private room,1,1,74,41,10,10,10,f,1
4441031,42829,1751,41078,Australia,Private room,1,1,91,0,,,,f,1
3979923,42829,2049,40780,Australia,Entire home/apt,2.5,3,100,0,,,,f,1
16101604,42829,132,42697,Australia,Private room,1,1,28,2,10,10,10,f,1
15315626,42829,1240,41589,Australia,Entire home/apt,4,3,300,12,10,10,9,f,1
2730720,42829,1094,41735,Australia,Entire home/apt,2.5,2,150,41,9,10,9,f,1
67295,42829,2286,40543,Australia,Private room,1,1,91,1,10,10,10,f,1
17997004,42829,172,42657,Australia,Private room,1,1,50,0,,,,t,1
7510857,42829,621,42208,Australia,Private room,1,1,49,4,10,10,10,f,1
17029754,42829,928,41901,Australia,Entire home/apt,2,4,160,0,,,,t,1
15961999,42829,254,42575,Australia,Private room,2,1,39,2,,,,f,1
6853548,42829,659,42170,Australia,Private room,1,1,55,1,10,10,10,f,1
9603564,42829,546,42283,Australia,Private room,1,1,43,6,6,6,6,f,1
5015244,42829,815,42014,Australia,Private room,1,2,53,20,10,10,10,f,1
5604994,42829,950,41879,Australia,Entire home/apt,1,1,135,19,10,10,9,f,1
11146652,42829,421,42408,Australia,Private room,0,1,79,0,,,,f,1
16218433,42829,266,42563,Australia,Entire home/apt,1,1,180,9,10,10,10,t,1
9665679,42829,495,42334,Australia,Private room,1,1,60,9,10,10,9,f,1
14575947,42828,230,42598,Australia,Private room,1,1,52,1,8,8,6,f,1
15033269,42828,230,42598,Australia,Private room,1,1,50,18,10,10,10,f,1
17452022,42828,459,42369,Australia,Private room,2,3,60,2,10,10,10,f,1
15032453,42828,230,42598,Australia,Private room,1,1,55,2,10,10,10,f,1
352147,42828,1869,40959,Australia,Private room,1,1,80,13,10,10,9,f,1
1793899,42828,2048,40780,Australia,Entire home/apt,2.5,3,100,0,,,,f,1
17719111,42828,113,42715,Australia,Entire home/apt,1,4,125,0,,,,f,1
11558036,42828,398,42430,Australia,Entire home/apt,4,5,1199,2,6,9,6,t,1
15424022,42828,177,42651,Australia,Private room,1,1,39,2,7,9,10,f,1
17191127,42828,53,42775,Australia,Private room,3,2,149,0,,,,f,1
11092938,42828,1021,41807,Australia,Private room,2,1,69,16,10,10,10,f,1
5313149,42828,784,42044,Australia,Private room,1,1,41,11,9,9,9,f,1
14154155,42830,1233,41597,Australia,Entire home/apt,2,3,300,1,8,6,6,f,1
15916876,42829,817,42012,Australia,Entire home/apt,2.5,3,451,0,,,,f,1
7463505,42829,623,42206,Australia,Entire home/apt,3,3,1196,4,10,10,10,f,1
17101799,42829,61,42768,Australia,Private room,1,2,39,0,,,,f,1
4951178,42829,876,41953,Australia,Private room,1.5,1,89,16,9,9,9,f,1
12395820,42828,355,42473,Australia,Private room,1,1,69,2,10,8,9,f,1
8073178,42828,1868,40960,Australia,Entire home/apt,1,2,180,12,10,10,9,f,1
8071062,42828,586,42242,Australia,Entire home/apt,1,2,149,1,10,10,10,f,1
14554358,42828,572,42256,Australia,Entire home/apt,5.5,5,1500,1,10,10,10,f,1
880940,42828,1544,41284,Australia,Private room,1,1,110,67,10,10,10,f,1
13836807,42828,427,42401,Australia,Entire home/apt,5,5,1842,12,8,10,9,t,1
1344555,42828,1392,41436,Australia,Entire home/apt,1,2,180,7,9,9,9,f,1
5644975,42828,753,42075,Australia,Entire home/apt,2,4,400,3,8,9,9,f,1
6033243,42828,718,42110,Australia,Entire home/apt,5.5,5,849,0,,,,f,1
11683194,42828,391,42437,Australia,Entire home/apt,1,1,201,0,,,,f,1
5126778,42828,1868,40960,Australia,Private room,1,1,80,0,,,,f,1
16114451,42828,1682,41146,Australia,Entire home/apt,1,2,68,2,9,9,7,f,1
2286358,42828,1545,41283,Australia,Private room,1,1,85,138,10,9,10,f,1
11425612,42828,1545,41283,Australia,Entire home/apt,1,2,149,1,10,8,8,f,1
9202362,42828,876,41952,Australia,Entire home/apt,2,4,350,3,10,10,9,f,1
16019776,42829,1257,41572,Australia,Entire home/apt,1,2,275,0,,,,t,1
9202537,42828,876,41952,Australia,Private room,1,1,90,34,10,10,10,f,1
15820110,42828,447,42381,Australia,Entire home/apt,2.5,4,1000,0,,,,t,1
4566895,42829,1364,41465,Australia,Entire home/apt,3,6,2600,0,,,,f,1
10473100,42829,1254,41575,Australia,Entire home/apt,2.5,4,1800,0,,,,t,1
7794953,42830,1079,41751,Australia,Entire home/apt,1,0,141,0,,,,f,1
9078432,42829,528,42301,Australia,Private room,1,1,85,4,10,10,10,t,1
9828041,42830,1141,41689,Australia,Entire home/apt,2.5,5,1000,0,,,,f,1
17270952,42829,1119,41710,Australia,Entire home/apt,1,2,200,0,,,,f,1
9738127,42829,767,42062,Australia,Private room,0.5,1,70,0,,,,f,1
9869661,42829,670,42159,Australia,Entire home/apt,1,2,106,5,10,10,10,f,1
12687384,42829,925,41904,Australia,Private room,1,1,64,12,10,9,9,f,1
4980485,42830,1153,41677,Australia,Private room,1,1,39,1,10,10,10,f,1
12440173,42830,358,42472,Australia,Private room,1,1,100,2,8,10,8,f,1
9756157,42829,505,42324,Australia,Entire home/apt,1,2,141,1,6,10,10,f,1
14656087,42829,1823,41006,Australia,Entire home/apt,2,4,399,3,9,10,9,f,1
14863133,42829,428,42401,Australia,Private room,1,1,70,7,10,10,10,t,1
10056493,42829,829,42000,Australia,Private room,1,1,200,2,10,9,10,f,1
9615318,42829,498,42331,Australia,Entire home/apt,1.5,3,194,1,10,10,10,t,1
4040691,42829,961,41868,Australia,Entire home/apt,1.5,3,289,13,10,9,9,t,1
6890666,42829,656,42173,Australia,Private room,1,1,60,0,,,,f,1
12231949,42829,831,41998,Australia,Private room,1,1,72,0,,,,f,1
15244295,42829,683,42146,Australia,Entire home/apt,2,0,1041,0,,,,f,1
4167272,42829,1347,41482,Australia,Private room,1,1,100,11,10,9,9,f,1
17599168,42829,231,42598,Australia,Private room,1,1,50,0,,,,f,1
16022908,42829,137,42692,Australia,Entire home/apt,1,2,80,5,8,9,8,f,1
16408042,42828,306,42522,Australia,Private room,1,1,121,0,,,,f,1
11093532,42828,423,42405,Australia,Entire home/apt,2,2,58,0,,,,f,1
17446449,42828,37,42791,Australia,Private room,1,1,56,0,,,,t,1
16322214,42828,124,42704,Australia,Entire home/apt,2,2,160,10,10,10,10,t,1
10287361,42828,1363,41465,Australia,Entire home/apt,2,3,410,0,,,,f,1
10005389,42828,1933,40895,Australia,Private room,1,1,100,4,9,9,8,f,1
17630263,42828,25,42803,Australia,Private room,1,1,110,0,,,,f,1
18014575,42829,2,42827,Australia,Private room,1,1,56,0,,,,t,1
11399407,42830,1834,40996,Australia,Private room,1,1,89,66,10,9,10,f,1
17606488,42829,123,42706,Australia,Private room,1,1,100,0,,,,f,1
14680046,42830,366,42464,Australia,Private room,1.5,1,60,31,10,10,10,t,1
16629969,42829,189,42640,Australia,Private room,1,0,99,11,9,9,9,t,1
17613425,42829,907,41922,Australia,Private room,1,1,169,0,,,,f,1
9865071,42829,654,42175,Australia,Private room,2,1,42,12,8,9,10,f,1
16117082,42830,232,42598,Australia,Private room,1,1,130,0,,,,t,1
9891660,42829,613,42216,Australia,Private room,1,1,141,0,,,,f,1
16364864,42829,524,42305,Australia,Private room,1.5,1,88,7,9,9,9,t,1
7076529,42830,645,42185,Australia,Private room,1,1,80,63,10,9,10,t,1
16300591,42829,148,42681,Australia,Private room,1,1,59,5,9,10,10,f,1
6278158,42830,1389,41441,Australia,Private room,1,1,85,33,9,10,9,f,1
10074767,42829,585,42244,Australia,Private room,1.5,1,85,85,9,10,9,f,1
17948947,42829,925,41904,Australia,Private room,1,1,85,0,,,,f,1
17374245,42829,44,42785,Australia,Private room,1,1,67,1,6,10,8,t,1
3853746,42829,1708,41121,Australia,Private room,1,1,100,14,10,10,9,f,1
8849333,42828,540,42288,Australia,Private room,1,1,100,0,,,,f,1
13398998,42830,432,42398,Australia,Private room,2,1,79,5,9,10,8,f,1
16383667,42830,932,41898,Australia,Private room,1,1,91,1,10,10,10,t,1
16339114,42829,1110,41719,Australia,Private room,1,1,45,4,6,10,8,t,1
16032394,42829,389,42440,Australia,Private room,1,1,100,0,,,,f,1
9678653,42829,494,42335,Australia,Private room,1,1,85,49,9,10,10,f,1
13361856,42829,992,41837,Australia,Private room,1,1,64,5,10,10,10,t,1
7109340,42830,1304,41526,Australia,Private room,2,1,39,8,9,10,10,f,1
16617462,42829,334,42495,Australia,Entire home/apt,1,0,160,8,10,10,9,f,1
17813357,42829,522,42307,Australia,Private room,1,1,85,0,,,,t,1
17426102,42830,47,42783,Australia,Entire home/apt,1,1,198,2,10,10,9,t,1
16183113,42830,1413,41417,Australia,Private room,1.5,1,70,1,8,8,10,f,1
8674072,42829,550,42279,Australia,Private room,1,1,60,31,9,9,9,f,1
16986639,42830,148,42682,Australia,Private room,1,1,88,1,10,10,10,t,1
8995620,42829,537,42292,Australia,Entire home/apt,1,1,100,3,9,10,10,f,1
16127897,42829,921,41908,Australia,Private room,1.5,1,89,0,,,,f,1
14063778,42829,581,42248,Australia,Private room,1,1,80,0,,,,f,1
1480417,42829,1453,41376,Australia,Entire home/apt,1,0,116,47,9,10,9,f,1
6594962,42829,907,41922,Australia,Entire home/apt,1,1,85,3,9,10,9,t,1
5749805,42829,1573,41256,Australia,Private room,2,1,39,11,7,9,8,f,1
14656453,42829,240,42589,Australia,Private room,1.5,1,64,3,10,10,10,f,1
555789,42829,1744,41085,Australia,Private room,1,1,88,2,10,10,10,f,1
16523857,42830,732,42098,Australia,Private room,1,1,150,0,,,,f,1
15635410,42829,844,41985,Australia,Private room,1,1,109,0,,,,f,1
4859410,42829,985,41844,Australia,Private room,2,1,80,0,,,,f,1
16291042,42829,177,42652,Australia,Entire home/apt,1,1,150,1,10,10,10,t,1
9412110,42829,510,42319,Australia,Private room,1,1,60,0,,,,f,1
424931,42830,1821,41009,Australia,Private room,3,1,99,35,10,10,10,f,1
6548283,42830,681,42149,Australia,Private room,1,1,50,2,7,8,7,f,1
16706327,42830,1122,41708,Australia,Private room,1,2,84,6,9,10,9,f,1
16248142,42830,546,42284,Australia,Private room,1,1,74,3,8,9,7,t,1
17668129,42829,127,42702,Australia,Private room,1.5,1,95,0,,,,f,1
13142760,42829,967,41862,Australia,Private room,1.5,1,75,11,9,10,10,f,1
13071464,42830,476,42354,Australia,Private room,1.5,1,340,11,9,9,10,t,1
14809574,42830,780,42050,Australia,Private room,1,1,67,7,10,9,9,t,1
10788306,42829,1136,41693,Australia,Private room,1.5,1,75,0,,,,f,1
7700034,42829,609,42220,Australia,Private room,1,1,55,0,,,,f,1
14843847,42830,217,42613,Australia,Entire home/apt,1,1,143,3,9,8,8,f,1
6482055,42830,685,42145,Australia,Private room,1,1,100,0,,,,f,1
12936387,42829,1310,41519,Australia,Private room,1,1,131,88,10,10,10,t,1
11705097,42829,883,41946,Australia,Private room,1,1,60,1,8,10,8,f,1
17916046,42829,452,42377,Australia,Private room,2,1,150,0,,,,f,1
11778959,42829,1288,41541,Australia,Private room,1.5,1,169,2,10,10,10,f,1
15707778,42829,173,42656,Australia,Private room,1,1,79,17,10,10,10,f,1
16202983,42830,190,42640,Australia,Entire home/apt,1,2,198,21,9,9,9,t,1
14415991,42829,995,41834,Australia,Private room,2,2,109,15,10,10,10,f,1
16604209,42829,92,42737,Australia,Private room,1,1,95,9,10,10,10,t,1
17497519,42830,1578,41252,Australia,Private room,2.5,1,100,2,10,10,10,t,1
9982196,42829,1409,41420,Australia,Private room,1,1,45,0,,,,f,1
6339292,42829,695,42134,Australia,Entire home/apt,2,1,141,3,9,8,10,t,1
4689308,42829,866,41963,Australia,Entire home/apt,2,2,185,76,9,10,9,t,1
3732068,42830,982,41848,Australia,Private room,1,1,91,56,10,9,10,f,1
10638383,42829,1030,41799,Australia,Private room,1,1,110,18,10,10,9,f,1
10196047,42829,483,42346,Australia,Private room,0,1,29,1,6,10,8,f,1
9983640,42829,875,41954,Australia,Private room,1.5,1,80,1,4,8,6,f,1
15331544,42830,449,42381,Australia,Private room,1,1,95,15,10,10,10,f,1
16901002,42829,229,42600,Australia,Private room,1,1,70,1,,,,t,1
13361805,42829,1193,41636,Australia,Private room,1,1,45,1,10,10,10,f,1
12550095,42830,1265,41565,Australia,Private room,1,1,105,17,9,10,10,f,1
9756533,42829,491,42338,Australia,Private room,1,1,95,1,10,,,f,1
5116542,42830,816,42014,Australia,Private room,1,1,80,0,,,,f,1
16931949,42830,72,42758,Australia,Private room,1,1,75,6,10,9,9,f,1
15857482,42830,494,42336,Australia,Private room,1,1,100,1,10,10,10,f,1
15734572,42828,1440,41388,Australia,Private room,1,1,107,0,,,,f,1
5606543,42829,1786,41043,Australia,Private room,1,1,85,0,,,,f,1
14082882,42829,1317,41512,Australia,Private room,1,1,158,0,,,,f,1
11657971,42829,394,42435,Australia,Private room,1,1,39,1,10,10,10,f,1
17625632,42830,28,42802,Australia,Private room,2,1,49,0,,,,t,1
9763337,42830,491,42339,Australia,Private room,1.5,1,60,5,9,8,9,f,1
9696599,42829,828,42001,Australia,Private room,1,1,70,3,7,9,8,f,1
17211744,42829,53,42776,Australia,Entire home/apt,1,1,148,0,,,,f,1
17166366,42829,702,42127,Australia,Private room,1,1,197,1,8,10,10,f,1
8912495,42830,566,42264,Australia,Private room,2,1,49,2,9,9,9,f,1
16829310,42829,77,42752,Australia,Private room,2,3,80,1,10,10,10,t,1
16865561,42829,185,42644,Australia,Private room,1,1,72,10,6,9,7,t,1
17426766,42830,1147,41683,Australia,Private room,1,1,72,1,6,,,f,1
7285404,42829,707,42122,Australia,Private room,1,1,99,12,8,9,8,t,1
17686778,42829,1437,41392,Australia,Entire home/apt,1,1,175,1,10,10,10,f,1
16179851,42829,1845,40984,Australia,Entire home/apt,1,1,175,17,10,10,10,t,1
17610861,42829,1637,41192,Australia,Private room,1,1,91,0,,,,f,1
16383154,42830,111,42719,Australia,Private room,1,1,75,10,10,9,10,f,1
14410854,42829,328,42501,Australia,Private room,1,1,70,11,10,10,10,f,1
885875,42829,1541,41288,Australia,Private room,1,1,85,94,10,9,9,t,1
6188379,42830,1998,40832,Australia,Private room,1,1,87,47,10,10,10,f,1
8977284,42830,534,42296,Australia,Entire home/apt,1,0,89,112,10,10,9,f,1
16339141,42829,1485,41344,Australia,Private room,1,1,75,18,10,10,10,t,1
4632784,42829,866,41963,Australia,Private room,1,1,75,4,10,10,10,f,1
15332652,42830,1950,40880,Australia,Private room,1.5,1,75,9,10,9,9,f,1
10457736,42829,1985,40844,Australia,Entire home/apt,1,1,142,53,8,10,9,f,1
14809962,42830,780,42050,Australia,Private room,1,1,84,3,10,10,10,t,1
12057014,42830,482,42348,Australia,Private room,1,1,50,0,,,,f,1
16353739,42829,682,42147,Australia,Private room,1,1,67,1,,,,f,1
4924843,42829,832,41997,Australia,Private room,0,1,42,2,9,10,9,f,1
451010,42829,1803,41026,Australia,Private room,1,1,95,123,9,10,9,f,1
13804587,42829,783,42046,Australia,Private room,1,1,100,1,8,8,8,f,1
10525488,42829,454,42375,Australia,Private room,1,1,50,3,2,10,4,f,1
14158822,42829,515,42314,Australia,Private room,1,1,45,0,,,,f,1
11973056,42829,652,42177,Australia,Entire home/apt,2,1,120,7,7,9,8,t,1
10217441,42830,464,42366,Australia,Entire home/apt,1,1,180,11,8,10,9,f,1
12891793,42829,334,42495,Australia,Private room,1,1,92,0,,,,f,1
16499719,42829,107,42722,Australia,Private room,2,1,85,0,,,,t,1
8053708,42829,2204,40625,Australia,Entire home/apt,1,0,110,4,9,8,8,f,1
8427530,42829,566,42263,Australia,Private room,1,1,51,0,,,,f,1
2489020,42830,1130,41700,Australia,Private room,1,1,64,11,8,9,9,f,1
15044501,42829,208,42621,Australia,Private room,0,1,116,0,,,,f,1
17407726,42829,41,42788,Australia,Private room,1.5,2,80,0,,,,t,1
130970,42830,2137,40693,Australia,Private room,1.5,1,91,124,10,10,10,t,1
16181963,42830,268,42562,Australia,Private room,1,1,49,4,8,10,8,f,1
9415002,42829,964,41865,Australia,Private room,1,1,53,12,10,9,9,f,1
4966816,42829,1573,41256,Australia,Private room,2,1,45,31,7,9,8,f,1
13718028,42829,739,42090,Australia,Private room,1,1,30,1,4,10,6,f,1
13754310,42829,279,42550,Australia,Private room,1,1,60,17,9,9,10,f,1
15116215,42830,199,42631,Australia,Private room,1,1,91,42,10,10,10,f,1
9794533,42830,489,42341,Australia,Private room,1,1,50,2,10,10,10,f,1
16905523,42830,72,42758,Australia,Private room,1,1,130,1,10,10,10,f,1
4976984,42830,1574,41256,Australia,Private room,2,1,70,31,8,9,9,t,1
9811307,42829,487,42342,Australia,Private room,1,1,80,1,10,10,10,f,1
9099067,42829,771,42058,Australia,Entire home/apt,1,1,150,2,10,9,9,f,1
12839487,42830,628,42202,Australia,Private room,1,1,45,2,9,8,9,f,1
6416437,42830,1058,41772,Australia,Private room,1,1,80,3,9,9,9,f,1
16831392,42830,78,42752,Australia,Private room,2,3,80,3,10,10,10,t,1
2267570,42829,1177,41652,Australia,Private room,1,1,75,138,10,10,9,f,1
15524108,42829,171,42658,Australia,Entire home/apt,1.5,2,300,1,10,10,8,f,1
14887212,42830,338,42492,Australia,Private room,1,1,35,4,10,10,10,f,1
2421069,42829,2038,40791,Australia,Private room,2,1,60,41,10,10,10,f,1
14596344,42829,921,41908,Australia,Private room,1,1,70,11,10,10,10,f,1
16444796,42829,453,42376,Australia,Private room,1.5,1,91,6,9,9,10,f,1
15290377,42829,900,41929,Australia,Private room,1,1,60,0,,,,t,1
13084849,42830,329,42501,Australia,Private room,1,1,70,15,10,10,9,f,1
15812521,42829,714,42115,Australia,Private room,1,1,80,0,,,,f,1
11243046,42829,1082,41747,Australia,Entire home/apt,1,1,99,3,10,10,9,f,1
8241318,42829,1633,41196,Australia,Private room,1,1,79,0,,,,f,1
978337,42830,1491,41339,Australia,Private room,2,1,85,48,9,9,9,f,1
10215994,42829,943,41886,Australia,Private room,1,1,78,32,10,10,10,f,1
16380966,42829,814,42015,Australia,Private room,1,1,100,2,8,9,9,f,1
8178942,42829,722,42107,Australia,Private room,2,1,39,1,4,8,6,f,1
17485112,42829,175,42654,Australia,Private room,1,1,64,5,10,9,10,f,1
17704272,42829,1136,41693,Australia,Entire home/apt,1.5,2,200,0,,,,f,1
16340520,42829,2017,40812,Australia,Entire home/apt,1,2,205,3,10,10,10,f,1
10089410,42830,1411,41419,Australia,Private room,1.5,1,59,1,8,10,8,f,1
8430044,42830,910,41920,Australia,Private room,1.5,1,64,16,9,10,9,t,1
17981710,42829,1300,41529,Australia,Entire home/apt,2,2,300,0,,,,t,1
17226565,42830,469,42361,Australia,Entire home/apt,1,1,150,4,9,9,10,f,1
17165485,42830,1044,41786,Australia,Private room,1,1,60,2,9,10,9,f,1
10048038,42830,1410,41420,Australia,Entire home/apt,1,1,120,0,,,,f,1
3731634,42830,982,41848,Australia,Private room,1,1,91,2,8,10,7,f,1
16361743,42829,167,42662,Australia,Entire home/apt,2.5,3,300,8,8,9,9,f,1
15047401,42829,208,42621,Australia,Entire home/apt,0,1,95,5,5,8,4,f,1
15775477,42829,1173,41656,Australia,Private room,2,1,169,1,10,10,8,t,1
17351129,42830,816,42014,Australia,Entire home/apt,1,2,300,2,10,10,10,t,1
9565683,42830,2388,40442,Australia,Private room,1,1,191,0,,,,f,1
15441797,42829,512,42317,Australia,Private room,1,1,120,2,4,8,6,f,1
5739266,42829,1314,41515,Australia,Entire home/apt,1,1,116,15,10,10,10,f,1
17995494,42829,1157,41672,Australia,Entire home/apt,1,1,180,0,,,,t,1
16287778,42829,362,42467,Australia,Private room,1,1,150,2,9,9,9,t,1
12032925,42829,519,42310,Australia,Entire home/apt,1,1,141,29,9,10,10,f,1
11803994,42830,659,42171,Australia,Entire home/apt,2,2,300,1,10,10,10,f,1
16441535,42829,117,42712,Australia,Entire home/apt,2,2,250,2,9,10,8,f,1
14678282,42830,536,42294,Australia,Entire home/apt,1,1,100,1,10,10,10,f,1
6267096,42829,1581,41248,Australia,Entire home/apt,1,1,172,0,,,,f,1
6815093,42830,662,42168,Australia,Entire home/apt,3,4,250,8,10,10,10,f,1
17272357,42829,546,42283,Australia,Entire home/apt,1,1,95,0,,,,f,1
17559444,42829,961,41868,Australia,Entire home/apt,2,2,259,0,,,,f,1
12319373,42830,1221,41609,Australia,Entire home/apt,1,0,96,62,10,9,9,f,1
7311194,42829,1260,41569,Australia,Private room,1,1,88,3,10,10,9,f,1
16903338,42830,162,42668,Australia,Private room,2,1,50,0,,,,t,1
16229898,42829,1301,41528,Australia,Entire home/apt,1,2,219,4,10,10,9,f,1
16433331,42829,106,42723,Australia,Entire home/apt,1,2,37,0,,,,t,1
11911957,42829,1013,41816,Australia,Entire home/apt,1,1,80,0,,,,f,1
11248343,42829,519,42310,Australia,Private room,1,1,80,6,9,8,9,f,1
8071087,42830,588,42242,Australia,Private room,5,1,75,0,,,,f,1
9333929,42830,515,42315,Australia,Private room,1,1,102,0,,,,f,1
8119509,42829,1042,41787,Australia,Entire home/apt,1,1,95,2,10,10,10,f,1
9757005,42829,490,42339,Australia,Entire home/apt,1,1,150,4,8,9,9,f,1
15747064,42829,789,42040,Australia,Entire home/apt,1.5,3,384,23,9,10,9,t,1
14078492,42829,714,42115,Australia,Entire home/apt,1.5,2,200,32,10,10,10,f,1
9562891,42830,540,42290,Australia,Entire home/apt,2,2,349,2,10,10,10,f,1
17191073,42829,1157,41672,Australia,Private room,1,1,110,1,10,10,10,f,1
17999134,42829,1188,41641,Australia,Private room,2,2,60,0,,,,t,1
6813470,42830,662,42168,Australia,Entire home/apt,2,3,349,0,,,,f,1
6651257,42830,1582,41248,Australia,Entire home/apt,1,1,171,2,10,10,9,f,1
7793769,42830,1881,40949,Australia,Entire home/apt,1,1,145,17,9,8,9,f,1
4694812,42829,1836,40993,Australia,Private room,1.5,1,125,1,6,6,6,f,1
5806222,42829,739,42090,Australia,Entire home/apt,1,2,200,89,10,10,10,f,1
9822182,42829,586,42243,Australia,Entire home/apt,1,1,130,27,10,9,10,f,1
8779759,42829,545,42284,Australia,Entire home/apt,1,1,116,2,7,8,8,f,1
9370966,42830,513,42317,Australia,Private room,1,1,80,3,9,9,9,f,1
6005073,42830,728,42102,Australia,Entire home/apt,1,2,141,0,,,,f,1
17419034,42829,830,41999,Australia,Private room,1,1,80,0,,,,f,1
17213230,42830,796,42034,Australia,Entire home/apt,2,2,59,2,8,9,10,t,1
11399876,42829,1833,40996,Australia,Entire home/apt,1,0,99,58,10,10,10,f,1
6267053,42829,1581,41248,Australia,Entire home/apt,1,1,167,2,10,10,9,f,1
4641564,42830,1996,40834,Australia,Entire home/apt,1,1,160,89,9,10,9,f,1
10790353,42829,1274,41555,Australia,Entire home/apt,2,2,168,2,9,10,10,t,1
15526720,42830,518,42312,Australia,Entire home/apt,2,3,349,0,,,,f,1
15460827,42830,1788,41042,Australia,Private room,1,1,91,6,9,10,10,f,1
16524864,42829,98,42731,Australia,Private room,1,1,91,2,9,8,9,f,1
16247684,42830,1564,41266,Australia,Entire home/apt,1,1,125,0,,,,f,1
16209344,42829,363,42466,Australia,Private room,2,1,155,18,9,10,10,t,1
12217671,42829,1330,41499,Australia,Entire home/apt,2,1,99,0,,,,f,1
10419878,42830,454,42376,Australia,Private room,1,1,55,4,7,10,8,f,1
17868287,42829,499,42330,Australia,Entire home/apt,1,1,120,0,,,,f,1
17672632,42829,988,41841,Australia,Entire home/apt,1,1,105,0,,,,t,1
13932327,42829,658,42171,Australia,Entire home/apt,1,1,116,20,10,10,10,f,1
16900202,42829,764,42065,Australia,Entire home/apt,2,3,223,1,10,10,10,f,1
9435975,42830,581,42249,Australia,Private room,1,1,75,8,10,10,10,f,1
16243441,42829,325,42504,Australia,Entire home/apt,1,1,110,0,,,,t,1
6367415,42829,947,41882,Australia,Private room,0.5,1,60,1,8,10,10,f,1
11242025,42830,1387,41443,Australia,Entire home/apt,1,1,200,0,,,,f,1
13104942,42830,699,42131,Australia,Private room,1,1,64,12,10,10,10,f,1
17164889,42830,56,42774,Australia,Entire home/apt,1,1,150,5,10,10,10,f,1
10659396,42829,1005,41824,Australia,Entire home/apt,1,2,169,6,10,10,10,t,1
15749825,42829,269,42560,Australia,Shared room,1,1,39,1,6,8,8,t,1
11917455,42829,381,42448,Australia,Entire home/apt,1,1,135,0,,,,t,1
12960357,42830,624,42206,Australia,Private room,1,1,110,1,10,10,10,f,1
4451610,42830,1206,41624,Australia,Entire home/apt,1,1,219,13,9,10,9,f,1
15849163,42829,183,42646,Australia,Private room,1,1,99,0,,,,t,1
2730139,42829,1674,41155,Australia,Entire home/apt,1,1,139,2,6,10,10,f,1
16902426,42830,1138,41692,Australia,Entire home/apt,1,1,180,2,9,10,9,f,1
16028466,42830,888,41942,Australia,Private room,1,1,70,1,10,10,10,f,1
4122196,42830,1053,41777,Australia,Entire home/apt,1,1,105,47,9,8,9,t,1
10349524,42830,457,42373,Australia,Private room,1,1,135,3,7,9,9,f,1
9225320,42829,1481,41348,Australia,Private room,2,1,70,4,8,9,9,f,1
4646481,42830,1024,41806,Australia,Entire home/apt,2,2,300,7,9,9,9,f,1
8977747,42830,2242,40588,Australia,Entire home/apt,1,2,289,1,10,10,10,f,1
14994855,42829,1052,41777,Australia,Entire home/apt,1,1,300,4,10,10,9,f,1
4702998,42829,885,41944,Australia,Entire home/apt,1,1,200,1,10,10,10,f,1
16884170,42829,882,41947,Australia,Private room,1,1,78,2,10,9,8,t,1
2291780,42830,1164,41666,Australia,Entire home/apt,2,2,215,56,9,9,9,f,1
6177319,42829,708,42121,Australia,Entire home/apt,1,1,166,0,,,,f,1
8104720,42829,2204,40625,Australia,Entire home/apt,2.5,2,120,1,,10,10,f,1
16314973,42830,117,42713,Australia,Shared room,1,1,28,1,8,8,8,t,1
7925363,42830,596,42234,Australia,Entire home/apt,1,1,120,0,,,,f,1
15035623,42830,204,42626,Australia,Shared room,1,1,91,0,,,,f,1
829119,42830,1580,41250,Australia,Entire home/apt,1,2,300,72,8,10,9,t,1
11726566,42829,421,42408,Australia,Shared room,1,1,30,0,,,,f,1
14265878,42829,1126,41703,Australia,Private room,1,1,95,4,10,10,10,f,1
16316163,42830,1797,41033,Australia,Entire home/apt,1,1,120,2,10,8,10,f,1
13499397,42830,405,42425,Australia,Entire home/apt,2,3,296,28,10,10,10,f,1
16769433,42829,1196,41633,Australia,Entire home/apt,2,3,259,4,10,10,10,t,1
386997,42830,1846,40984,Australia,Entire home/apt,1,2,210,87,10,9,9,t,1
17906790,42828,394,42434,Australia,Shared room,2,1,35,0,,,,t,1
15709357,42829,168,42661,Australia,Entire home/apt,1,1,139,0,,,,t,1
13073397,42830,1150,41680,Australia,Private room,1,1,99,12,10,9,10,f,1
17737354,42830,108,42722,Australia,Entire home/apt,1,0,102,2,9,10,10,t,1
15398991,42829,180,42649,Australia,Private room,1,1,64,8,9,9,9,t,1
10076370,42829,477,42352,Australia,Shared room,2,1,60,2,4,7,4,f,1
5039174,42829,1098,41731,Australia,Private room,1,1,269,3,10,10,9,f,1
5039303,42829,1098,41731,Australia,Private room,0,1,259,4,10,10,10,f,1
16432799,42829,2267,40562,Australia,Entire home/apt,2,3,420,0,,,,f,1
4645513,42829,864,41965,Australia,Entire home/apt,1,2,200,6,10,10,10,f,1
16232876,42829,732,42097,Australia,Entire home/apt,1,1,99,1,10,10,10,f,1
12906828,42830,754,42076,Australia,Private room,1,1,120,0,,,,f,1
2547558,42829,1121,41708,Australia,Entire home/apt,2,2,296,99,10,10,10,t,1
16836091,42830,1005,41825,Australia,Entire home/apt,1,1,91,0,,,,t,1
10155544,42829,1188,41641,Australia,Private room,1,1,80,3,10,10,10,f,1
13352622,42829,407,42422,Australia,Entire home/apt,1,2,198,52,10,10,10,t,1
4925606,42829,832,41997,Australia,Private room,1,1,72,3,8,8,10,f,1
7977298,42829,1645,41184,Australia,Entire home/apt,1,2,120,1,10,10,10,f,1
10655221,42829,1749,41080,Australia,Private room,1,1,100,0,,,,f,1
13628258,42830,956,41874,Australia,Private room,1,1,55,0,,,,t,1
9757844,42829,2169,40660,Australia,Entire home/apt,1,1,300,1,10,8,6,f,1
16408713,42829,1715,41114,Australia,Private room,1,1,50,0,,,,f,1
15186470,42829,956,41873,Australia,Entire home/apt,1,1,91,58,10,10,10,f,1
13414849,42829,428,42401,Australia,Entire home/apt,1,1,100,2,6,9,6,t,1
8257317,42830,577,42253,Australia,Entire home/apt,1.5,1,96,0,,,,f,1
9435208,42830,510,42320,Australia,Private room,1.5,1,60,1,10,,,f,1
7922169,42829,1267,41562,Australia,Entire home/apt,1,1,300,1,10,10,10,f,1
15748969,42829,940,41889,Australia,Entire home/apt,2,2,399,4,9,10,10,t,1
16035477,42829,715,42114,Australia,Private room,1,1,80,0,,,,f,1
9037496,42830,531,42299,Australia,Private room,1,1,85,1,10,10,10,f,1
16383737,42830,1188,41642,Australia,Entire home/apt,2,2,285,1,10,10,10,t,1
8977770,42830,534,42296,Australia,Private room,1,1,95,24,10,10,10,f,1
17032006,42829,399,42430,Australia,Entire home/apt,2,3,455,5,8,10,10,f,1
8973757,42830,1568,41262,Australia,Private room,1,1,55,1,10,10,10,f,1
10398044,42829,1232,41597,Australia,Entire home/apt,1,0,225,1,10,10,10,f,1
4062195,42830,2025,40805,Australia,Entire home/apt,1,1,151,60,9,9,9,f,1
4842030,42829,1209,41620,Australia,Entire home/apt,1,1,160,21,10,10,10,f,1
7329047,42830,632,42198,Australia,Entire home/apt,2,3,200,2,8,10,9,f,1
14537508,42830,490,42340,Australia,Entire home/apt,1,0,100,10,9,10,9,t,1
8137216,42829,582,42247,Australia,Private room,1.5,1,35,0,,,,f,1
9565526,42830,590,42240,Australia,Entire home/apt,1.5,2,420,1,10,10,10,f,1
10091022,42829,471,42358,Australia,Entire home/apt,1,1,200,0,,,,f,1
6694917,42829,669,42160,Australia,Entire home/apt,1,1,296,5,8,10,8,f,1
16394366,42829,110,42719,Australia,Private room,1,1,80,3,7,10,8,t,1
17994944,42829,773,42056,Australia,Private room,1,1,100,0,,,,t,1
15526316,42830,306,42524,Australia,Entire home/apt,1,1,250,0,,,,f,1
14527434,42829,1915,40914,Australia,Entire home/apt,1,1,160,7,9,9,10,f,1
17964578,42829,6,42823,Australia,Private room,2,1,197,0,,,,f,1
15263859,42830,1191,41639,Australia,Entire home/apt,1,1,150,18,10,10,10,f,1
5106548,42829,1098,41731,Australia,Private room,1,1,399,0,,,,f,1
17224716,42829,654,42175,Australia,Private room,1,1,70,0,,,,f,1
1962624,42830,1232,41598,Australia,Entire home/apt,1,2,180,2,9,10,9,f,1
13135760,42828,379,42449,Australia,Private room,1,1,100,0,,,,f,1
17835463,42829,505,42324,Australia,Private room,2,1,125,0,,,,t,1
17031596,42829,353,42476,Australia,Private room,1,1,88,6,10,10,9,t,1
17613713,42829,28,42801,Australia,Private room,4,1,141,0,,,,f,1
16113233,42829,965,41864,Australia,Private room,1,1,99,2,10,10,10,f,1
10726797,42829,756,42073,Australia,Entire home/apt,2,2,250,0,,,,f,1
12711287,42830,855,41975,Australia,Private room,1,1,150,7,10,10,9,t,1
17948867,42829,931,41898,Australia,Entire home/apt,1,1,125,0,,,,f,1
8213191,42830,1483,41347,Australia,Private room,1,1,53,0,,,,f,1
17752621,42829,19,42810,Australia,Entire home/apt,2,2,180,0,,,,t,1
1417229,42829,1353,41476,Australia,Entire home/apt,2,2,390,37,8,9,8,f,1
2877534,42829,1075,41754,Australia,Entire home/apt,2,2,260,96,10,10,10,t,1
7659661,42829,612,42217,Australia,Private room,1.5,1,91,2,9,10,9,f,1
15500449,42829,429,42400,Australia,Entire home/apt,2,2,250,10,10,10,10,f,1
9868557,42829,1110,41719,Australia,Entire home/apt,3,4,750,0,,,,f,1
9888481,42829,482,42347,Australia,Private room,1.5,1,60,0,,,,f,1
16244823,42829,121,42708,Australia,Entire home/apt,1,1,175,3,9,9,9,f,1
15438448,42829,176,42653,Australia,Entire home/apt,1,0,99,2,10,10,10,f,1
10087494,42830,1000,41830,Australia,Entire home/apt,1.5,1,1000,0,,,,f,1
13803633,42829,903,41926,Australia,Private room,1,1,39,0,,,,t,1
9084491,42829,962,41867,Australia,Entire home/apt,2,2,219,6,10,10,10,f,1
13565613,42830,862,41968,Australia,Private room,1,1,54,0,,,,f,1
8580687,42830,1156,41674,Australia,Entire home/apt,3,3,600,2,8,9,9,f,1
4979959,42830,1394,41436,Australia,Private room,1,1,75,9,9,10,9,f,1
18008405,42829,1932,40897,Australia,Entire home/apt,1,1,145,0,,,,f,1
17659063,42830,1498,41332,Australia,Entire home/apt,1,1,200,1,10,10,10,t,1
4674783,42830,1846,40984,Australia,Entire home/apt,1.5,1,169,41,10,9,9,f,1
9478373,42829,637,42192,Australia,Private room,1,1,80,1,8,,,t,1
15062100,42829,1597,41232,Australia,Entire home/apt,1,1,150,12,10,10,10,f,1
9436414,42829,690,42139,Australia,Private room,1,1,75,1,,,,f,1
8909951,42830,951,41879,Australia,Private room,1,1,55,4,9,10,10,f,1
2256891,42830,1170,41660,Australia,Private room,1,1,68,15,10,9,9,f,1
8240469,42829,1423,41406,Australia,Entire home/apt,1,2,141,1,10,8,8,f,1
6415400,42829,1417,41412,Australia,Entire home/apt,1.5,1,166,8,10,9,9,f,1
2858677,42829,1077,41752,Australia,Entire home/apt,1,1,131,42,10,9,10,f,1
5288331,42829,2476,40353,Australia,Entire home/apt,1,1,145,51,10,9,10,f,1
2673807,42829,1850,40979,Australia,Entire home/apt,1,0,155,51,9,9,9,f,1
915313,42829,1790,41039,Australia,Private room,1,1,79,73,10,9,10,f,1
1870595,42829,1861,40968,Australia,Entire home/apt,1,1,85,0,,,,f,1
16316392,42830,2843,39987,Australia,Private room,1,1,96,2,10,10,10,f,1
17613188,42829,27,42802,Australia,Entire home/apt,1,0,105,0,,,,t,1
5807106,42829,2055,40774,Australia,Private room,2,1,50,2,8,10,10,f,1
17865576,42829,144,42685,Australia,Entire home/apt,2,1,250,0,,,,f,1
6938824,42829,653,42176,Australia,Private room,1.5,1,60,3,9,10,10,f,1
16052479,42829,310,42519,Australia,Entire home/apt,1.5,1,160,3,10,10,10,f,1
16741470,42830,376,42454,Australia,Entire home/apt,2,2,145,3,10,9,10,f,1
11704407,42829,1519,41310,Australia,Entire home/apt,2,2,139,1,10,10,10,t,1
15945608,42829,640,42189,Australia,Entire home/apt,2,2,169,5,10,10,10,f,1
6452097,42830,688,42142,Australia,Entire home/apt,1,1,70,3,9,9,10,f,1
16180233,42829,455,42374,Australia,Entire home/apt,1,1,127,31,8,9,9,f,1
15005940,42830,209,42621,Australia,Private room,0,1,91,0,,,,f,1
7271064,42829,634,42195,Australia,Shared room,1,1,33,1,4,10,10,f,1
17030963,42829,303,42526,Australia,Entire home/apt,2,3,360,1,10,10,8,f,1
6214720,42830,1665,41165,Australia,Entire home/apt,1,1,109,6,8,9,9,f,1
16353348,42829,295,42534,Australia,Private room,1,1,50,1,6,6,6,f,1
9483486,42829,505,42324,Australia,Entire home/apt,2,2,268,46,8,9,9,f,1
16045451,42829,887,41942,Australia,Entire home/apt,2,2,160,1,8,10,8,t,1
16432225,42829,854,41975,Australia,Private room,1,1,100,1,10,10,10,f,1
4702448,42829,856,41973,Australia,Entire home/apt,2.5,2,240,1,10,8,10,f,1
11198854,42829,651,42178,Australia,Entire home/apt,2.5,3,286,28,10,9,9,f,1
4230682,42829,1216,41613,Australia,Entire home/apt,1,1,78,0,,,,t,1
17463160,42829,518,42311,Australia,Entire home/apt,2,1,160,1,10,10,10,t,1
12236086,42829,1577,41252,Australia,Private room,1,1,59,5,9,10,10,f,1
11854822,42829,513,42316,Australia,Entire home/apt,1,1,99,0,,,,f,1
16247199,42830,700,42130,Australia,Entire home/apt,1,2,451,0,,,,f,1
17817893,42829,286,42543,Australia,Private room,1,1,80,0,,,,f,1
2848174,42830,1090,41740,Australia,Private room,1,1,147,21,9,10,10,f,1
17496549,42829,540,42289,Australia,Entire home/apt,2,2,200,0,,,,f,1
9824213,42830,1779,41051,Australia,Entire home/apt,1.5,3,490,1,8,8,10,f,1
16180385,42829,126,42703,Australia,Private room,1,1,75,1,10,10,10,f,1
10414724,42830,1362,41468,Australia,Entire home/apt,1,2,100,0,,,,f,1
15917282,42829,1682,41147,Australia,Entire home/apt,1,1,120,14,9,9,9,t,1
11659366,42830,395,42435,Australia,Entire home/apt,1,1,80,6,9,10,10,f,1
14410395,42829,1543,41286,Australia,Private room,1,1,64,6,10,10,9,f,1
17410601,42829,1597,41232,Australia,Entire home/apt,1,1,110,0,,,,f,1
15047417,42829,979,41850,Australia,Entire home/apt,1,1,169,10,10,10,9,t,1
1299303,42830,1612,41218,Australia,Entire home/apt,2,2,219,73,9,10,9,f,1
2009096,42830,2120,40710,Australia,Entire home/apt,2,1,248,0,,,,f,1
17164550,42830,2040,40790,Australia,Entire home/apt,2.5,3,670,1,10,10,10,f,1
9799847,42829,487,42342,Australia,Entire home/apt,2,3,285,5,9,10,10,f,1
13536444,42829,777,42052,Australia,Private room,2,1,28,0,,,,f,1
12311669,42829,372,42457,Australia,Entire home/apt,2,2,300,3,9,10,10,f,1
8317766,42830,929,41901,Australia,Entire home/apt,1,1,110,54,10,9,9,f,1
9370544,42830,513,42317,Australia,Entire home/apt,2,2,349,0,,,,f,1
17755045,42830,1230,41600,Australia,Entire home/apt,1,2,188,0,,,,t,1
8958580,42829,824,42005,Australia,Entire home/apt,1,1,200,1,10,10,10,f,1
3522623,42829,1465,41364,Australia,Entire home/apt,1,1,296,0,,,,f,1
4646446,42830,1719,41111,Australia,Entire home/apt,1,2,230,5,9,8,8,f,1
17159210,42829,1043,41786,Australia,Entire home/apt,1,1,250,0,,,,f,1
4770483,42829,978,41851,Australia,Entire home/apt,1,1,95,3,7,9,9,f,1
6146414,42829,1464,41365,Australia,Entire home/apt,1,1,169,37,10,10,10,f,1
2093225,42830,1411,41419,Australia,Entire home/apt,1,1,120,5,8,10,9,f,1
8295259,42829,1147,41682,Australia,Entire home/apt,1,1,100,2,7,10,8,f,1
5807206,42829,2055,40774,Australia,Private room,2,1,100,0,,,,f,1
9288930,42829,632,42197,Australia,Entire home/apt,1,1,110,0,,,,f,1
9864676,42829,1618,41211,Australia,Entire home/apt,1,0,116,67,10,10,10,f,1
8040129,42829,867,41962,Australia,Entire home/apt,1,1,120,0,,,,f,1
3220207,42829,1037,41792,Australia,Entire home/apt,1,1,166,0,,,,f,1
7776797,42829,689,42140,Australia,Entire home/apt,1,1,191,1,8,10,8,f,1
781701,42830,1606,41224,Australia,Entire home/apt,1,1,141,170,10,10,10,f,1
2731103,42829,1094,41735,Australia,Entire home/apt,1,1,141,1,10,10,10,f,1
16317374,42829,1087,41742,Australia,Entire home/apt,2,2,501,1,10,10,10,f,1
16427659,42829,1155,41674,Australia,Entire home/apt,1,1,135,0,,,,f,1
6328638,42829,1173,41656,Australia,Entire home/apt,1,1,99,2,,10,8,t,1
11003192,42829,953,41876,Australia,Entire home/apt,1,1,150,5,10,9,10,f,1
8058082,42830,1288,41542,Australia,Entire home/apt,1,1,148,4,9,10,10,f,1
15646713,42829,1275,41554,Australia,Private room,1,1,70,5,9,10,10,f,1
9686171,42829,495,42334,Australia,Entire home/apt,1.5,1,145,1,10,10,10,f,1
10203711,42829,464,42365,Australia,Shared room,0.5,1,197,0,,,,f,1
17017414,42829,268,42561,Australia,Entire home/apt,1,1,150,3,10,9,9,f,1
4968164,42829,821,42008,Australia,Entire home/apt,1,1,91,4,10,8,9,f,1
4577376,42829,1099,41730,Australia,Entire home/apt,1,1,120,7,10,10,10,f,1
9697379,42830,494,42336,Australia,Entire home/apt,1,1,141,0,,,,f,1
15975456,42829,140,42689,Australia,Private room,1,1,150,2,10,9,9,f,1
10283724,42830,1555,41275,Australia,Private room,1.5,1,60,4,10,10,10,f,1
16419221,42829,286,42543,Australia,Entire home/apt,1,1,120,0,,,,f,1
16572597,42829,94,42735,Australia,Shared room,2,1,75,0,,,,t,1
16442938,42830,984,41846,Australia,Entire home/apt,1,1,171,5,10,10,9,t,1
15330507,42830,1750,41080,Australia,Entire home/apt,1,1,127,2,10,10,10,f,1
15847165,42829,1765,41064,Australia,Entire home/apt,2.5,2,501,0,,,,f,1
9563943,42830,951,41879,Australia,Shared room,1,1,29,11,7,9,8,f,1
14935979,42830,635,42195,Australia,Entire home/apt,1,0,100,16,10,10,10,f,1
15043819,42829,208,42621,Australia,Private room,0,1,95,0,,,,f,1
2095386,42830,1206,41624,Australia,Entire home/apt,1,1,145,28,9,10,9,f,1
15923846,42830,1633,41197,Australia,Entire home/apt,2,4,230,8,10,10,9,f,1
17001034,42830,190,42640,Australia,Shared room,1,1,45,2,10,8,10,f,1
15525942,42830,1119,41711,Australia,Entire home/apt,1,1,210,0,,,,f,1
9829776,42830,1015,41815,Australia,Entire home/apt,1,1,150,2,6,8,8,f,1
16627498,42829,950,41879,Australia,Shared room,1,1,30,1,2,10,8,t,1
14390200,42829,1706,41123,Australia,Entire home/apt,1.5,3,300,29,9,9,10,f,1
3987839,42829,950,41879,Australia,Shared room,1,1,30,19,7,8,8,f,1
1243792,42830,1399,41431,Australia,Entire home/apt,1,1,125,193,10,10,10,t,1
6135203,42829,711,42118,Australia,Entire home/apt,1,1,110,0,,,,f,1
9082151,42829,1098,41731,Australia,Entire home/apt,1,1,109,1,6,10,8,f,1
10656719,42829,2258,40571,Australia,Entire home/apt,1.5,2,180,17,10,10,10,f,1
7667264,42830,612,42218,Australia,Private room,2,1,50,8,9,10,9,f,1
9477371,42829,1249,41580,Australia,Private room,1,1,50,1,10,10,10,f,1
17802324,42830,16,42814,Australia,Entire home/apt,1,3,180,0,,,,f,1
10887621,42830,434,42396,Australia,Entire home/apt,2,2,158,0,,,,f,1
10087771,42829,472,42357,Australia,Entire home/apt,1,1,78,2,10,8,10,f,1
15062814,42829,208,42621,Australia,Private room,1,1,145,2,8,8,7,f,1
9479630,42829,550,42279,Australia,Private room,1,1,64,0,,,,f,1
17828859,42830,1647,41183,Australia,Private room,1,1,70,1,10,10,10,f,1
8582906,42830,557,42273,Australia,Private room,1,1,120,0,,,,f,1
9482726,42829,822,42007,Australia,Private room,1,1,55,1,10,10,10,f,1
16181959,42830,841,41989,Australia,Entire home/apt,1,1,120,1,10,10,10,f,1
7296004,42829,632,42197,Australia,Entire home/apt,1,1,120,0,,,,f,1
14788093,42829,613,42216,Australia,Entire home/apt,1,1,120,28,10,10,9,f,1
10023275,42829,722,42107,Australia,Private room,1,1,130,0,,,,f,1
3783102,42829,1322,41507,Australia,Entire home/apt,1,2,219,13,10,9,9,f,1
9956976,42830,1865,40965,Australia,Private room,1,1,55,3,9,10,10,f,1
11532098,42830,603,42227,Australia,Entire home/apt,2,4,650,26,10,10,9,f,1
16165476,42829,1682,41147,Australia,Entire home/apt,1,1,100,0,,,,f,1
1244376,42830,1482,41348,Australia,Entire home/apt,1,2,280,27,10,8,9,f,1
6479826,42829,685,42144,Australia,Entire home/apt,1,1,80,0,,,,f,1
9204435,42829,522,42307,Australia,Entire home/apt,1,1,160,0,,,,f,1
9827731,42830,487,42343,Australia,Entire home/apt,1,1,112,70,10,10,10,f,1
15239088,42829,940,41889,Australia,Entire home/apt,2,4,250,18,8,9,9,f,1
259037,42830,2091,40739,Australia,Entire home/apt,1,1,150,29,10,9,10,f,1
2012332,42829,1221,41608,Australia,Entire home/apt,1.5,0,99,34,10,9,10,f,1
8832183,42829,565,42264,Australia,Entire home/apt,1,1,200,1,10,10,8,f,1
16968147,42830,449,42381,Australia,Private room,1,1,64,2,10,10,8,f,1
9826596,42830,1149,41681,Australia,Entire home/apt,1.5,1,250,0,,,,f,1
8359545,42829,2482,40347,Australia,Entire home/apt,1,1,135,2,9,10,9,f,1
8526078,42830,1257,41573,Australia,Private room,2,1,64,1,10,10,10,f,1
5015514,42829,815,42014,Australia,Entire home/apt,1,0,130,71,10,10,9,t,1
11462468,42830,407,42423,Australia,Entire home/apt,2,4,399,41,10,9,10,f,1
9947212,42829,993,41836,Australia,Private room,1,1,78,1,10,8,8,f,1
367070,42829,1857,40972,Australia,Entire home/apt,1,2,120,3,9,9,9,f,1
15006515,42829,208,42621,Australia,Private room,0,1,91,1,2,10,8,f,1
16368613,42829,390,42439,Australia,Entire home/apt,2,2,205,0,,,,t,1
689701,42829,1983,40846,Australia,Entire home/apt,1,2,275,18,9,10,9,f,1
10656391,42829,1102,41727,Australia,Private room,1,1,71,0,,,,t,1
4433272,42829,912,41917,Australia,Entire home/apt,2,1,159,1,10,8,10,f,1
16229837,42829,1585,41244,Australia,Entire home/apt,1,2,200,5,8,10,8,t,1
16247917,42830,1331,41499,Australia,Entire home/apt,1,1,116,2,10,10,10,f,1
16622191,42829,800,42029,Australia,Entire home/apt,1,1,89,0,,,,f,1
6591484,42829,810,42019,Australia,Entire home/apt,2,2,100,4,8,10,9,t,1
17295059,42830,1358,41472,Australia,Entire home/apt,1,0,80,0,,,,t,1
16640782,42830,90,42740,Australia,Private room,2.5,1,130,0,,,,t,1
16379304,42830,1568,41262,Australia,Private room,1,1,169,2,9,10,8,f,1
16774870,42829,408,42421,Australia,Private room,1,1,75,1,8,10,10,f,1
13035502,42830,1154,41676,Australia,Private room,1,1,55,2,9,10,10,f,1
14165783,42829,979,41850,Australia,Private room,1,1,109,25,9,10,9,t,1
4709958,42829,867,41962,Australia,Private room,1.5,1,451,1,10,10,10,f,1
5935589,42829,1318,41511,Australia,Private room,1,1,148,0,,,,f,1
16579574,42830,95,42735,Australia,Private room,1,1,106,14,10,10,10,f,1
10711025,42830,1336,41494,Australia,Entire home/apt,1,1,102,2,10,10,10,f,1
15846977,42829,593,42236,Australia,Entire home/apt,1.5,1,300,2,10,10,10,f,1
11662806,42830,2236,40594,Australia,Private room,1,1,130,0,,,,f,1
15593693,42830,335,42495,Australia,Entire home/apt,1,0,150,15,9,10,9,f,1
12501859,42829,1235,41594,Australia,Entire home/apt,1,2,175,20,10,10,10,f,1
324918,42829,1910,40919,Australia,Entire home/apt,1.5,2,250,5,10,10,10,f,1
17823851,42830,16,42814,Australia,Private room,2,2,229,0,,,,t,1
11599492,42830,601,42229,Australia,Entire home/apt,1,1,155,63,10,10,9,t,1
14653284,42829,1371,41458,Australia,Private room,1,1,96,9,10,10,9,f,1
16182902,42830,501,42329,Australia,Private room,1,1,129,14,10,10,10,t,1
16508828,42830,583,42247,Australia,Private room,1,1,130,4,10,10,10,f,1
9959792,42829,1819,41010,Australia,Private room,1,1,100,1,6,10,6,f,1
14935386,42829,1396,41433,Australia,Private room,1,1,120,16,10,9,10,f,1
9960607,42830,479,42351,Australia,Private room,2.5,1,130,0,,,,f,1
6812825,42830,663,42167,Australia,Private room,1,1,70,2,10,10,8,f,1
9884790,42829,895,41934,Australia,Private room,2,1,55,1,8,10,10,f,1
7988274,42829,592,42237,Australia,Entire home/apt,2,2,260,116,9,9,9,f,1
9829699,42830,1472,41358,Australia,Private room,1,1,200,4,9,10,10,t,1
3273069,42830,1142,41688,Australia,Private room,1,1,72,0,,,,f,1
14937287,42830,1052,41778,Australia,Entire home/apt,1,0,152,0,,,,f,1
12315886,42830,361,42469,Australia,Private room,1,1,80,0,,,,f,1
17690814,42830,1696,41134,Australia,Private room,2,1,39,0,,,,f,1
2046826,42829,2092,40737,Australia,Entire home/apt,1,1,180,146,9,10,9,f,1
9893952,42830,682,42148,Australia,Private room,2,1,120,0,,,,f,1
15859256,42829,882,41947,Australia,Entire home/apt,1,2,200,1,6,10,10,f,1
16360296,42829,827,42002,Australia,Private room,2,1,110,24,9,10,9,f,1
12841993,42829,866,41963,Australia,Private room,2,1,72,0,,,,t,1
10477728,42829,909,41920,Australia,Private room,1,1,64,8,8,9,9,t,1
17885957,42830,392,42438,Australia,Entire home/apt,1,3,235,0,,,,t,1
14412823,42830,400,42430,Australia,Private room,1,1,137,0,,,,f,1
11107725,42830,690,42140,Australia,Private room,2,1,92,12,9,10,9,f,1
9870148,42830,876,41954,Australia,Private room,2,1,130,1,10,10,10,f,1
521984,42829,1767,41062,Australia,Entire home/apt,1,2,210,28,7,10,8,f,1
15005158,42830,209,42621,Australia,Entire home/apt,0,1,91,2,8,9,5,f,1
17563543,42830,1544,41286,Australia,Entire home/apt,1,2,145,0,,,,f,1
15439601,42829,884,41945,Australia,Private room,1,1,53,2,10,9,9,f,1
11069652,42830,708,42122,Australia,Entire home/apt,2,3,368,52,8,10,9,t,1
17462286,42830,38,42792,Australia,Private room,1,1,150,0,,,,t,1
13758768,42829,279,42550,Australia,Private room,1,1,63,4,8,9,9,f,1
17033132,42830,682,42148,Australia,Private room,1,1,250,0,,,,t,1
17486083,42830,977,41853,Australia,Private room,1,1,70,0,,,,t,1
16088697,42830,207,42623,Australia,Private room,1,1,79,1,10,10,10,t,1
18010957,42829,1380,41449,Australia,Private room,1,1,75,0,,,,f,1
17668123,42829,1330,41499,Australia,Private room,1,1,64,0,,,,f,1
14614177,42830,230,42600,Australia,Entire home/apt,1,1,145,19,10,10,10,t,1
15918793,42830,504,42326,Australia,Private room,2,1,55,1,10,10,10,f,1
16507240,42829,1512,41317,Australia,Private room,1,1,139,0,,,,f,1
15721749,42829,555,42274,Australia,Private room,1,1,95,23,10,10,10,f,1
14143033,42830,1425,41405,Australia,Private room,2,1,64,1,10,10,10,f,1
15918138,42829,269,42560,Australia,Private room,1,1,135,3,10,10,9,f,1
17100619,42830,61,42769,Australia,Private room,1,1,50,0,,,,t,1
10207324,42829,464,42365,Australia,Private room,1.5,1,135,42,9,10,9,f,1
12843285,42829,1473,41356,Australia,Private room,2,1,75,38,9,10,10,f,1
17751931,42829,1094,41735,Australia,Private room,1,1,180,0,,,,f,1
8447333,42829,793,42036,Australia,Private room,1,1,129,30,9,10,10,t,1
17097350,42829,280,42549,Australia,Private room,1,1,80,1,10,10,10,f,1
17212008,42829,1509,41320,Australia,Private room,1,1,395,0,,,,f,1
16313411,42829,1048,41781,Australia,Private room,1,1,100,0,,,,f,1
16315518,42830,344,42486,Australia,Private room,1,1,50,0,,,,f,1
8255895,42830,577,42253,Australia,Private room,1.5,1,91,55,9,10,10,f,1
2419091,42830,1142,41688,Australia,Entire home/apt,1,0,100,14,7,9,8,f,1
10692056,42829,857,41972,Australia,Private room,1,1,79,1,4,8,6,f,1
9960580,42830,1359,41471,Australia,Private room,2.5,1,125,0,,,,f,1
4979560,42830,873,41957,Australia,Private room,1,1,67,125,10,10,10,f,1
5635118,42830,755,42075,Australia,Private room,1,1,79,1,4,8,6,f,1
11399293,42829,652,42177,Australia,Entire home/apt,1,2,160,44,10,10,9,t,1
10002609,42829,1686,41143,Australia,Private room,1,1,85,2,6,10,8,f,1
9889436,42830,1578,41252,Australia,Private room,1,1,55,4,5,6,4,f,1
17098753,42830,1064,41766,Australia,Private room,2,1,150,1,6,10,8,t,1
14013552,42829,566,42263,Australia,Private room,1,1,63,0,,,,f,1
11595579,42829,397,42432,Australia,Entire home/apt,1,0,110,38,9,10,9,f,1
7767876,42829,707,42122,Australia,Private room,1,1,81,17,9,9,9,t,1
17626676,42830,1137,41693,Australia,Private room,1,0,91,0,,,,f,1
13036140,42830,750,42080,Australia,Private room,1.5,1,72,0,,,,f,1
13362739,42830,612,42218,Australia,Entire home/apt,1,1,148,1,8,10,8,f,1
6414525,42829,1803,41026,Australia,Private room,1,1,91,40,9,10,9,f,1
9500306,42830,505,42325,Australia,Entire home/apt,1,0,120,1,,,,t,1
17096872,42829,1398,41431,Australia,Entire home/apt,1,2,180,2,10,10,10,f,1
15648048,42829,307,42522,Australia,Entire home/apt,1.5,1,180,1,8,10,10,f,1
16381218,42829,111,42718,Australia,Private room,2,2,219,0,,,,t,1
4647390,42830,1228,41602,Australia,Private room,1,1,125,9,10,10,9,f,1
11530944,42830,1166,41664,Australia,Private room,1,1,79,11,10,10,9,f,1
1769170,42830,1393,41437,Australia,Private room,1,1,45,90,8,10,9,t,1
17560855,42830,104,42726,Australia,Private room,1,1,55,0,,,,t,1
10295637,42829,1721,41108,Australia,Private room,1,1,120,13,9,10,9,f,1
15749469,42830,497,42333,Australia,Private room,1,1,88,3,6,9,8,t,1
10412108,42829,1148,41681,Australia,Private room,1,1,120,6,10,10,10,f,1
17752457,42829,456,42373,Australia,Entire home/apt,2,2,160,0,,,,f,1
9698646,42830,982,41848,Australia,Private room,1,1,100,44,10,10,10,f,1
2089199,42829,1206,41623,Australia,Private room,1,1,80,59,9,10,9,f,1
9759274,42830,606,42224,Australia,Entire home/apt,1,1,120,22,9,10,9,f,1
16092767,42829,921,41908,Australia,Private room,2,1,179,1,10,10,10,f,1
17706847,42829,1891,40938,Australia,Private room,1,1,60,0,,,,f,1
16383423,42830,111,42719,Australia,Private room,1,1,150,1,10,10,10,f,1
4841328,42829,1631,41198,Australia,Private room,1,1,180,0,,,,f,1
16230407,42829,672,42157,Australia,Private room,1,1,80,1,10,10,10,f,1
9501814,42830,1783,41047,Australia,Private room,1,1,91,3,6,10,9,f,1
10980927,42829,545,42284,Australia,Private room,1,1,75,31,8,9,9,f,1
516032,42829,1767,41062,Australia,Entire home/apt,1,1,169,33,9,10,8,f,1
11396574,42830,964,41866,Australia,Private room,1,1,80,40,10,10,10,t,1
16093217,42829,921,41908,Australia,Private room,2,1,125,8,10,10,10,f,1
6415395,42829,690,42139,Australia,Private room,1,1,85,0,,,,f,1
9742280,42830,491,42339,Australia,Private room,1,1,55,0,,,,f,1
15301300,42830,187,42643,Australia,Private room,0.5,1,121,2,10,10,10,t,1
10548551,42829,448,42381,Australia,Private room,1,1,120,13,9,10,8,t,1
1932948,42830,1239,41591,Australia,Entire home/apt,1,2,99,22,9,10,10,f,1
13820435,42829,2427,40402,Australia,Private room,1,1,80,10,8,10,9,f,1
16536221,42829,226,42603,Australia,Private room,1,1,600,0,,,,t,1
8245430,42829,587,42242,Australia,Entire home/apt,1,1,135,32,10,10,10,f,1
15486474,42829,1816,41013,Australia,Entire home/apt,1,1,225,2,10,10,10,t,1
8781459,42830,1054,41776,Australia,Private room,1,1,74,11,10,10,9,f,1
17870298,42829,864,41965,Australia,Entire home/apt,1,1,145,1,10,10,10,t,1
17819085,42830,703,42127,Australia,Private room,2,1,102,1,10,10,10,t,1
16443466,42830,510,42320,Australia,Private room,1.5,1,110,2,10,10,10,f,1
16381066,42830,1616,41214,Australia,Entire home/apt,1,1,180,3,9,9,9,f,1
9888472,42829,484,42345,Australia,Private room,1,1,70,0,,,,f,1
16301574,42830,1258,41572,Australia,Private room,1,1,164,0,,,,f,1
15791441,42829,272,42557,Australia,Entire home/apt,2,2,250,25,9,10,9,t,1
17438197,42829,504,42325,Australia,Private room,1,1,70,0,,,,f,1
17366286,42830,130,42700,Australia,Private room,1,1,60,0,,,,f,1
12216408,42830,479,42351,Australia,Private room,1,1,95,1,10,10,10,f,1
4433001,42829,890,41939,Australia,Private room,2,1,81,6,10,10,10,f,1
8834612,42829,841,41988,Australia,Private room,2,1,80,2,8,10,9,f,1
2222844,42830,1176,41654,Australia,Private room,1,1,64,54,9,10,9,f,1
14875834,42830,219,42611,Australia,Private room,1,1,99,26,10,10,9,f,1
5433641,42830,773,42057,Australia,Private room,1,1,70,8,10,10,10,t,1
16383110,42830,846,41984,Australia,Private room,1,3,110,15,9,10,10,f,1
10414321,42830,455,42375,Australia,Entire home/apt,1,1,251,6,10,10,10,f,1
17301162,42830,1653,41177,Australia,Private room,1,1,130,0,,,,f,1
7665506,42830,642,42188,Australia,Private room,2,1,95,58,9,10,10,f,1
283378,42828,1946,40882,Australia,Private room,,1,275,0,,,,f,1
11290434,42829,413,42416,Australia,Private room,2,1,75,1,6,10,10,f,1
17293444,42829,652,42177,Australia,Entire home/apt,1,1,160,3,8,10,9,t,1
17948792,42829,6,42823,Australia,Private room,1,1,70,0,,,,f,1
17424237,42829,40,42789,Australia,Private room,1,1,109,1,10,10,10,t,1
15455564,42830,262,42568,Australia,Private room,1,1,70,1,6,10,8,f,1
15877351,42828,243,42585,Australia,Private room,1,1,64,0,,,,f,1
14733151,42829,1941,40888,Australia,Entire home/apt,3,3,700,18,10,9,9,t,1
17626465,42830,683,42147,Australia,Private room,2,2,413,0,,,,f,1
2608366,42829,1839,40990,Australia,Entire home/apt,1,1,150,80,10,10,10,f,1
10005313,42829,484,42345,Australia,Private room,2,1,141,0,,,,t,1
15265453,42830,398,42432,Australia,Entire home/apt,1,0,89,9,9,10,10,f,1
16695807,42829,2043,40786,Australia,Private room,1,1,70,0,,,,t,1
5367375,42830,1804,41026,Australia,Private room,1,1,95,18,9,10,9,f,1
17162149,42829,1431,41398,Australia,Private room,2,2,150,3,10,10,9,f,1
16245235,42829,1284,41545,Australia,Private room,1,1,99,3,10,10,10,f,1
3989395,42829,989,41840,Australia,Entire home/apt,1,0,179,137,10,10,10,f,1
6203030,42830,707,42123,Australia,Entire home/apt,1,2,180,84,9,9,9,t,1
10091634,42830,1070,41760,Australia,Entire home/apt,2,2,900,0,,,,t,1
15201046,42830,479,42351,Australia,Private room,1,1,85,2,10,10,10,f,1
15330810,42830,1081,41749,Australia,Entire home/apt,2,2,285,49,9,10,9,t,1
9956899,42830,812,42018,Australia,Entire home/apt,1,1,200,25,9,10,9,f,1
9927775,42830,1081,41749,Australia,Private room,1,1,80,0,,,,f,1
16218943,42830,621,42209,Australia,Entire home/apt,1,1,198,38,10,10,9,f,1
16382113,42830,2275,40555,Australia,Entire home/apt,1,1,390,0,,,,t,1
5486021,42830,1158,41672,Australia,Entire home/apt,1,0,130,28,9,10,9,f,1
6214350,42830,1910,40920,Australia,Entire home/apt,1,1,169,12,10,10,10,f,1
6397327,42829,909,41920,Australia,Entire home/apt,1,1,148,117,9,10,9,t,1
15923044,42829,145,42684,Australia,Entire home/apt,1,2,230,13,9,10,9,t,1
17097788,42829,734,42095,Australia,Entire home/apt,1,1,141,0,,,,t,1
16382728,42830,1235,41595,Australia,Entire home/apt,1,1,130,8,9,9,9,t,1
16445449,42830,226,42604,Australia,Private room,1,1,91,9,10,10,10,f,1
7536245,42830,1416,41414,Australia,Entire home/apt,1,0,116,14,8,10,9,f,1
9239802,42830,1197,41633,Australia,Entire home/apt,1,0,129,48,9,9,9,f,1
12971524,42830,901,41929,Australia,Entire home/apt,1,0,85,0,,,,f,1
17672055,42829,374,42455,Australia,Private room,1,2,80,0,,,,f,1
9562391,42830,834,41996,Australia,Private room,2,1,78,3,10,10,10,f,1
4389186,42829,896,41933,Australia,Entire home/apt,1,1,250,14,10,10,9,f,1
15652443,42829,1113,41716,Australia,Entire home/apt,1,1,179,5,10,10,10,t,1
16813644,42829,473,42356,Australia,Entire home/apt,1,1,169,5,8,10,9,t,1
6661036,42829,1364,41465,Australia,Entire home/apt,1,2,194,58,9,10,9,t,1
4499095,42830,1167,41663,Australia,Entire home/apt,1,1,219,36,10,10,10,f,1
14129401,42829,2001,40828,Australia,Entire home/apt,1,0,290,5,8,10,9,f,1
4663780,42830,864,41966,Australia,Private room,1,1,120,8,7,9,8,f,1
17228030,42829,614,42215,Australia,Entire home/apt,1,1,150,6,10,10,10,t,1
4158092,42830,927,41903,Australia,Private room,1,1,110,40,10,10,10,f,1
12119402,42830,1058,41772,Australia,Entire home/apt,2,2,239,2,9,9,10,f,1
16446679,42830,484,42346,Australia,Entire home/apt,1,1,169,13,9,10,9,f,1
15849006,42829,176,42653,Australia,Private room,1,1,80,2,10,9,9,f,1
7665358,42829,616,42213,Australia,Private room,1,1,150,5,10,9,10,f,1
9495756,42829,505,42324,Australia,Entire home/apt,1,2,495,0,,,,f,1
17686377,42829,1030,41799,Australia,Private room,1,1,80,0,,,,f,1
8585205,42830,800,42030,Australia,Entire home/apt,1,0,99,32,9,10,9,f,1
9632356,42830,498,42332,Australia,Private room,1,1,75,4,10,10,10,f,1
7115364,42829,1585,41244,Australia,Entire home/apt,1,2,315,12,9,9,7,t,1
8906351,42830,539,42291,Australia,Entire home/apt,1,1,200,9,9,10,9,f,1
12939084,42830,471,42359,Australia,Entire home/apt,1,1,58,0,,,,f,1
1110985,42829,1439,41390,Australia,Entire home/apt,2,2,240,33,9,9,9,f,1
16099648,42829,1345,41484,Australia,Private room,1,1,204,0,,,,f,1
16125785,42828,729,42099,Australia,Entire home/apt,1,1,229,4,10,10,9,t,1
17027417,42830,971,41859,Australia,Entire home/apt,1.5,3,275,6,8,10,9,t,1
9761685,42830,490,42340,Australia,Entire home/apt,1,1,141,3,8,10,10,f,1
14259073,42829,859,41970,Australia,Private room,2,1,120,0,,,,f,1
7294500,42829,886,41943,Australia,Entire home/apt,1,1,169,2,10,8,8,t,1
6941132,42830,732,42098,Australia,Entire home/apt,2,2,380,6,9,10,9,f,1
1285342,42829,1385,41444,Australia,Entire home/apt,1,1,120,10,10,10,10,f,1
15116222,42829,1057,41772,Australia,Entire home/apt,2.5,3,399,1,8,10,6,f,1
8372046,42829,737,42092,Australia,Entire home/apt,1,1,118,71,10,10,9,t,1
15331394,42830,1314,41516,Australia,Entire home/apt,1,0,164,49,9,10,10,t,1
11679348,42830,430,42400,Australia,Entire home/apt,2,3,349,55,9,10,9,f,1
12231053,42829,636,42193,Australia,Private room,1.5,1,100,3,7,9,9,f,1
1899179,42830,1438,41392,Australia,Entire home/apt,1,1,160,0,,,,f,1
6837442,42830,871,41959,Australia,Entire home/apt,1,2,244,134,10,9,9,f,1
16290793,42829,117,42712,Australia,Entire home/apt,2,2,300,2,10,10,10,t,1
17301271,42830,225,42605,Australia,Entire home/apt,1,1,169,0,,,,t,1
12252657,42830,1175,41655,Australia,Entire home/apt,1,1,125,11,9,10,10,f,1
3126080,42829,1047,41782,Australia,Entire home/apt,1,1,141,14,9,9,10,f,1
2811001,42829,1429,41400,Australia,Entire home/apt,1,1,230,37,10,10,10,f,1
8513541,42830,813,42017,Australia,Entire home/apt,1,1,125,0,,,,f,1
8638979,42829,552,42277,Australia,Entire home/apt,1,1,150,2,8,10,9,f,1
11399891,42829,1715,41114,Australia,Entire home/apt,1,1,300,10,10,10,9,f,1
8974359,42830,2907,39923,Australia,Entire home/apt,1,2,288,20,10,10,9,f,1
2090216,42829,2379,40450,Australia,Entire home/apt,1,1,70,6,9,10,10,f,1
7861047,42829,1043,41786,Australia,Entire home/apt,1,1,150,0,,,,f,1
9240361,42830,1044,41786,Australia,Entire home/apt,2,2,399,0,,,,f,1
9304054,42830,516,42314,Australia,Entire home/apt,1,2,250,0,,,,f,1
8908579,42830,939,41891,Australia,Entire home/apt,1,0,120,48,10,10,10,f,1
9435937,42830,749,42081,Australia,Entire home/apt,1,1,200,1,10,10,10,f,1
9534386,42830,829,42001,Australia,Entire home/apt,1,1,210,0,,,,f,1
9600153,42830,603,42227,Australia,Entire home/apt,1,0,150,0,,,,f,1
9614538,42830,499,42331,Australia,Entire home/apt,1,2,200,1,8,10,10,f,1
16416666,42830,1135,41695,Australia,Entire home/apt,1,2,349,3,9,10,9,f,1
9631766,42830,534,42296,Australia,Entire home/apt,1,1,374,0,,,,f,1
16246562,42830,1034,41796,Australia,Entire home/apt,1,0,150,6,10,10,10,f,1
9698201,42830,494,42336,Australia,Entire home/apt,1,1,150,0,,,,f,1
9759465,42830,1044,41786,Australia,Entire home/apt,1.5,2,399,0,,,,f,1
9761603,42829,1089,41740,Australia,Entire home/apt,1,1,85,0,,,,f,1
10024105,42830,476,42354,Australia,Entire home/apt,1,1,129,11,9,9,9,f,1
10156519,42830,1778,41052,Australia,Entire home/apt,1,2,347,2,9,8,6,f,1
10154721,42830,469,42361,Australia,Entire home/apt,1,0,120,0,,,,f,1
16755189,42830,1551,41279,Australia,Entire home/apt,1,1,141,9,10,10,10,f,1
10871292,42829,1842,40987,Australia,Entire home/apt,1,0,89,10,9,10,10,f,1
11004707,42830,428,42402,Australia,Private room,1,1,93,1,,,,t,1
11067226,42829,775,42054,Australia,Private room,1.5,1,67,0,,,,f,1
11008018,42830,451,42379,Australia,Private room,1,1,99,13,9,10,9,f,1
3013164,42830,1061,41769,Australia,Entire home/apt,1,1,120,1,10,8,8,f,1
6892009,42829,656,42173,Australia,Shared room,0,1,38,57,8,10,9,f,1
17101848,42830,60,42770,Australia,Entire home/apt,1,2,250,1,10,,,t,1
11403210,42830,646,42184,Australia,Entire home/apt,1,1,180,44,10,10,10,f,1
11500243,42830,494,42336,Australia,Private room,1,1,120,4,10,10,9,f,1
9698151,42830,1248,41582,Australia,Private room,1,1,110,7,8,9,8,f,1
11593895,42830,398,42432,Australia,Entire home/apt,1,1,155,6,8,10,8,t,1
16151643,42830,311,42519,Australia,Shared room,2,1,35,0,,,,t,1
8123183,42829,583,42246,Australia,Entire home/apt,1,1,141,7,7,9,9,f,1
12116369,42829,1342,41487,Australia,Entire home/apt,1,1,160,1,10,10,10,f,1
15264040,42830,807,42023,Australia,Shared room,2,1,50,1,10,10,10,f,1
13303566,42830,921,41909,Australia,Shared room,1,1,35,0,,,,f,1
12385932,42830,1000,41830,Australia,Entire home/apt,1,0,200,0,,,,f,1
16118731,42830,342,42488,Australia,Shared room,3,1,189,3,10,7,10,t,1
12654718,42829,1469,41360,Australia,Entire home/apt,2,1,200,3,9,8,9,f,1
12632120,42829,388,42441,Australia,Entire home/apt,2.5,4,750,0,,,,f,1
12710116,42829,1981,40848,Australia,Private room,1,1,60,3,10,9,10,f,1
12835920,42829,337,42492,Australia,Entire home/apt,1,1,100,2,10,9,10,f,1
9829930,42830,1306,41524,Australia,Entire home/apt,2,2,451,0,,,,f,1
13103265,42830,322,42508,Australia,Entire home/apt,1,1,349,2,10,10,9,f,1
13106226,42830,479,42351,Australia,Private room,1,1,85,2,9,10,9,f,1
13238059,42830,335,42495,Australia,Entire home/apt,1,0,169,1,10,10,10,f,1
17821320,42830,59,42771,Australia,Entire home/apt,1,1,114,3,9,9,9,t,1
2883356,42830,1901,40929,Australia,Entire home/apt,1,1,200,28,9,9,9,f,1
13565313,42830,422,42408,Australia,Entire home/apt,2,2,200,1,10,10,10,f,1
17884238,42829,32,42797,Australia,Entire home/apt,1,1,189,0,,,,t,1
13563879,42829,292,42537,Australia,Private room,1,1,100,12,9,9,9,f,1
13885896,42829,1742,41087,Australia,Private room,1.5,1,54,0,,,,f,1
14016953,42829,1013,41816,Australia,Entire home/apt,2,2,390,5,9,7,9,f,1
14154344,42830,1351,41479,Australia,Private room,1,1,110,1,10,10,10,f,1
14282614,42829,1057,41772,Australia,Entire home/apt,2.5,3,451,2,8,10,9,f,1
14347675,42830,244,42586,Australia,Entire home/apt,2,2,120,2,10,9,9,f,1
14541218,42829,476,42353,Australia,Entire home/apt,1,1,385,2,10,10,8,f,1
14542612,42830,233,42597,Australia,Entire home/apt,2,1,100,1,10,8,10,f,1
14614496,42830,433,42397,Australia,Entire home/apt,1,1,451,1,8,10,10,f,1
15203394,42830,1774,41056,Australia,Entire home/apt,1,1,125,13,9,9,9,f,1
15258325,42830,189,42641,Australia,Entire home/apt,1,1,108,3,10,,10,f,1
15462530,42830,961,41869,Australia,Shared room,1,1,37,0,,,,f,1
9567840,42830,910,41920,Australia,Entire home/apt,1,1,148,72,9,10,9,t,1
15746976,42830,158,42672,Australia,Entire home/apt,2,2,250,0,,,,f,1
15753637,42829,189,42640,Australia,Entire home/apt,2.5,2,800,3,10,9,10,f,1
15837504,42829,1213,41616,Australia,Private room,1,1,64,6,9,9,10,f,1
15859296,42830,1196,41634,Australia,Entire home/apt,1,1,200,0,,,,f,1
15875201,42829,469,42360,Australia,Entire home/apt,1,1,250,5,9,10,9,t,1
16044566,42830,808,42022,Australia,Entire home/apt,1,2,441,1,10,10,8,f,1
2484129,42830,1206,41624,Australia,Entire home/apt,1,0,148,41,9,10,9,f,1
2094674,42829,1226,41603,Australia,Private room,1,1,148,7,9,10,9,f,1
13163385,42830,317,42513,Australia,Entire home/apt,2,2,247,14,9,10,9,t,1
16244605,42829,1843,40986,Australia,Entire home/apt,1.5,2,225,1,6,10,8,f,1
16275787,42829,119,42710,Australia,Entire home/apt,2,2,420,8,9,10,9,f,1
17097666,42829,1229,41600,Australia,Entire home/apt,1,1,148,2,10,10,10,t,1
16313981,42829,201,42628,Australia,Private room,1,1,91,0,,,,f,1
16314306,42830,157,42673,Australia,Private room,1,1,80,11,10,10,10,f,1
16381633,42830,112,42718,Australia,Entire home/apt,1,1,150,0,,,,f,1
16380963,42830,843,41987,Australia,Entire home/apt,1,1,191,8,10,10,10,f,1
16508983,42830,1503,41327,Australia,Entire home/apt,1,1,125,1,8,8,8,f,1
17097519,42829,1313,41516,Australia,Entire home/apt,1,1,173,6,10,10,9,t,1
17166085,42830,196,42634,Australia,Private room,1,1,100,0,,,,t,1
2093929,42829,1228,41601,Australia,Entire home/apt,1,1,120,61,9,10,9,f,1
17365843,42830,47,42783,Australia,Entire home/apt,1,0,180,0,,,,f,1
17533759,42829,1043,41786,Australia,Entire home/apt,2,2,399,0,,,,f,1
14002746,42829,871,41958,Australia,Entire home/apt,1,1,198,7,10,10,10,f,1
6327821,42829,1002,41827,Australia,Entire home/apt,1,1,169,60,10,10,9,t,1
16314416,42829,1097,41732,Australia,Entire home/apt,1,1,130,1,8,10,10,f,1
5041030,42830,1094,41736,Australia,Entire home/apt,1,1,150,60,9,10,9,f,1
14408460,42829,1064,41765,Australia,Entire home/apt,2,2,279,48,8,9,8,t,1
12798290,42829,1408,41421,Australia,Entire home/apt,1,1,180,16,10,10,10,f,1
4646991,42830,2236,40594,Australia,Entire home/apt,2,4,349,5,8,10,10,f,1
17222576,42829,1674,41155,Australia,Entire home/apt,1,1,399,0,,,,f,1
16366019,42829,919,41910,Australia,Entire home/apt,1,0,120,18,10,10,10,f,1
14650414,42829,1681,41148,Australia,Entire home/apt,1,1,229,23,10,10,10,f,1
16305446,42829,116,42713,Australia,Entire home/apt,1,1,120,1,10,10,8,t,1
11852274,42829,1064,41765,Australia,Entire home/apt,1,1,229,78,9,10,9,t,1
16549336,42829,1313,41516,Australia,Entire home/apt,1,1,164,28,8,10,9,t,1
17015483,42829,824,42005,Australia,Entire home/apt,1,1,271,6,10,10,10,f,1
15694609,42830,545,42285,Australia,Entire home/apt,1,0,100,14,9,10,10,f,1
9302382,42830,1216,41614,Australia,Entire home/apt,2,2,398,16,9,10,9,t,1
2285412,42829,1941,40888,Australia,Entire home/apt,1,1,130,12,9,9,9,f,1
8977830,42830,1396,41434,Australia,Entire home/apt,1,1,155,38,10,10,10,f,1
1742617,42829,1281,41548,Australia,Entire home/apt,1,1,150,13,10,10,9,f,1
15064206,42829,1186,41643,Australia,Entire home/apt,1,1,150,11,9,9,9,t,1
13624361,42829,1051,41778,Australia,Entire home/apt,1,1,160,7,7,10,9,f,1
4710223,42829,856,41973,Australia,Entire home/apt,1,0,155,22,9,10,9,f,1
16028709,42829,137,42692,Australia,Entire home/apt,1,0,87,28,9,10,10,t,1
9684678,42829,494,42335,Australia,Entire home/apt,1,1,194,7,10,10,10,f,1
9957633,42830,918,41912,Australia,Entire home/apt,1,0,120,6,9,10,9,f,1
17226800,42829,51,42778,Australia,Entire home/apt,1,2,250,7,9,10,9,t,1
3132617,42829,1770,41059,Australia,Entire home/apt,1,1,200,3,10,10,9,f,1
10732393,42829,1769,41060,Australia,Entire home/apt,1,1,138,42,10,10,10,f,1
16587005,42829,864,41965,Australia,Entire home/apt,2,2,301,21,10,10,10,t,1
5231396,42829,851,41978,Australia,Entire home/apt,1,1,276,5,10,10,9,t,1
8241167,42829,1108,41721,Australia,Entire home/apt,1.5,2,240,12,8,9,9,f,1
13673643,42829,285,42544,Australia,Entire home/apt,1,0,70,2,10,10,8,f,1
8171448,42829,1441,41388,Australia,Entire home/apt,1,1,141,88,10,10,9,f,1
4832192,42829,963,41866,Australia,Entire home/apt,1,1,156,5,10,10,10,f,1
9887690,42829,509,42320,Australia,Entire home/apt,2,3,265,4,10,10,10,t,1
16572725,42829,397,42432,Australia,Entire home/apt,1,1,89,4,10,10,10,f,1
7132426,42830,1157,41673,Australia,Entire home/apt,1,1,141,122,9,9,9,t,1
434094,42829,1880,40949,Australia,Entire home/apt,2.5,2,399,16,10,10,10,f,1
16756012,42829,1414,41415,Australia,Entire home/apt,1,1,487,3,9,10,10,t,1
5848768,42828,1263,41565,Australia,Entire home/apt,1,0,98,90,10,9,9,f,1
15333509,42829,651,42178,Australia,Entire home/apt,1,0,120,2,10,10,10,f,1
17855319,42830,306,42524,Australia,Entire home/apt,2,2,501,2,10,10,10,t,1
13606145,42829,429,42400,Australia,Entire home/apt,2,2,250,17,9,10,9,f,1
750197,42830,1626,41204,Australia,Entire home/apt,1,1,116,171,9,9,9,f,1
13499531,42830,1314,41516,Australia,Entire home/apt,1,1,173,68,10,10,9,t,1
4387602,42830,898,41932,Australia,Entire home/apt,1,0,127,69,9,10,9,f,1
17497368,42830,98,42732,Australia,Entire home/apt,1,1,166,3,9,10,9,t,1
13529946,42830,920,41910,Australia,Entire home/apt,1,0,130,63,10,10,10,f,1
17406235,42829,2174,40655,Australia,Entire home/apt,1,0,130,1,10,10,10,t,1
2777998,42829,1088,41741,Australia,Entire home/apt,2,1,175,2,10,10,10,t,1
6887179,42829,1389,41440,Australia,Entire home/apt,1,0,120,77,9,10,10,t,1
12908279,42829,332,42497,Australia,Entire home/apt,1,1,145,13,10,10,10,t,1
12042520,42829,760,42069,Australia,Entire home/apt,1,2,200,2,9,10,9,f,1
15606878,42829,429,42400,Australia,Entire home/apt,2.5,3,399,12,8,10,9,f,1
11326107,42829,611,42218,Australia,Entire home/apt,1,0,120,47,10,10,10,f,1
9616020,42829,563,42266,Australia,Entire home/apt,1,1,110,36,9,10,9,f,1
15243641,42829,2189,40640,Australia,Entire home/apt,1,1,198,17,10,10,10,f,1
16445733,42829,123,42706,Australia,Entire home/apt,1,0,141,17,10,10,10,f,1
5366904,42829,1399,41430,Australia,Entire home/apt,1,1,80,43,9,10,9,f,1
17160006,42829,1064,41765,Australia,Entire home/apt,2,2,269,16,9,10,10,f,1
6614155,42830,691,42139,Australia,Entire home/apt,1,1,130,1,10,10,10,f,1
5074337,42829,815,42014,Australia,Entire home/apt,1,0,120,1,8,8,8,f,1
17949300,42829,392,42437,Australia,Entire home/apt,1,2,200,0,,,,t,1
14737368,42829,474,42355,Australia,Entire home/apt,1,1,169,13,7,10,8,f,1
15859654,42830,1314,41516,Australia,Entire home/apt,1,0,145,35,9,10,9,t,1
11778629,42829,1797,41032,Australia,Entire home/apt,1,2,151,2,10,10,8,f,1
14327677,42829,600,42229,Australia,Entire home/apt,1,1,162,37,10,10,10,f,1
8024417,42830,1393,41437,Australia,Entire home/apt,1,3,250,34,9,10,9,t,1
9563095,42830,502,42328,Australia,Entire home/apt,1,0,141,40,9,10,9,t,1
14920502,42829,1051,41778,Australia,Entire home/apt,1,1,145,4,9,10,9,f,1
16290949,42829,502,42327,Australia,Entire home/apt,1.5,4,650,0,,,,f,1
16383801,42830,187,42643,Australia,Entire home/apt,1,2,260,4,10,10,10,f,1
13592555,42830,360,42470,Australia,Entire home/apt,2.5,3,551,45,10,10,10,f,1
16232732,42829,1243,41586,Australia,Entire home/apt,1,2,200,5,10,10,9,f,1
15648337,42829,163,42666,Australia,Entire home/apt,1,1,175,2,8,10,10,f,1
17815997,42829,558,42271,Australia,Entire home/apt,1,2,158,0,,,,t,1
13624508,42829,1051,41778,Australia,Entire home/apt,1,1,151,6,9,10,9,f,1
13675327,42829,285,42544,Australia,Entire home/apt,1,1,175,64,10,9,9,f,1
8763745,42829,896,41933,Australia,Entire home/apt,1,1,129,2,9,9,8,f,1
11258659,42829,1025,41804,Australia,Entire home/apt,1,0,110,53,10,10,9,f,1
9957729,42829,1252,41577,Australia,Entire home/apt,1,0,120,6,8,9,8,f,1
13284113,42828,307,42521,Australia,Entire home/apt,1,0,80,0,,,,t,1
9958132,42829,1358,41471,Australia,Entire home/apt,2.5,4,440,0,,,,f,1
9015396,42829,531,42298,Australia,Entire home/apt,1,2,250,6,9,10,10,t,1
11948443,42829,380,42449,Australia,Entire home/apt,1,1,100,0,,,,f,1
10392062,42829,809,42020,Australia,Entire home/apt,1,2,349,11,9,10,9,f,1
11105149,42830,1633,41197,Australia,Entire home/apt,2,2,169,49,9,10,10,f,1
9548028,42829,1210,41619,Australia,Entire home/apt,1,1,95,3,10,10,9,f,1
6018104,42829,1493,41336,Australia,Entire home/apt,1,2,230,7,10,10,10,f,1
10019519,42829,1262,41567,Australia,Entire home/apt,1,1,100,53,9,10,9,f,1
15399307,42830,2124,40706,Australia,Entire home/apt,2,2,240,7,9,10,10,f,1
13163376,42829,316,42513,Australia,Entire home/apt,1,2,197,1,,,,t,1
6217892,42829,705,42124,Australia,Entire home/apt,1,2,225,0,,,,f,1
5086638,42829,1017,41812,Australia,Entire home/apt,1,3,219,130,9,10,9,f,1
16222819,42829,1645,41184,Australia,Entire home/apt,1,1,169,4,9,10,10,f,1
16411678,42830,2045,40785,Australia,Entire home/apt,1,0,141,11,10,10,10,f,1
15328344,42829,620,42209,Australia,Entire home/apt,1.5,1,198,37,10,10,10,f,1
9172734,42829,1735,41094,Australia,Entire home/apt,1,1,148,10,9,10,10,f,1
12907691,42830,333,42497,Australia,Entire home/apt,2,2,215,59,9,10,10,f,1
8974719,42830,1779,41051,Australia,Entire home/apt,1,1,152,17,10,10,10,f,1
17352608,42829,47,42782,Australia,Entire home/apt,1.5,2,650,0,,,,f,1
12908348,42829,1064,41765,Australia,Entire home/apt,1,1,239,52,9,10,9,f,1
13361446,42829,1598,41231,Australia,Entire home/apt,2,2,215,25,10,10,9,f,1
10210901,42829,1022,41807,Australia,Entire home/apt,1,1,179,3,9,10,10,f,1
7180607,42829,863,41966,Australia,Entire home/apt,1,1,160,8,8,10,9,f,1
6945487,42830,1913,40917,Australia,Entire home/apt,1,1,180,2,10,10,10,f,1
7337012,42830,827,42003,Australia,Entire home/apt,1,1,125,33,9,10,9,f,1
13495759,42830,297,42533,Australia,Entire home/apt,1,1,100,1,10,10,10,f,1
9597886,42830,1232,41598,Australia,Entire home/apt,2,2,275,4,10,10,10,f,1
11589855,42829,398,42431,Australia,Entire home/apt,1,1,250,0,,,,f,1
9871869,42829,542,42287,Australia,Entire home/apt,1,1,501,2,9,9,10,f,1
9032500,42830,1058,41772,Australia,Entire home/apt,1,1,155,6,10,10,10,f,1
15902157,42829,146,42683,Australia,Entire home/apt,2.5,3,451,2,10,10,10,f,1
6216222,42829,1844,40985,Australia,Entire home/apt,1,1,169,42,9,10,9,f,1
16455007,42828,116,42712,Australia,Entire home/apt,2,3,349,3,9,10,9,f,1
3201626,42829,1038,41791,Australia,Entire home/apt,1,1,91,8,8,10,10,t,1
9413057,42829,510,42319,Australia,Entire home/apt,2,4,399,64,9,10,9,f,1
14306655,42829,1026,41803,Australia,Entire home/apt,1,1,120,48,10,10,10,f,1
9370260,42830,514,42316,Australia,Entire home/apt,1,3,296,4,10,10,10,f,1
9419573,42829,509,42320,Australia,Entire home/apt,1,1,125,3,9,10,9,f,1
15245946,42829,1743,41086,Australia,Entire home/apt,1,1,141,0,,,,f,1
16441987,42829,117,42712,Australia,Entire home/apt,2,2,250,8,9,10,10,f,1
7337985,42830,693,42137,Australia,Entire home/apt,1,0,185,24,9,10,9,f,1
12592683,42829,1057,41772,Australia,Entire home/apt,1,0,150,4,10,10,9,f,1
8315153,42829,572,42257,Australia,Entire home/apt,1,0,109,51,9,10,9,f,1
11103711,42830,432,42398,Australia,Entire home/apt,1,0,120,17,10,10,9,t,1
8574896,42829,1703,41126,Australia,Entire home/apt,1,1,169,4,9,9,8,f,1
4318712,42830,2426,40404,Australia,Entire home/apt,1,2,296,19,10,10,9,f,1
9696817,42830,1616,41214,Australia,Entire home/apt,2,3,501,0,,,,f,1
16354277,42829,456,42373,Australia,Entire home/apt,2,1,250,0,,,,t,1
17487844,42829,1751,41078,Australia,Entire home/apt,1,1,139,0,,,,f,1
1985162,42828,1802,41026,Australia,Entire home/apt,1,1,185,6,9,10,9,t,1
10022384,42830,477,42353,Australia,Entire home/apt,1,2,268,1,8,8,8,f,1
5762403,42830,842,41988,Australia,Entire home/apt,1,1,239,1,4,10,4,f,1
13351638,42829,939,41890,Australia,Entire home/apt,1.5,2,200,48,9,10,9,t,1
15398808,42829,1043,41786,Australia,Entire home/apt,2,2,501,0,,,,f,1
2299737,42828,1160,41668,Australia,Entire home/apt,1,1,219,26,9,10,9,f,1
13595339,42829,1091,41738,Australia,Entire home/apt,1,0,125,20,10,10,9,f,1
10061034,42829,1777,41052,Australia,Entire home/apt,1,3,414,4,10,10,10,f,1
15977899,42829,140,42689,Australia,Entire home/apt,1,1,225,0,,,,f,1
11461835,42829,1431,41398,Australia,Entire home/apt,2,2,349,1,10,10,10,f,1
16697890,42829,196,42633,Australia,Entire home/apt,1,1,139,0,,,,t,1
8493589,42829,1768,41061,Australia,Entire home/apt,1,2,250,24,10,10,10,f,1
2079482,42829,1774,41055,Australia,Entire home/apt,1,1,80,167,8,9,9,t,1
7769342,42829,1150,41679,Australia,Entire home/apt,1,2,275,33,9,10,10,f,1
8177158,42829,580,42249,Australia,Entire home/apt,1,1,148,40,9,10,9,t,1
16429854,42829,1418,41411,Australia,Entire home/apt,1,1,150,4,8,10,10,t,1
14529088,42829,1467,41362,Australia,Entire home/apt,1,1,141,2,10,10,10,f,1
14327777,42829,1495,41334,Australia,Entire home/apt,2,2,250,39,10,10,9,f,1
5959062,42830,738,42092,Australia,Entire home/apt,1,1,150,0,,,,f,1
6093450,42830,716,42114,Australia,Entire home/apt,1,1,250,2,10,10,10,t,1
13285031,42829,643,42186,Australia,Entire home/apt,1,0,95,6,8,10,9,f,1
17623279,42830,683,42147,Australia,Entire home/apt,2,2,1000,0,,,,t,1
17925206,42829,31,42798,Australia,Entire home/apt,1,1,169,0,,,,f,1
9762140,42830,879,41951,Australia,Entire home/apt,1,1,180,1,10,10,10,f,1
1962771,42830,1385,41445,Australia,Entire home/apt,2,2,349,5,10,10,10,f,1
11643923,42829,394,42435,Australia,Entire home/apt,1,0,180,39,10,10,10,f,1
17331615,42830,61,42769,Australia,Entire home/apt,1,1,175,0,,,,f,1
17408169,42829,652,42177,Australia,Entire home/apt,2,2,191,1,10,10,10,t,1
767295,42829,1638,41191,Australia,Entire home/apt,1,1,135,205,10,9,9,t,1
7791178,42829,2113,40716,Australia,Entire home/apt,1,1,135,76,10,9,10,f,1
16498195,42829,797,42032,Australia,Entire home/apt,2,2,390,0,,,,f,1
12836614,42829,1357,41472,Australia,Entire home/apt,1,0,116,10,10,10,10,f,1
17738193,42829,474,42355,Australia,Entire home/apt,1,1,169,0,,,,t,1
13163388,42829,316,42513,Australia,Entire home/apt,0,2,202,3,9,9,9,t,1
11302154,42829,1941,40888,Australia,Entire home/apt,1,2,685,6,9,9,9,t,1
6007664,42829,721,42108,Australia,Entire home/apt,2,2,300,19,10,10,10,f,1
842792,42829,1573,41256,Australia,Entire home/apt,3,3,675,17,9,10,9,t,1
17472863,42829,36,42793,Australia,Entire home/apt,1,1,150,1,4,6,6,t,1
16206828,42829,919,41910,Australia,Entire home/apt,1,1,150,25,10,10,10,f,1
2074880,42829,1240,41589,Australia,Entire home/apt,1,1,200,27,9,10,9,f,1
17624898,42830,1582,41248,Australia,Entire home/apt,1,1,180,0,,,,f,1
10081062,42829,799,42030,Australia,Entire home/apt,1,0,100,25,10,9,10,f,1
15122590,42829,197,42632,Australia,Entire home/apt,1,1,120,2,10,10,10,f,1
9685784,42829,493,42336,Australia,Entire home/apt,1,2,250,1,6,8,8,f,1
14342010,42829,1420,41409,Australia,Entire home/apt,1,1,76,1,10,10,10,f,1
7974059,42829,592,42237,Australia,Entire home/apt,2,2,775,12,10,10,10,t,1
13299549,42830,1052,41778,Australia,Entire home/apt,1,2,197,17,8,9,9,f,1
4422562,42830,914,41916,Australia,Entire home/apt,1,2,250,11,9,10,8,t,1
11321543,42829,412,42417,Australia,Entire home/apt,1,1,166,3,10,9,9,f,1
6419146,42830,690,42140,Australia,Entire home/apt,1,1,120,2,10,10,10,t,1
16617838,42829,215,42614,Australia,Entire home/apt,1,0,99,4,9,9,9,t,1
8450171,42830,1201,41629,Australia,Entire home/apt,1.5,2,200,0,,,,f,1
9301633,42830,1571,41259,Australia,Entire home/apt,1,0,110,59,9,10,9,f,1
8292666,42829,1071,41758,Australia,Entire home/apt,1,0,135,75,9,9,9,f,1
17795663,42829,16,42813,Australia,Entire home/apt,2,2,219,2,10,10,10,f,1
5108549,42830,806,42024,Australia,Entire home/apt,1.5,3,390,7,9,9,10,f,1
9554532,42829,501,42328,Australia,Entire home/apt,1,0,120,13,10,10,9,t,1
4688175,42829,859,41970,Australia,Entire home/apt,1,0,95,6,8,10,10,f,1
9285836,42829,1426,41403,Australia,Entire home/apt,1,2,250,2,10,10,10,f,1
17468994,42829,1735,41094,Australia,Entire home/apt,1,2,230,4,9,10,9,f,1
12763893,42829,937,41892,Australia,Entire home/apt,2,2,346,3,8,10,9,f,1
6582145,42830,1582,41248,Australia,Entire home/apt,1,1,176,1,10,10,8,f,1
3458117,42829,1553,41276,Australia,Entire home/apt,1,2,300,13,10,10,9,f,1
12310205,42829,692,42137,Australia,Entire home/apt,2,2,285,4,10,10,10,f,1
1818152,42829,1263,41566,Australia,Entire home/apt,1,1,219,2,10,9,9,f,1
16147583,42829,427,42402,Australia,Entire home/apt,1,1,160,5,9,10,10,f,1
6080094,42829,715,42114,Australia,Shared room,1,1,100,0,,,,f,1
3201045,42829,1039,41790,Australia,Entire home/apt,2,2,495,78,10,10,9,f,1
17995766,42829,244,42585,Australia,Entire home/apt,1,0,166,0,,,,t,1
15970610,42829,1008,41821,Australia,Entire home/apt,1,1,135,2,8,10,6,t,1
15255885,42829,189,42640,Australia,Entire home/apt,1,1,219,6,9,10,10,f,1
2553676,42830,1376,41454,Australia,Entire home/apt,1,1,194,2,10,10,10,f,1
17410439,42829,1171,41658,Australia,Entire home/apt,1,3,219,0,,,,f,1
13163391,42829,316,42513,Australia,Entire home/apt,1,1,166,3,9,10,9,t,1
6678386,42830,681,42149,Australia,Private room,2,1,60,1,8,10,10,t,1
15647054,42829,1505,41324,Australia,Entire home/apt,1,0,99,5,9,10,10,f,1
16056043,42829,166,42663,Australia,Entire home/apt,1,2,1000,0,,,,t,1
783928,42829,2006,40823,Australia,Entire home/apt,1,1,141,123,9,10,10,t,1
9829053,42830,920,41910,Australia,Entire home/apt,1,1,150,6,10,10,9,f,1
17461902,42830,1678,41152,Australia,Entire home/apt,1,1,160,3,10,10,10,f,1
6940618,42830,675,42155,Australia,Entire home/apt,1,1,56,0,,,,f,1
9476881,42829,1552,41277,Australia,Entire home/apt,1,1,150,10,10,10,9,f,1
14541968,42829,232,42597,Australia,Entire home/apt,1,1,130,3,9,9,10,f,1
1768914,42830,1510,41320,Australia,Entire home/apt,1,0,120,3,9,10,9,f,1
10483226,42830,683,42147,Australia,Entire home/apt,1,0,150,68,9,10,9,f,1
11459808,42829,1025,41804,Australia,Entire home/apt,1,0,160,46,10,10,10,f,1
9337625,42830,2024,40806,Australia,Entire home/apt,1,1,300,1,10,10,10,f,1
16085915,42830,187,42643,Australia,Entire home/apt,1,0,150,3,10,10,10,f,1
4114764,42829,1429,41400,Australia,Entire home/apt,1,1,155,77,10,9,9,f,1
13631226,42829,940,41889,Australia,Entire home/apt,1,2,225,24,9,10,9,t,1
15791552,42830,155,42675,Australia,Entire home/apt,1,1,180,7,10,10,10,f,1
16967098,42830,572,42258,Australia,Entire home/apt,1,1,198,11,9,10,10,f,1
9240977,42828,616,42212,Australia,Entire home/apt,1,0,92,59,8,9,8,t,1
9961494,42828,1205,41623,Australia,Entire home/apt,1,1,250,0,,,,f,1
3473426,42828,1007,41821,Australia,Entire home/apt,1,1,140,28,10,9,9,f,1
13238279,42828,496,42332,Australia,Entire home/apt,1,0,130,32,10,10,10,f,1
10027090,42828,2229,40599,Australia,Private room,1,1,60,37,9,10,9,f,1
9601056,42828,1059,41769,Australia,Entire home/apt,1,1,131,5,10,10,10,f,1
15794371,42828,643,42185,Australia,Entire home/apt,1,1,125,7,10,9,9,f,1
16056531,42828,134,42694,Australia,Entire home/apt,2,3,250,1,8,10,8,t,1
2621669,42828,1158,41670,Australia,Entire home/apt,1,1,155,46,9,9,9,f,1
10042261,42828,829,41999,Australia,Private room,2,1,52,0,,,,f,1
1704217,42828,1289,41539,Australia,Entire home/apt,1,1,130,16,10,10,10,f,1
13347547,42828,2070,40758,Australia,Entire home/apt,1,2,121,0,,,,f,1
262192,42828,1989,40839,Australia,Private room,2,1,145,17,7,10,8,f,1
4478336,42828,1362,41466,Australia,Private room,1,1,94,101,10,10,10,f,1
10092848,42828,1856,40972,Australia,Entire home/apt,1,1,94,4,10,10,9,f,1
14701961,42828,1191,41637,Australia,Private room,2,1,80,7,10,10,10,f,1
10125364,42828,1506,41322,Australia,Private room,2.5,1,80,1,,,,f,1
14968464,42828,207,42621,Australia,Private room,0,1,90,0,,,,f,1
16056743,42828,133,42695,Australia,Private room,1,2,90,0,,,,f,1
9306438,42828,730,42098,Australia,Private room,1,1,94,36,8,10,9,f,1
12714328,42828,635,42193,Australia,Entire home/apt,1,1,201,0,,,,f,1
9866809,42828,1029,41799,Australia,Private room,2,1,69,1,10,10,10,t,1
1769899,42828,1729,41099,Australia,Entire home/apt,1,1,125,14,10,10,9,f,1
2687339,42828,1099,41729,Australia,Entire home/apt,1,1,149,9,7,9,8,f,1
8193898,42828,802,42026,Australia,Private room,1,1,41,3,7,8,7,f,1
8587135,42828,554,42274,Australia,Entire home/apt,1,1,101,1,10,10,10,t,1
11535522,42828,648,42180,Australia,Private room,1,1,48,1,8,10,10,f,1
16057530,42828,624,42204,Australia,Entire home/apt,1,1,169,1,8,10,10,f,1
16218622,42828,230,42598,Australia,Private room,1,1,90,1,10,10,10,f,1
13436826,42828,299,42529,Australia,Entire home/apt,1,0,155,0,,,,f,1
18023635,42828,725,42103,Australia,Entire home/apt,1,1,180,0,,,,f,1
10028951,42828,950,41878,Australia,Entire home/apt,2,2,260,35,9,10,9,f,1
17303462,42828,1042,41786,Australia,Entire home/apt,1,1,350,0,,,,f,1
8652727,42828,736,42092,Australia,Entire home/apt,2,2,201,0,,,,f,1
14157754,42828,1709,41119,Australia,Entire home/apt,2,2,220,2,9,8,10,f,1
17499608,42828,34,42794,Australia,Private room,1,1,60,2,,,,t,1
11929058,42828,379,42449,Australia,Shared room,2,1,35,0,,,,f,1
11798467,42828,453,42375,Australia,Entire home/apt,2,2,350,1,10,10,10,f,1
6455176,42828,1580,41248,Australia,Entire home/apt,1,0,160,2,4,10,7,f,1
2239063,42828,1700,41128,Australia,Private room,1.5,1,98,232,10,10,9,f,1
5375483,42828,1594,41234,Australia,Entire home/apt,1.5,1,295,30,10,10,9,t,1
12715517,42828,440,42388,Australia,Entire home/apt,1,1,239,36,7,10,8,f,1
853535,42828,1582,41246,Australia,Private room,1,1,100,35,10,10,10,t,1
2426786,42828,2684,40144,Australia,Entire home/apt,1,0,110,184,9,9,9,f,1
11927887,42828,380,42448,Australia,Entire home/apt,1,2,75,1,8,8,8,f,1
15468522,42828,220,42608,Australia,Entire home/apt,2,2,430,3,10,9,9,t,1
16057918,42828,194,42634,Australia,Private room,1,1,83,2,9,10,10,f,1
16713707,42828,673,42155,Australia,Entire home/apt,1,1,130,12,10,10,10,f,1
15468103,42828,220,42608,Australia,Entire home/apt,1,0,339,7,9,9,9,t,1
16275043,42828,118,42710,Australia,Entire home/apt,1,1,169,22,9,10,9,t,1
17499766,42828,1883,40945,Australia,Private room,1,1,130,0,,,,f,1
16123508,42828,129,42699,Australia,Entire home/apt,2,1,220,31,8,9,9,f,1
3802771,42828,2221,40607,Australia,Entire home/apt,1,0,201,3,9,10,8,f,1
16975500,42828,413,42415,Australia,Private room,2,1,121,4,10,10,10,t,1
5723756,42828,753,42075,Australia,Entire home/apt,1,2,149,1,10,10,10,f,1
1115813,42828,1462,41366,Australia,Private room,1,1,94,3,9,9,9,f,1
1967775,42828,1446,41382,Australia,Private room,0.5,1,121,31,10,10,10,f,1
5572260,42828,844,41984,Australia,Entire home/apt,1,2,176,8,9,9,9,f,1
15861436,42828,921,41907,Australia,Entire home/apt,1.5,2,168,1,10,10,10,f,1
9701044,42828,1461,41367,Australia,Entire home/apt,1,1,160,1,10,10,10,f,1
16058053,42828,863,41965,Australia,Entire home/apt,2,2,281,22,10,10,9,t,1
11512781,42828,474,42354,Australia,Entire home/apt,1.5,1,499,3,9,10,9,f,1
4458162,42828,886,41942,Australia,Entire home/apt,1,0,135,122,9,10,9,f,1
1996827,42828,1728,41100,Australia,Private room,1,1,125,0,,,,f,1
13829864,42828,1726,41102,Australia,Private room,1.5,1,54,14,10,10,10,f,1
3404385,42828,1573,41255,Australia,Entire home/apt,1,1,149,27,9,10,9,f,1
15009531,42828,1033,41795,Australia,Entire home/apt,1,1,190,13,9,10,9,t,1
1705738,42828,1288,41540,Australia,Private room,1,1,66,2,10,10,10,f,1
9438990,42828,509,42319,Australia,Private room,1,1,75,2,10,10,9,f,1
13129354,42828,333,42495,Australia,Entire home/apt,1.5,2,329,8,9,9,8,f,1
14632844,42828,510,42318,Australia,Entire home/apt,1,1,201,1,8,,,f,1
8849197,42828,1768,41060,Australia,Entire home/apt,2,3,359,41,10,9,9,f,1
5572415,42828,1450,41378,Australia,Entire home/apt,1,1,300,6,10,10,10,f,1
4654923,42828,862,41966,Australia,Entire home/apt,1,1,160,1,8,8,10,f,1
3893167,42828,1064,41764,Australia,Private room,1.5,1,109,0,,,,f,1
7013003,42828,647,42181,Australia,Private room,2.5,1,3453,0,,,,f,1
17893608,42828,691,42137,Australia,Private room,1,1,63,0,,,,f,1
5310672,42828,783,42045,Australia,Entire home/apt,1,0,121,19,9,10,9,f,1
17369303,42828,1776,41052,Australia,Entire home/apt,2,2,400,0,,,,f,1
9636056,42828,1116,41712,Australia,Private room,1,1,80,1,10,10,8,f,1
13961221,42828,266,42562,Australia,Private room,1,1,52,8,9,10,10,f,1
15009803,42828,204,42624,Australia,Entire home/apt,1.5,2,370,0,,,,f,1
15739905,42828,417,42411,Australia,Entire home/apt,1,2,189,23,8,9,9,t,1
15337490,42828,188,42640,Australia,Entire home/apt,1,1,169,8,10,10,10,t,1
17893398,42828,9,42819,Australia,Entire home/apt,1,1,94,0,,,,t,1
11208716,42828,417,42411,Australia,Entire home/apt,1,0,130,45,10,10,10,f,1
10618911,42828,477,42351,Australia,Private room,1,1,100,9,10,10,10,f,1
15182857,42828,1259,41569,Australia,Private room,1,1,140,1,2,6,2,f,1
12781636,42828,339,42489,Australia,Private room,2,1,85,0,,,,f,1
16264206,42828,1460,41368,Australia,Entire home/apt,2,2,320,1,10,10,10,f,1
17913529,42828,1717,41111,Australia,Entire home/apt,2.5,3,135,0,,,,t,1
17893474,42828,1441,41387,Australia,Private room,1,1,60,0,,,,f,1
11283481,42828,1640,41188,Australia,Entire home/apt,2.5,2,395,1,10,10,10,f,1
13437080,42828,302,42526,Australia,Entire home/apt,1,2,263,3,9,10,9,f,1
15993024,42828,138,42690,Australia,Entire home/apt,1,1,290,4,10,10,10,f,1
9111754,42828,927,41901,Australia,Entire home/apt,1,1,121,3,10,10,9,f,1
8849614,42828,1176,41652,Australia,Entire home/apt,1,0,199,6,10,10,9,f,1
11537502,42828,1056,41772,Australia,Entire home/apt,1,1,145,13,10,10,10,f,1
17435744,42828,729,42099,Australia,Private room,1,1,110,3,10,10,9,f,1
4656261,42828,1056,41772,Australia,Entire home/apt,1,1,149,12,8,10,8,f,1
4655346,42828,861,41967,Australia,Entire home/apt,1,1,130,29,9,9,9,f,1
16124152,42828,1259,41569,Australia,Shared room,1,1,55,3,7,8,10,f,1
16428074,42828,106,42722,Australia,Entire home/apt,1,1,235,1,10,10,10,f,1
15273116,42828,517,42311,Australia,Private room,1.5,1,100,0,,,,f,1
17304731,42828,409,42419,Australia,Private room,1,1,100,2,4,10,9,f,1
9701620,42828,954,41874,Australia,Entire home/apt,1,2,160,33,10,10,9,t,1
14154499,42828,1882,40946,Australia,Entire home/apt,2,1,85,2,10,10,10,f,1
13307045,42828,591,42237,Australia,Shared room,2,1,28,0,,,,f,1
16058657,42828,460,42368,Australia,Shared room,2,1,55,3,9,9,10,f,1
5310744,42828,783,42045,Australia,Private room,1,1,100,74,10,9,10,f,1
17893677,42828,9,42819,Australia,Entire home/apt,1,1,145,0,,,,t,1
11798836,42828,1372,41456,Australia,Entire home/apt,2,2,149,1,10,10,10,f,1
12192064,42828,365,42463,Australia,Entire home/apt,1,1,100,0,,,,f,1
18024773,42828,1438,41390,Australia,Entire home/apt,1,1,180,0,,,,f,1
15206724,42828,403,42425,Australia,Entire home/apt,1,1,290,1,,,,f,1
3148118,42828,1043,41785,Australia,Entire home/apt,1,2,225,2,8,10,10,f,1
13175139,42828,937,41891,Australia,Private room,1.5,1,85,0,,,,f,1
16976232,42828,322,42506,Australia,Private room,1.5,1,90,0,,,,f,1
11929951,42828,1119,41709,Australia,Entire home/apt,1,1,135,34,10,10,9,f,1
6215393,42828,705,42123,Australia,Private room,1,1,69,131,9,10,10,f,1
12724840,42828,627,42201,Australia,Entire home/apt,1,1,100,0,,,,t,1
9579586,42828,776,42052,Australia,Private room,1,1,94,0,,,,f,1
14748875,42828,1050,41778,Australia,Entire home/apt,1,1,178,2,7,7,7,f,1
15993230,42828,138,42690,Australia,Entire home/apt,1,2,190,11,9,9,9,f,1
14224564,42828,249,42579,Australia,Private room,1,1,89,53,10,9,10,t,1
11930011,42828,897,41931,Australia,Entire home/apt,1,1,83,4,10,10,10,f,1
12061091,42828,555,42273,Australia,Entire home/apt,1,1,198,9,9,10,10,f,1
4590014,42828,1018,41810,Australia,Private room,1,1,100,0,,,,f,1
17704913,42828,444,42384,Australia,Private room,1,1,75,2,10,10,10,f,1
13961687,42828,1047,41781,Australia,Private room,1,1,63,0,,,,f,1
5114320,42828,1058,41770,Australia,Entire home/apt,1,0,180,18,10,10,10,f,1
11698604,42828,913,41915,Australia,Private room,1,1,89,0,,,,f,1
16189966,42828,959,41869,Australia,Entire home/apt,1,1,800,1,8,10,8,t,1
9243161,42828,1747,41081,Australia,Entire home/apt,1.5,2,320,1,,,,f,1
14748207,42828,1050,41778,Australia,Entire home/apt,2,2,206,1,8,10,10,f,1
13961776,42828,266,42562,Australia,Private room,1,1,50,0,,,,f,1
12454437,42828,691,42137,Australia,Entire home/apt,1,1,170,4,9,9,9,f,1
14617139,42828,1374,41454,Australia,Entire home/apt,2.5,3,595,1,,,,f,1
5385310,42828,776,42052,Australia,Shared room,2.5,1,35,4,7,10,10,f,1
12310283,42828,1137,41691,Australia,Private room,1,1,60,3,9,10,9,t,1
16058962,42828,1291,41537,Australia,Private room,2.5,1,125,0,,,,t,1
16386652,42828,1747,41081,Australia,Private room,1,2,90,1,8,10,10,f,1
11930213,42828,423,42405,Australia,Private room,1,1,62,0,,,,f,1
2361942,42828,2117,40711,Australia,Entire home/apt,1,1,115,35,9,9,10,f,1
17793472,42828,978,41850,Australia,Entire home/apt,1,2,140,0,,,,f,1
12192380,42828,406,42422,Australia,Entire home/apt,1,1,160,20,10,10,10,f,1
4655678,42828,861,41967,Australia,Private room,1,1,94,134,10,10,10,t,1
16409198,42828,107,42721,Australia,Entire home/apt,1,0,190,1,8,10,10,t,1
8653456,42828,552,42276,Australia,Entire home/apt,1,1,170,2,7,8,8,f,1
16517781,42828,1601,41227,Australia,Private room,1,1,153,25,10,10,10,t,1
16978328,42828,417,42411,Australia,Entire home/apt,1,2,169,8,9,10,9,t,1
14748336,42828,1050,41778,Australia,Entire home/apt,1,1,166,1,4,8,6,f,1
17828540,42828,13,42815,Australia,Private room,1,2,26,0,,,,f,1
9702106,42828,1696,41132,Australia,Entire home/apt,1,0,121,1,8,6,8,f,1
10619609,42828,676,42152,Australia,Entire home/apt,1,2,149,3,5,9,8,f,1
11209443,42828,482,42346,Australia,Entire home/apt,1,1,140,7,9,10,10,f,1
1903284,42828,1637,41191,Australia,Entire home/apt,1,1,138,163,10,9,9,t,1
10685187,42828,1732,41096,Australia,Entire home/apt,1,2,220,4,9,10,10,f,1
4655883,42828,903,41925,Australia,Private room,1,1,66,11,9,10,10,f,1
16255766,42828,872,41956,Australia,Private room,1,1,149,0,,,,f,1
2034390,42828,1216,41612,Australia,Entire home/apt,1,1,140,43,10,9,10,t,1
16714483,42828,1355,41473,Australia,Shared room,1,1,30,3,9,10,9,f,1
9702181,42828,1270,41558,Australia,Entire home/apt,1,0,87,5,9,9,9,f,1
7408418,42828,1192,41636,Australia,Entire home/apt,1,1,121,27,9,10,9,f,1
16976694,42828,346,42482,Australia,Private room,1,1,35,5,4,7,6,t,1
17706126,42828,596,42232,Australia,Private room,1,0,149,0,,,,t,1
17176199,42828,479,42349,Australia,Private room,1,1,66,1,10,10,10,f,1
9636702,42828,595,42233,Australia,Private room,1,1,60,1,6,8,6,f,1
7015263,42828,1142,41686,Australia,Private room,1,1,100,1,,,,f,1
1641324,42828,1338,41490,Australia,Entire home/apt,1,1,125,10,8,9,8,t,1
10488713,42828,1336,41492,Australia,Entire home/apt,1,1,250,3,10,10,8,f,1
7211928,42828,637,42191,Australia,Private room,0,1,60,5,9,10,9,f,1
4328348,42828,1526,41302,Australia,Entire home/apt,1,1,115,2,10,9,9,f,1
7550719,42828,786,42042,Australia,Entire home/apt,1,2,121,3,10,10,10,f,1
8522661,42828,1844,40984,Australia,Entire home/apt,1,1,185,47,10,10,10,t,1
15993775,42828,138,42690,Australia,Private room,1,1,80,2,10,10,10,f,1
17370080,42828,1135,41693,Australia,Entire home/apt,1.5,2,220,1,10,10,10,f,1
16124908,42828,138,42690,Australia,Entire home/apt,1,3,499,0,,,,f,1
11327315,42828,882,41946,Australia,Private room,1,1,75,3,10,10,9,f,1
17504688,42828,424,42404,Australia,Private room,1,1,56,2,10,10,10,t,1
15469587,42828,577,42251,Australia,Entire home/apt,1,1,149,4,10,10,10,f,1
13437986,42828,302,42526,Australia,Entire home/apt,1,2,281,3,10,10,9,f,1
16518195,42828,348,42480,Australia,Private room,2,1,149,0,,,,t,1
11209774,42828,417,42411,Australia,Entire home/apt,2,2,349,33,10,10,9,f,1
5377078,42828,836,41992,Australia,Entire home/apt,1,2,210,1,6,8,6,f,1
11992335,42828,377,42451,Australia,Entire home/apt,1,1,165,33,8,9,9,f,1
12258360,42828,475,42353,Australia,Entire home/apt,1,1,250,1,10,10,10,f,1
16059459,42828,998,41830,Australia,Entire home/apt,1,0,100,4,9,10,9,f,1
18025542,42828,1397,41431,Australia,Private room,1,2,79,0,,,,f,1
10751047,42828,532,42296,Australia,Entire home/apt,2,2,85,1,8,10,8,f,1
16059464,42828,1039,41789,Australia,Entire home/apt,1,1,201,1,10,10,8,f,1
13175881,42828,370,42458,Australia,Entire home/apt,2,2,52,0,,,,f,1
16256076,42828,962,41866,Australia,Entire home/apt,1,0,90,1,10,10,10,f,1
8195400,42828,807,42021,Australia,Entire home/apt,1,1,115,0,,,,t,1
16714990,42828,863,41965,Australia,Shared room,1,1,41,4,9,10,10,f,1
17435898,42828,411,42417,Australia,Private room,1,1,100,1,10,10,10,f,1
8195326,42828,578,42250,Australia,Entire home/apt,1,1,199,0,,,,f,1
8850764,42828,1682,41146,Australia,Private room,1,1,130,5,10,10,10,f,1
9112832,42828,885,41943,Australia,Private room,1,1,67,18,10,10,10,f,1
7081229,42828,1019,41809,Australia,Private room,1,1,87,0,,,,f,1
15469845,42828,174,42654,Australia,Entire home/apt,2,2,290,7,8,10,8,t,1
13438233,42828,302,42526,Australia,Entire home/apt,1,1,208,8,10,10,9,f,1
4656410,42828,1056,41772,Australia,Entire home/apt,1,2,220,21,8,10,9,f,1
1052007,42828,2006,40822,Australia,Entire home/apt,1.5,3,300,2,9,10,10,f,1
8850809,42828,1432,41396,Australia,Entire home/apt,1,1,185,0,,,,f,1
658720,42828,1862,40966,Australia,Entire home/apt,1,1,128,241,9,9,9,t,1
724282,42828,1643,41185,Australia,Private room,2,1,121,2,10,10,10,f,1
14224677,42828,249,42579,Australia,Private room,1,1,89,62,10,10,10,t,1
15076582,42828,744,42084,Australia,Shared room,1,1,201,2,7,10,10,f,1
17802596,42828,596,42232,Australia,Entire home/apt,2,2,215,0,,,,f,1
4862912,42828,949,41879,Australia,Shared room,1,1,66,0,,,,f,1
16458811,42828,154,42674,Australia,Private room,1,1,201,0,,,,f,1
6562882,42828,679,42149,Australia,Private room,1,1,50,0,,,,f,1
11999866,42828,596,42232,Australia,Entire home/apt,1,0,130,8,9,9,9,f,1
11556892,42828,1407,41421,Australia,Entire home/apt,1,1,180,71,9,10,9,f,1
5446271,42828,1407,41421,Australia,Entire home/apt,1,1,145,26,10,10,9,t,1
4795834,42828,861,41967,Australia,Private room,1,1,94,107,10,10,9,f,1
15669898,42828,531,42297,Australia,Private room,2,1,159,0,,,,f,1
470500,42828,1791,41037,Australia,Entire home/apt,2,2,117,5,10,9,10,f,1
13182046,42828,333,42495,Australia,Entire home/apt,1.5,2,329,12,10,10,9,f,1
3283604,42828,1462,41366,Australia,Private room,2,1,50,0,,,,f,1
15414218,42828,1605,41223,Australia,Private room,1.5,1,69,7,10,10,9,f,1
16519405,42828,1064,41764,Australia,Entire home/apt,1,2,165,15,9,10,9,f,1
17575706,42828,581,42247,Australia,Private room,1,1,110,1,10,10,10,t,1
4788467,42828,1591,41237,Australia,Private room,1,1,80,1,10,8,8,f,1
12311807,42828,955,41873,Australia,Private room,1,1,85,0,,,,f,1
17963686,42828,1089,41739,Australia,Entire home/apt,1.5,1,220,0,,,,f,1
17572986,42828,278,42550,Australia,Private room,1,1,145,2,10,10,10,f,1
16650510,42828,721,42107,Australia,Private room,2,1,59,1,10,10,8,f,1
5560772,42828,760,42068,Australia,Entire home/apt,1,0,128,34,10,10,9,f,1
16723458,42828,241,42587,Australia,Private room,2,1,80,3,10,9,9,f,1
6890621,42828,655,42173,Australia,Private room,1,1,121,4,7,9,8,f,1
6754563,42828,664,42164,Australia,Private room,1,1,41,37,6,9,9,f,1
9012339,42828,1049,41779,Australia,Private room,1,1,52,2,5,10,8,f,1
16126251,42828,1855,40973,Australia,Entire home/apt,1,1,250,2,10,10,9,f,1
8788675,42828,622,42206,Australia,Entire home/apt,1.5,1,100,2,8,10,10,f,1
10754751,42828,2536,40292,Australia,Entire home/apt,1,3,301,2,,,,f,1
16194258,42828,1556,41272,Australia,Private room,1.5,1,60,0,,,,f,1
6926640,42828,706,42122,Australia,Entire home/apt,2,2,199,72,9,9,9,t,1
16259804,42828,119,42709,Australia,Entire home/apt,1,1,215,1,8,10,10,t,1
9640671,42828,691,42137,Australia,Entire home/apt,1,0,160,12,8,9,7,f,1
3354150,42828,1021,41807,Australia,Entire home/apt,1,1,147,27,9,10,9,t,1
14490336,42828,333,42495,Australia,Entire home/apt,1,0,195,10,8,10,9,f,1
14102065,42828,339,42489,Australia,Private room,1,1,121,0,,,,f,1
9515983,42828,505,42323,Australia,Entire home/apt,1.5,1,149,46,9,10,9,f,1
10885871,42828,1628,41200,Australia,Entire home/apt,1,1,250,0,,,,f,1
4596915,42828,869,41959,Australia,Entire home/apt,1,1,98,4,10,10,10,f,1
2172084,42828,1193,41635,Australia,Entire home/apt,1,1,219,3,9,9,9,f,1
12786394,42828,338,42490,Australia,Entire home/apt,1,2,208,84,9,10,9,t,1
7019257,42828,647,42181,Australia,Private room,2.5,1,898,0,,,,f,1
15208824,42828,1223,41605,Australia,Entire home/apt,1,0,110,18,8,9,8,f,1
16135595,42828,128,42700,Australia,Entire home/apt,2,2,363,3,10,9,9,f,1
16784158,42828,521,42307,Australia,Entire home/apt,1,2,250,0,,,,f,1
11800976,42828,2261,40567,Australia,Entire home/apt,2,2,235,33,10,10,10,f,1
9905357,42828,481,42347,Australia,Entire home/apt,1,2,250,12,10,10,10,f,1
16002655,42828,138,42690,Australia,Entire home/apt,1,0,121,4,8,10,8,f,1
10757344,42828,437,42391,Australia,Entire home/apt,1,0,265,2,10,10,10,f,1
4206172,42828,919,41909,Australia,Entire home/apt,1,1,160,27,10,10,10,f,1
16592484,42828,225,42603,Australia,Private room,1,3,55,0,,,,t,1
6563042,42828,711,42117,Australia,Entire home/apt,1,1,176,4,9,10,10,f,1
2764393,42828,1089,41739,Australia,Entire home/apt,1,1,201,0,,,,f,1
16522044,42828,202,42626,Australia,Entire home/apt,1,1,130,2,9,10,8,f,1
13251575,42828,1071,41757,Australia,Entire home/apt,2,1,140,7,9,10,9,f,1
15740530,42828,877,41951,Australia,Entire home/apt,1,1,204,3,10,10,9,f,1
10104437,42828,924,41904,Australia,Entire home/apt,1,1,220,1,4,10,6,f,1
9050938,42828,2401,40427,Australia,Entire home/apt,1.5,1,165,53,9,10,9,f,1
13790226,42828,1177,41651,Australia,Shared room,1,1,94,0,,,,f,1
9577729,42828,1266,41562,Australia,Private room,3,1,48,1,10,10,10,f,1
10235296,42828,461,42367,Australia,Entire home/apt,2,2,499,0,,,,f,1
8786377,42828,543,42285,Australia,Entire home/apt,1,0,125,8,9,10,9,f,1
14888580,42828,757,42071,Australia,Private room,1.5,1,64,12,8,10,9,f,1
16196893,42828,455,42373,Australia,Entire home/apt,2,2,250,1,10,10,10,f,1
13163397,42828,315,42513,Australia,Entire home/apt,1,1,160,5,10,10,10,t,1
17767293,42828,1476,41352,Australia,Entire home/apt,1,1,115,0,,,,t,1
17048868,42828,294,42534,Australia,Entire home/apt,1,1,135,2,10,10,10,f,1
16002719,42828,138,42690,Australia,Entire home/apt,1,0,281,0,,,,t,1
13177326,42828,460,42368,Australia,Private room,1,1,59,3,10,10,10,f,1
8072868,42828,1838,40990,Australia,Entire home/apt,1,2,90,4,9,10,7,f,1
8193171,42828,1407,41421,Australia,Entire home/apt,1,2,281,107,10,10,10,f,1
13177336,42828,540,42288,Australia,Entire home/apt,1,1,90,3,9,10,10,f,1
1774070,42828,1331,41497,Australia,Entire home/apt,1,1,155,28,10,9,9,f,1
8991749,42828,1439,41389,Australia,Entire home/apt,2.5,2,400,3,10,9,9,f,1
14228381,42828,1553,41275,Australia,Entire home/apt,1,1,130,5,9,10,9,f,1
6890822,42828,655,42173,Australia,Private room,1,1,204,8,8,9,9,t,1
533844,42828,1850,40978,Australia,Entire home/apt,2,2,165,1,8,8,8,f,1
10301110,42828,1197,41631,Australia,Entire home/apt,1.5,2,220,4,10,10,10,f,1
10792363,42828,435,42393,Australia,Private room,1,1,69,0,,,,f,1
2237713,42828,1428,41400,Australia,Entire home/apt,1.5,0,110,160,10,10,10,f,1
15332976,42828,1948,40880,Australia,Private room,1.5,1,75,10,10,10,10,f,1
18027018,42828,330,42498,Australia,Entire home/apt,1,0,110,0,,,,f,1
10071469,42828,472,42356,Australia,Entire home/apt,1,1,100,3,10,10,10,t,1
70148,42828,2265,40563,Australia,Shared room,,1,35,29,10,9,9,f,1
10883584,42828,2188,40640,Australia,Private room,1,1,100,28,10,10,9,f,1
9962653,42828,2060,40768,Australia,Entire home/apt,1,1,450,0,,,,f,1
5708722,42828,970,41858,Australia,Entire home/apt,2,2,250,20,9,9,9,f,1
13376446,42828,302,42526,Australia,Private room,1,1,58,4,10,10,10,t,1
15541612,42828,854,41974,Australia,Entire home/apt,2,1,300,1,10,10,10,f,1
15274535,42828,939,41889,Australia,Entire home/apt,1,2,140,4,9,10,10,f,1
12715584,42828,927,41901,Australia,Private room,1,1,130,2,10,10,10,f,1
9351801,42828,604,42224,Australia,Entire home/apt,1,1,149,2,10,10,10,f,1
9776846,42828,607,42221,Australia,Private room,1,1,66,15,10,10,10,f,1
9315724,42828,538,42290,Australia,Entire home/apt,1,0,128,29,10,10,10,f,1
2893200,42828,1233,41595,Australia,Private room,1,1,100,17,10,10,10,f,1
3404725,42828,1573,41255,Australia,Entire home/apt,1,0,138,22,9,10,8,f,1
3742700,42828,1579,41249,Australia,Entire home/apt,1,0,160,23,9,10,9,t,1
17914785,42828,437,42391,Australia,Entire home/apt,1,1,121,0,,,,t,1
5617376,42828,755,42073,Australia,Private room,1,1,149,0,,,,f,1
2109174,42828,1587,41241,Australia,Private room,1,1,69,6,9,10,9,f,1
12196845,42828,1488,41340,Australia,Entire home/apt,1,2,250,49,8,10,9,t,1
11175079,42828,830,41998,Australia,Entire home/apt,1,2,189,85,9,10,9,t,1
11023378,42828,1045,41783,Australia,Entire home/apt,1,2,260,71,10,10,9,f,1
1648085,42828,1585,41243,Australia,Entire home/apt,2,2,170,11,9,9,9,f,1
17964050,42828,516,42312,Australia,Entire home/apt,3.5,5,499,0,,,,t,1
1774193,42828,1331,41497,Australia,Entire home/apt,2,2,250,22,9,9,9,f,1
6890962,42828,655,42173,Australia,Private room,1,1,229,26,9,10,8,f,1
4534010,42828,876,41952,Australia,Private room,1,1,110,3,9,10,9,f,1
17832988,42828,282,42546,Australia,Entire home/apt,1,1,102,0,,,,t,1
450978,42828,1802,41026,Australia,Private room,1,1,80,316,9,9,9,f,1
15150856,42828,2008,40820,Australia,Shared room,2,1,35,0,,,,f,1
725541,42828,1843,40985,Australia,Entire home/apt,1,1,135,258,10,9,10,f,1
16328181,42828,113,42715,Australia,Entire home/apt,1,1,201,0,,,,t,1
15413006,42828,745,42083,Australia,Private room,1,1,69,9,9,10,10,t,1
18029617,42828,887,41941,Australia,Private room,1,1,90,0,,,,f,1
12545327,42828,1028,41800,Australia,Private room,2,1,149,18,9,9,9,f,1
17641238,42828,250,42578,Australia,Private room,1,1,110,0,,,,t,1
16849983,42828,283,42545,Australia,Entire home/apt,1,1,180,9,10,10,10,t,1
465977,42828,2614,40214,Australia,Entire home/apt,1.5,2,300,37,9,10,9,f,1
16417567,42828,658,42170,Australia,Entire home/apt,1,2,300,17,10,10,10,t,1
17685808,42828,341,42487,Australia,Entire home/apt,2,2,212,7,10,10,10,t,1
16459325,42828,103,42725,Australia,Private room,1,1,50,0,,,,t,1
10165330,42828,1613,41215,Australia,Private room,2.5,1,145,0,,,,t,1
7483184,42828,1056,41772,Australia,Entire home/apt,1,1,160,7,9,10,8,f,1
16590391,42828,120,42708,Australia,Private room,1,1,125,0,,,,f,1
5320507,42828,855,41973,Australia,Entire home/apt,1,2,270,17,8,10,8,f,1
8723559,42828,1477,41351,Australia,Entire home/apt,1,0,121,5,9,10,9,f,1
15536879,42828,1579,41249,Australia,Entire home/apt,1,1,210,1,10,10,10,f,1
13900907,42828,1024,41804,Australia,Entire home/apt,1,0,135,30,10,10,9,f,1
15471347,42828,959,41869,Australia,Private room,1,1,66,0,,,,f,1
6577080,42828,831,41997,Australia,Private room,1,1,72,3,7,9,7,f,1
11482172,42828,735,42093,Australia,Entire home/apt,1,1,201,0,,,,f,1
15274742,42828,1170,41658,Australia,Entire home/apt,1,2,160,2,9,10,10,f,1
17966682,42828,1066,41762,Australia,Private room,1,1,80,0,,,,t,1
9512549,42828,503,42325,Australia,Shared room,2,1,46,0,,,,f,1
16393828,42828,497,42331,Australia,Entire home/apt,2,1,220,1,10,10,10,f,1
16653456,42828,110,42718,Australia,Entire home/apt,1,1,140,13,6,9,8,t,1
9512567,42828,503,42325,Australia,Entire home/apt,1,1,100,1,8,10,10,f,1
16388895,42828,581,42247,Australia,Entire home/apt,2,2,287,7,9,10,9,t,1
12529509,42828,349,42479,Australia,Entire home/apt,1,1,104,0,,,,f,1
7017254,42828,1009,41819,Australia,Private room,1,1,85,0,,,,f,1
2393284,42828,1144,41684,Australia,Entire home/apt,1,2,149,21,9,10,10,f,1
17180296,42828,1521,41307,Australia,Entire home/apt,1,1,229,4,10,10,9,f,1
16262801,42828,1023,41805,Australia,Entire home/apt,1,2,250,0,,,,f,1
10366832,42828,455,42373,Australia,Shared room,1,1,28,0,,,,f,1
2109282,42828,1198,41630,Australia,Entire home/apt,1,1,250,58,9,9,9,f,1
10891118,42828,431,42397,Australia,Entire home/apt,1,2,130,14,9,10,9,f,1
5992815,42828,721,42107,Australia,Private room,1,1,75,27,10,9,10,f,1
15277245,42828,1690,41138,Australia,Private room,1,1,71,4,10,10,10,f,1
15522680,42828,242,42586,Australia,Private room,1,1,69,1,,,,f,1
14029629,42828,1050,41778,Australia,Entire home/apt,1,1,182,7,7,10,7,f,1
15064005,42828,207,42621,Australia,Private room,1,1,145,4,10,9,10,f,1
9908068,42828,744,42084,Australia,Private room,1,1,66,68,8,10,9,f,1
12325716,42828,701,42127,Australia,Entire home/apt,1,1,225,1,,,,f,1
1910443,42828,1536,41292,Australia,Entire home/apt,2,2,260,24,10,10,10,f,1
3157882,42828,1043,41785,Australia,Private room,2,1,80,20,9,9,9,f,1
17346425,42828,530,42298,Australia,Entire home/apt,1.5,2,130,0,,,,f,1
16590520,42828,863,41965,Australia,Entire home/apt,1,1,180,12,10,10,10,t,1
16126830,42828,493,42335,Australia,Private room,1,1,220,0,,,,t,1
13638892,42828,333,42495,Australia,Entire home/apt,1,1,239,5,8,10,8,f,1
13374311,42828,887,41941,Australia,Entire home/apt,1,2,245,1,10,8,10,f,1
15471478,42828,959,41869,Australia,Entire home/apt,1,1,140,3,9,10,10,f,1
16385659,42828,606,42222,Australia,Entire home/apt,1,2,170,3,9,10,10,f,1
4597470,42828,1327,41501,Australia,Entire home/apt,1,0,121,49,9,10,9,t,1
16262891,42828,771,42057,Australia,Entire home/apt,2,2,300,2,10,10,9,f,1
16257925,42828,622,42206,Australia,Private room,1,1,90,20,10,10,10,f,1
11869440,42828,518,42310,Australia,Entire home/apt,2,2,170,7,9,9,9,t,1
10556301,42828,1951,40877,Australia,Private room,1,1,149,12,10,10,9,f,1
17702158,42828,1594,41234,Australia,Private room,1,1,142,1,10,10,10,f,1
11482190,42828,840,41988,Australia,Private room,1.5,1,80,11,9,10,10,f,1
13439905,42828,1631,41197,Australia,Entire home/apt,1,1,135,28,9,9,9,f,1
14169172,42828,779,42049,Australia,Entire home/apt,1,1,100,0,,,,f,1
16129300,42828,809,42019,Australia,Entire home/apt,1,1,125,1,8,10,10,t,1
9842585,42828,2184,40644,Australia,Entire home/apt,1,2,135,74,9,10,9,f,1
17702183,42828,428,42400,Australia,Entire home/apt,2,2,249,2,9,10,9,f,1
9973668,42828,500,42328,Australia,Private room,1,1,100,39,10,9,10,f,1
17704735,42828,1165,41663,Australia,Entire home/apt,1,0,119,2,10,10,9,t,1
9053985,42828,646,42182,Australia,Entire home/apt,1,1,130,10,10,10,10,f,1
3014108,42828,2000,40828,Australia,Entire home/apt,1,2,140,0,,,,f,1
9905961,42828,481,42347,Australia,Private room,2.5,1,121,1,10,6,8,f,1
5840172,42828,1001,41827,Australia,Private room,1,1,119,33,10,10,9,f,1
14032184,42828,273,42555,Australia,Private room,1,1,79,1,,,,t,1
16987226,42828,969,41859,Australia,Private room,1.5,1,25,2,9,10,9,t,1
16651224,42828,526,42302,Australia,Entire home/apt,1,1,111,2,10,9,10,t,1
10889017,42828,1555,41273,Australia,Private room,1,1,100,12,10,10,10,f,1
4007745,42828,1012,41816,Australia,Entire home/apt,1.5,2,350,5,10,10,9,f,1
13772610,42828,277,42551,Australia,Entire home/apt,1,1,45,0,,,,f,1
4011099,42828,1876,40952,Australia,Entire home/apt,2,3,350,15,10,10,9,f,1
9493473,42828,926,41902,Australia,Private room,1,1,69,0,,,,f,1
7876535,42828,597,42231,Australia,Entire home/apt,1,1,149,36,9,9,9,t,1
4789215,42828,1545,41283,Australia,Entire home/apt,1,3,1070,0,,,,f,1
17112404,42828,57,42771,Australia,Private room,1,1,250,0,,,,f,1
17641783,42828,505,42323,Australia,Entire home/apt,1,0,160,0,,,,f,1
8660808,42828,852,41976,Australia,Entire home/apt,1,2,400,7,9,10,9,f,1
3680064,42828,1438,41390,Australia,Entire home/apt,2,3,300,61,10,9,9,f,1
11743180,42828,707,42121,Australia,Entire home/apt,1,2,339,26,9,10,9,t,1
7942089,42828,1192,41636,Australia,Entire home/apt,1,2,201,36,8,9,9,f,1
8330583,42828,1380,41448,Australia,Entire home/apt,1,1,279,20,10,10,9,f,1
15274992,42828,1579,41249,Australia,Private room,1,1,79,2,7,10,8,f,1
7937372,42828,851,41977,Australia,Entire home/apt,1,1,125,2,10,10,10,f,1
11148638,42828,439,42389,Australia,Entire home/apt,1,1,89,0,,,,f,1
16918374,42828,69,42759,Australia,Entire home/apt,1,1,185,4,10,10,9,f,1
17663634,42828,714,42114,Australia,Entire home/apt,1,1,180,3,10,10,10,f,1
17765399,42828,1297,41531,Australia,Private room,1,1,130,0,,,,f,1
16932177,42828,311,42517,Australia,Entire home/apt,1,1,115,0,,,,f,1
355773,42828,2811,40017,Australia,Entire home/apt,1.5,3,419,60,9,10,9,f,1
15474042,42828,505,42323,Australia,Entire home/apt,1,1,160,1,10,10,10,t,1
16258084,42828,902,41926,Australia,Entire home/apt,2,2,380,6,10,10,9,t,1
7148591,42828,912,41916,Australia,Entire home/apt,2,3,275,8,8,8,8,t,1
9906044,42828,1056,41772,Australia,Private room,2,1,89,27,10,9,10,f,1
11285620,42828,527,42301,Australia,Entire home/apt,1,1,119,8,10,10,10,f,1
4818231,42828,2001,40827,Australia,Private room,2,1,75,6,9,10,9,f,1
7680007,42828,884,41944,Australia,Private room,1,1,42,3,10,10,10,f,1
13964346,42828,632,42196,Australia,Entire home/apt,1,1,104,16,9,10,9,f,1
17178019,42828,1073,41755,Australia,Entire home/apt,1,0,100,0,,,,t,1
10687563,42828,1056,41772,Australia,Entire home/apt,1,1,155,10,9,10,9,f,1
17970302,42828,1269,41559,Australia,Private room,1,1,58,0,,,,t,1
16920607,42828,726,42102,Australia,Entire home/apt,2,2,250,7,10,10,10,t,1
12857376,42828,1564,41264,Australia,Private room,1,1,50,1,10,10,10,f,1
1976280,42828,1228,41600,Australia,Entire home/apt,1,2,149,1,10,10,10,f,1
16636919,42828,863,41965,Australia,Private room,1,1,80,2,9,9,9,f,1
9119707,42828,536,42292,Australia,Private room,2,1,72,0,,,,f,1
16417638,42828,1865,40963,Australia,Private room,1,1,125,3,10,9,9,f,1
13772778,42828,810,42018,Australia,Entire home/apt,1,0,149,1,,,,t,1
16323691,42828,114,42714,Australia,Entire home/apt,1,1,130,9,9,10,10,t,1
16061559,42828,1262,41566,Australia,Private room,1,1,58,2,6,9,9,f,1
15085611,42828,721,42107,Australia,Entire home/apt,2,2,148,1,10,10,10,f,1
15474118,42828,309,42519,Australia,Entire home/apt,1,1,140,46,9,10,9,f,1
9051602,42828,1213,41615,Australia,Entire home/apt,2,2,419,1,10,10,10,f,1
16454784,42828,116,42712,Australia,Entire home/apt,2.5,3,398,1,10,10,10,f,1
13770193,42828,329,42499,Australia,Private room,1,1,60,3,10,10,10,f,1
9906181,42828,1168,41660,Australia,Entire home/apt,1,1,140,3,9,9,9,f,1
17532589,42828,41,42787,Australia,Entire home/apt,1,1,170,1,6,10,8,f,1
16592958,42828,91,42737,Australia,Entire home/apt,1,1,100,3,8,8,,f,1
9975228,42828,477,42351,Australia,Private room,1,1,149,13,9,10,9,f,1
16454797,42828,104,42724,Australia,Private room,1,0,80,0,,,,f,1
11282451,42828,413,42415,Australia,Private room,1,1,50,0,,,,f,1
17642636,42828,27,42801,Australia,Entire home/apt,1,0,94,3,10,10,10,t,1
10367044,42828,2081,40747,Australia,Private room,2,1,80,2,10,10,10,f,1
993286,42828,1828,41000,Australia,Private room,1,1,69,56,9,10,9,t,1
17702385,42828,596,42232,Australia,Private room,1,1,79,0,,,,t,1
15238832,42828,1531,41297,Australia,Entire home/apt,1,1,100,0,,,,t,1
16590877,42828,2038,40790,Australia,Private room,1,0,63,5,10,10,10,f,1
10165734,42828,466,42362,Australia,Entire home/apt,1,1,130,45,10,10,9,t,1
17969236,42828,1269,41559,Australia,Private room,1,1,62,0,,,,t,1
17964539,42828,116,42712,Australia,Entire home/apt,2,2,249,0,,,,f,1
5512685,42828,764,42064,Australia,Entire home/apt,1,1,159,49,9,10,9,f,1
17836083,42828,198,42630,Australia,Entire home/apt,1,0,80,0,,,,t,1
12522672,42828,463,42365,Australia,Entire home/apt,1.5,2,800,1,8,10,10,f,1
12190976,42828,578,42250,Australia,Entire home/apt,1,1,185,26,10,10,10,f,1
16263226,42828,118,42710,Australia,Private room,1,1,90,0,,,,t,1
11806776,42828,643,42185,Australia,Entire home/apt,2,4,650,0,,,,f,1
5842987,42828,954,41874,Australia,Entire home/apt,1,0,180,41,8,10,9,f,1
4857358,42828,1231,41597,Australia,Entire home/apt,1,1,281,7,10,10,10,f,1
2502741,42828,1464,41364,Australia,Entire home/apt,2,2,395,24,8,10,9,f,1
10106302,42828,1369,41459,Australia,Entire home/apt,1,1,98,34,9,9,10,f,1
12328481,42828,358,42470,Australia,Private room,1,1,100,0,,,,t,1
8000689,42828,1206,41622,Australia,Entire home/apt,1,0,220,55,10,10,10,f,1
18030129,42828,839,41989,Australia,Entire home/apt,1,1,100,0,,,,t,1
12656172,42828,629,42199,Australia,Entire home/apt,1,1,149,26,10,10,9,f,1
10690102,42828,596,42232,Australia,Entire home/apt,1,1,90,3,10,10,10,f,1
14493784,42828,1389,41439,Australia,Entire home/apt,1,1,190,19,10,10,10,f,1
6959205,42828,2436,40392,Australia,Entire home/apt,1,1,126,12,10,10,10,f,1
5580910,42828,1195,41633,Australia,Private room,1,1,72,24,10,10,10,f,1
10233980,42828,1580,41248,Australia,Entire home/apt,2,2,281,16,10,10,10,f,1
471389,42828,2188,40640,Australia,Private room,1,1,75,103,9,9,10,f,1
17576059,42828,33,42795,Australia,Entire home/apt,1,1,130,2,10,9,10,t,1
15762301,42828,951,41877,Australia,Entire home/apt,1,1,140,1,10,10,10,f,1
9580677,42828,498,42330,Australia,Private room,2,1,85,1,8,8,6,f,1
6826134,42828,659,42169,Australia,Private room,2,1,58,1,10,6,6,f,1
1782948,42828,1271,41557,Australia,Entire home/apt,2.5,3,295,3,9,10,9,f,1
15539801,42828,717,42111,Australia,Private room,1,1,66,3,10,10,9,f,1
10165850,42828,597,42231,Australia,Shared room,1,1,43,1,8,10,10,f,1
16275549,42828,118,42710,Australia,Private room,1,1,68,0,,,,t,1
16352528,42828,1929,40899,Australia,Entire home/apt,1,2,300,5,8,9,9,f,1
5187761,42828,796,42032,Australia,Entire home/apt,1,1,149,6,10,10,10,f,1
4265245,42828,2065,40763,Australia,Private room,1.5,1,80,11,10,10,10,f,1
17047146,42828,61,42767,Australia,Entire home/apt,1,1,130,0,,,,f,1
5320530,42828,782,42046,Australia,Entire home/apt,1,1,138,31,10,10,10,f,1
1257630,42828,1973,40855,Australia,Private room,2,1,350,9,9,9,9,f,1
17336012,42828,1481,41347,Australia,Private room,1,1,125,4,10,10,10,t,1
314426,42828,2246,40582,Australia,Entire home/apt,2,4,220,34,8,10,9,f,1
16070136,42828,877,41951,Australia,Private room,2,1,50,1,8,10,10,f,1
1121918,42828,1435,41393,Australia,Entire home/apt,1,1,140,26,9,9,9,f,1
16134080,42828,979,41849,Australia,Entire home/apt,1,1,225,1,10,10,10,f,1
14362831,42828,1468,41360,Australia,Entire home/apt,2,2,250,3,9,10,9,f,1
17175876,42828,469,42359,Australia,Shared room,1,1,60,0,,,,f,1
16522890,42828,1355,41473,Australia,Shared room,1,1,41,5,8,10,8,f,1
16263385,42828,126,42702,Australia,Private room,1,1,176,1,8,10,10,f,1
2959576,42828,1065,41763,Australia,Entire home/apt,1,1,130,2,10,10,10,f,1
15539852,42828,1458,41370,Australia,Entire home/apt,1,0,250,1,4,8,8,t,1
17831247,42828,13,42815,Australia,Private room,1,1,55,0,,,,t,1
10106041,42828,1593,41235,Australia,Entire home/apt,1,1,149,1,10,10,10,f,1
16328937,42828,113,42715,Australia,Private room,1,1,50,0,,,,f,1
10234091,42828,1203,41625,Australia,Private room,1,1,75,6,10,10,10,f,1
11804194,42828,1363,41465,Australia,Entire home/apt,1,1,149,3,9,9,8,f,1
17702570,42828,107,42721,Australia,Private room,1,1,109,0,,,,f,1
15736489,42828,175,42653,Australia,Private room,1.5,1,100,2,10,9,10,f,1
7549095,42828,643,42185,Australia,Entire home/apt,2,2,300,11,10,10,10,f,1
17306997,42828,45,42783,Australia,Entire home/apt,1,1,149,1,8,10,6,t,1
9908393,42828,1025,41803,Australia,Private room,1.5,1,79,44,9,10,10,f,1
16197903,42828,615,42213,Australia,Private room,1,1,149,0,,,,f,1
13117717,42828,680,42148,Australia,Private room,1,1,80,10,10,10,10,t,1
3158211,42828,1042,41786,Australia,Private room,1,1,121,5,6,8,7,f,1
12351,42828,2881,39947,Australia,Private room,0,1,100,382,10,10,10,f,1
13502709,42828,778,42050,Australia,Entire home/apt,1,3,275,38,9,10,9,t,1
11660018,42828,573,42255,Australia,Private room,1,1,68,0,,,,f,1
7350577,42828,628,42200,Australia,Entire home/apt,1.5,2,330,4,9,10,10,t,1
16522981,42828,1125,41703,Australia,Private room,1,1,125,0,,,,f,1
16138077,42828,1607,41221,Australia,Private room,1,1,69,0,,,,f,1
12260785,42828,430,42398,Australia,Entire home/apt,1,1,201,22,10,10,9,f,1
16654057,42828,394,42434,Australia,Private room,1,1,90,23,10,10,10,t,1
5709529,42828,746,42082,Australia,Entire home/apt,1,1,90,1,10,10,10,f,1
4532525,42828,1195,41633,Australia,Entire home/apt,1.5,1,135,97,9,9,10,f,1
12787436,42828,2100,40728,Australia,Entire home/apt,1,1,149,37,10,10,10,f,1
11678925,42828,574,42254,Australia,Entire home/apt,1,1,121,3,10,9,9,f,1
5775093,42828,1018,41810,Australia,Private room,1,1,67,1,8,10,10,f,1
7940435,42828,1155,41673,Australia,Entire home/apt,1,3,549,1,8,10,8,t,1
12200274,42828,365,42463,Australia,Entire home/apt,1,1,140,14,10,9,9,f,1
11738862,42828,726,42102,Australia,Entire home/apt,2,2,260,59,9,10,9,t,1
3415805,42828,1014,41814,Australia,Entire home/apt,1,1,220,5,10,10,9,f,1
7483618,42828,1330,41498,Australia,Entire home/apt,1,1,176,23,8,10,9,f,1
12933762,42828,330,42498,Australia,Entire home/apt,2,2,125,0,,,,f,1
8399195,42828,688,42140,Australia,Private room,2,1,121,1,10,10,10,f,1
12434800,42828,403,42425,Australia,Private room,1.5,1,69,58,10,10,10,f,1
17836387,42828,12,42816,Australia,Private room,1,1,100,0,,,,f,1
11775960,42828,406,42422,Australia,Private room,1,1,69,7,9,9,9,f,1
18030368,42828,1047,41781,Australia,Entire home/apt,2,2,262,0,,,,t,1
1911140,42828,1240,41588,Australia,Entire home/apt,2,3,220,5,6,9,8,f,1
8597755,42828,1089,41739,Australia,Entire home/apt,2,2,300,6,8,10,8,f,1
3415843,42828,1089,41739,Australia,Entire home/apt,2.5,2,245,11,9,10,8,f,1
10168688,42828,699,42129,Australia,Entire home/apt,1,1,100,4,10,10,9,f,1
15411569,42828,780,42048,Australia,Entire home/apt,1,1,130,0,,,,t,1
17122858,42828,455,42373,Australia,Private room,1,1,66,0,,,,f,1
4991360,42828,1696,41132,Australia,Entire home/apt,1,1,199,2,10,9,8,f,1
8139994,42828,1746,41082,Australia,Private room,1.5,1,69,22,9,9,9,f,1
16326456,42828,114,42714,Australia,Entire home/apt,1,1,201,7,9,10,9,t,1
12530909,42828,858,41970,Australia,Private room,1,1,72,4,10,9,10,t,1
17577417,42828,198,42630,Australia,Entire home/apt,1,1,135,1,10,10,10,t,1
17768256,42828,840,41988,Australia,Private room,1,1,80,0,,,,t,1
13250834,42828,1077,41751,Australia,Private room,1,1,60,7,8,9,9,t,1
8356783,42828,1264,41564,Australia,Private room,1.5,1,100,1,,,,f,1
8263200,42828,616,42212,Australia,Private room,1.5,1,85,0,,,,f,1
15183450,42828,393,42435,Australia,Entire home/apt,2,2,256,2,9,9,9,f,1
16288744,42828,458,42370,Australia,Private room,1,1,50,0,,,,f,1
7680284,42828,610,42218,Australia,Entire home/apt,1,2,180,0,,,,f,1
11350294,42828,409,42419,Australia,Entire home/apt,1,0,90,24,9,10,9,f,1
9377315,42828,924,41904,Australia,Private room,1,1,90,7,10,10,10,f,1
4469467,42828,984,41844,Australia,Private room,1.5,1,79,1,10,10,10,f,1
16263596,42828,2085,40743,Australia,Entire home/apt,2,1,303,0,,,,t,1
16396578,42828,1580,41248,Australia,Entire home/apt,1,0,166,1,10,8,8,f,1
16850800,42828,83,42745,Australia,Entire home/apt,1,0,145,4,9,10,9,t,1
13642152,42828,1012,41816,Australia,Entire home/apt,1,1,100,9,9,10,10,f,1
401238,42828,1860,40968,Australia,Entire home/apt,2,2,201,93,10,10,10,f,1
17307196,42828,1404,41424,Australia,Entire home/apt,2,2,149,2,9,10,9,f,1
11738997,42828,404,42424,Australia,Private room,1,1,80,0,,,,f,1
9318706,42828,514,42314,Australia,Entire home/apt,1.5,1,190,1,10,,,f,1
4010292,42828,946,41882,Australia,Entire home/apt,2,2,139,1,10,10,8,f,1
12593598,42828,1910,40918,Australia,Entire home/apt,1,3,281,2,10,10,10,f,1
79024,42828,2220,40608,Australia,Entire home/apt,2.5,3,250,173,8,9,9,f,1
794444,42828,1597,41231,Australia,Entire home/apt,2,2,229,161,9,9,9,t,1
15015831,42828,203,42625,Australia,Private room,1,1,92,7,10,10,9,t,1
2688735,42828,1546,41282,Australia,Private room,1,1,80,7,7,9,9,f,1
16537873,42828,1188,41640,Australia,Private room,2,2,90,2,7,7,6,t,1
12842871,42828,1737,41091,Australia,Private room,1,1,69,5,8,9,8,f,1
1253300,42828,1411,41417,Australia,Entire home/apt,1,1,121,9,10,10,10,f,1
10367337,42828,455,42373,Australia,Entire home/apt,1,1,90,5,9,7,8,f,1
16326586,42828,2052,40776,Australia,Entire home/apt,1,0,111,13,9,10,9,t,1
15668866,42828,1170,41658,Australia,Entire home/apt,1,1,180,10,10,10,10,f,1
7348170,42828,629,42199,Australia,Entire home/apt,1,1,201,0,,,,f,1
1971838,42828,2052,40776,Australia,Entire home/apt,1,0,104,41,8,10,8,t,1
10299907,42828,457,42371,Australia,Private room,1,1,80,1,8,10,10,f,1
4777160,42828,1154,41674,Australia,Private room,1.5,1,100,1,8,10,8,f,1
16457695,42828,1508,41320,Australia,Entire home/apt,1,2,350,1,10,10,10,f,1
11089809,42828,428,42400,Australia,Shared room,1,1,30,2,10,8,9,f,1
16783026,42828,273,42555,Australia,Entire home/apt,1,1,173,7,10,10,9,f,1
5255547,42828,820,42008,Australia,Entire home/apt,1.5,4,320,54,10,9,9,f,1
11284872,42828,706,42122,Australia,Entire home/apt,2,2,219,47,8,10,9,t,1
6239503,42828,1336,41492,Australia,Entire home/apt,1,1,193,1,10,10,10,f,1
7767813,42828,614,42214,Australia,Private room,1,1,60,0,,,,f,1
13901809,42828,1776,41052,Australia,Entire home/apt,1,3,300,5,10,10,9,f,1
3672135,42828,986,41842,Australia,Entire home/apt,1,2,750,5,10,10,10,f,1
794597,42828,1615,41213,Australia,Private room,1,1,85,55,10,9,9,f,1
10039731,42828,474,42354,Australia,Entire home/apt,1,1,130,2,5,9,6,f,1
11476986,42828,1265,41563,Australia,Entire home/apt,2,2,499,2,9,10,9,f,1
6826536,42828,763,42065,Australia,Private room,1,1,50,40,9,10,10,f,1
73639,42828,2881,39947,Australia,Private room,0,1,89,294,10,10,10,f,1
1253351,42828,1568,41260,Australia,Entire home/apt,1,0,100,106,10,10,9,t,1
16397598,42828,1273,41555,Australia,Entire home/apt,1,0,100,1,10,10,10,f,1
11479603,42828,426,42402,Australia,Entire home/apt,1,1,199,17,9,9,9,t,1
16263737,42828,2344,40484,Australia,Private room,1,1,90,13,10,10,10,f,1
4796879,42828,903,41925,Australia,Entire home/apt,1,1,98,5,10,10,10,f,1
15760643,42828,778,42050,Australia,Private room,1,1,90,3,10,7,7,t,1
11068696,42828,633,42195,Australia,Private room,2.5,1,69,58,10,9,10,t,1
3355057,42828,1233,41595,Australia,Entire home/apt,1,2,149,58,10,10,10,f,1
6767550,42828,1171,41657,Australia,Private room,1,1,69,8,10,10,10,f,1
16455412,42828,1312,41516,Australia,Entire home/apt,1,0,169,21,9,10,9,t,1
16265663,42828,435,42393,Australia,Private room,1,1,149,4,10,10,10,f,1
8071786,42828,777,42051,Australia,Entire home/apt,1,2,270,54,9,10,9,f,1
8488287,42828,1705,41123,Australia,Entire home/apt,1,1,220,47,9,10,9,f,1
8598003,42828,1125,41703,Australia,Private room,1,1,85,2,10,10,10,f,1
14232199,42828,557,42271,Australia,Entire home/apt,1,1,195,24,10,10,10,t,1
8328987,42828,570,42258,Australia,Entire home/apt,1,1,125,21,9,10,9,f,1
13720249,42828,287,42541,Australia,Entire home/apt,1,1,94,1,,,,t,1
16725294,42828,412,42416,Australia,Entire home/apt,1,1,140,0,,,,f,1
5321470,42828,1011,41817,Australia,Entire home/apt,1,1,121,14,9,10,9,f,1
9052254,42828,983,41845,Australia,Entire home/apt,1,1,85,3,9,10,10,f,1
6498965,42828,682,42146,Australia,Private room,1,1,80,1,,,,f,1
13502233,42828,350,42478,Australia,Private room,1,1,58,1,,,,t,1
15734580,42828,1389,41439,Australia,Entire home/apt,1,2,125,1,10,10,10,f,1
5253792,42828,789,42039,Australia,Private room,1,1,121,0,,,,f,1
16261233,42828,1406,41422,Australia,Private room,1,1,100,11,9,10,9,f,1
12332679,42828,1216,41612,Australia,Entire home/apt,1,2,210,83,9,10,9,t,1
17838606,42828,136,42692,Australia,Entire home/apt,1,1,187,0,,,,t,1
4273459,42828,1077,41751,Australia,Entire home/apt,3,5,495,3,9,9,9,f,1
10688333,42828,603,42225,Australia,Entire home/apt,1,1,201,10,10,10,9,f,1
6494031,42828,1332,41496,Australia,Private room,1,1,165,3,10,10,10,t,1
9777662,42828,1844,40984,Australia,Entire home/apt,1,1,180,47,10,10,10,t,1
5183296,42828,797,42031,Australia,Entire home/apt,1,1,125,74,10,9,10,t,1
16396841,42828,603,42225,Australia,Entire home/apt,1,1,100,2,6,10,8,t,1
9775825,42828,720,42108,Australia,Entire home/apt,1,2,81,1,10,10,10,f,1
3416229,42828,1013,41815,Australia,Entire home/apt,1,1,105,16,9,9,10,f,1
6304300,42828,2428,40400,Australia,Entire home/apt,1,1,201,9,10,10,9,f,1
12982117,42828,1418,41410,Australia,Private room,1,1,55,16,10,10,10,f,1
3940519,42828,1584,41244,Australia,Entire home/apt,1,1,218,47,9,10,9,t,1
6564570,42828,1655,41173,Australia,Entire home/apt,1,1,176,17,10,10,10,f,1
925829,42828,1832,40996,Australia,Private room,1,1,89,181,10,10,10,f,1
4795113,42828,845,41983,Australia,Private room,1,1,90,0,,,,f,1
17708348,42828,20,42808,Australia,Entire home/apt,1,0,121,0,,,,f,1
16127861,42828,135,42693,Australia,Entire home/apt,2,2,267,5,8,9,8,t,1
17030724,42828,742,42086,Australia,Entire home/apt,2.5,3,229,8,9,10,9,t,1
16589048,42828,430,42398,Australia,Entire home/apt,2,2,299,2,9,10,9,t,1
8001399,42828,590,42238,Australia,Entire home/apt,1,2,189,7,8,10,8,f,1
668116,42828,1681,41147,Australia,Private room,1,1,80,38,9,9,9,f,1
5904246,42828,2229,40599,Australia,Private room,1,1,94,36,9,10,9,f,1
14101261,42828,477,42351,Australia,Entire home/apt,2,2,250,2,10,10,10,f,1
1911526,42828,2723,40105,Australia,Private room,2,1,69,71,9,9,9,f,1
8001414,42828,761,42067,Australia,Private room,1,1,75,0,,,,t,1
13566955,42828,718,42110,Australia,Entire home/apt,1,1,125,4,10,10,10,f,1
16303163,42828,1221,41607,Australia,Private room,3,1,50,1,8,10,8,t,1
16263976,42828,1266,41562,Australia,Private room,1,1,75,2,8,9,10,f,1
16396886,42828,1580,41248,Australia,Entire home/apt,1,0,170,0,,,,f,1
13115678,42828,319,42509,Australia,Shared room,1,1,37,1,,,,t,1
14817182,42828,278,42550,Australia,Private room,1,1,79,2,8,9,7,f,1
10690853,42828,711,42117,Australia,Entire home/apt,1,2,210,1,8,10,10,f,1
17831853,42828,847,41981,Australia,Entire home/apt,1,0,85,0,,,,t,1
17766333,42828,17,42811,Australia,Entire home/apt,2.5,3,495,0,,,,t,1
16329542,42828,1109,41719,Australia,Private room,1,1,55,3,3,8,5,t,1
3219772,42828,1036,41792,Australia,Entire home/apt,1,1,110,3,9,9,10,f,1
13480722,42828,1194,41634,Australia,Entire home/apt,1,1,160,1,10,10,10,f,1
7938400,42828,878,41950,Australia,Private room,1,1,66,2,6,10,8,f,1
498008,42828,1787,41041,Australia,Entire home/apt,1,1,290,145,9,10,9,t,1
5773275,42828,1785,41043,Australia,Private room,1,1,121,2,9,10,9,f,1
17013185,42828,983,41845,Australia,Private room,1,2,45,0,,,,t,1
8397173,42828,595,42233,Australia,Entire home/apt,1,1,130,1,8,10,8,f,1
17045478,42828,701,42127,Australia,Entire home/apt,1,0,110,5,8,10,9,t,1
15603682,42828,175,42653,Australia,Entire home/apt,1.5,1,165,11,10,10,10,f,1
16193513,42828,1084,41744,Australia,Private room,1,1,100,0,,,,f,1
9220586,42828,1127,41701,Australia,Entire home/apt,1.5,1,180,6,9,9,9,f,1
1253710,42828,1393,41435,Australia,Entire home/apt,1,1,180,141,9,10,9,t,1
4729759,42828,853,41975,Australia,Private room,1,1,90,11,10,10,10,t,1
16134812,42828,1083,41745,Australia,Entire home/apt,1,1,100,1,10,10,10,f,1
13708214,42828,310,42518,Australia,Private room,1,1,85,2,10,10,10,f,1
15413923,42828,306,42522,Australia,Private room,1,1,80,17,10,9,9,f,1
16589207,42828,2126,40702,Australia,Private room,1,1,77,0,,,,f,1
14078215,42828,1050,41778,Australia,Entire home/apt,2,2,214,3,10,10,10,f,1
13380545,42828,1089,41739,Australia,Entire home/apt,2,2,176,9,7,10,8,f,1
6887436,42828,1692,41136,Australia,Entire home/apt,1,1,229,8,10,10,10,f,1
15013882,42828,863,41965,Australia,Entire home/apt,2,2,328,48,10,10,9,t,1
8528283,42828,721,42107,Australia,Entire home/apt,1,2,201,9,10,10,10,f,1
8924103,42828,1769,41059,Australia,Entire home/apt,2,4,350,5,8,10,9,f,1
16472816,42828,508,42320,Australia,Entire home/apt,2,2,999,8,8,8,7,f,1
3416478,42828,1105,41723,Australia,Entire home/apt,2,2,121,2,8,10,10,f,1
1972243,42828,1228,41600,Australia,Entire home/apt,1,1,106,5,6,9,9,f,1
15538198,42828,405,42423,Australia,Entire home/apt,2,4,459,0,,,,f,1
11156,42828,2749,40079,Australia,Private room,,1,66,151,9,10,9,f,1
8357707,42828,573,42255,Australia,Private room,1,1,89,51,10,10,10,t,1
13644484,42828,441,42387,Australia,Shared room,1,1,22,6,7,10,9,t,1
9373519,42828,1355,41473,Australia,Entire home/apt,1,1,166,2,7,9,8,f,1
9909606,42828,1607,41221,Australia,Private room,1,1,104,4,10,9,9,f,1
14561350,42828,230,42598,Australia,Entire home/apt,1,2,201,21,10,10,10,f,1
7280685,42828,1707,41121,Australia,Entire home/apt,1,1,130,9,10,10,10,f,1
4465065,42828,886,41942,Australia,Private room,1.5,1,75,0,,,,f,1
16919526,42828,468,42360,Australia,Entire home/apt,1,0,201,0,,,,t,1
9377842,42828,2005,40823,Australia,Entire home/apt,1.5,2,400,1,8,6,6,f,1
16222329,42828,947,41881,Australia,Private room,2,1,80,6,9,10,10,t,1
17576667,42828,1047,41781,Australia,Entire home/apt,1,1,140,0,,,,f,1
9909731,42828,1167,41661,Australia,Entire home/apt,1,1,69,7,9,10,9,f,1
10235976,42828,461,42367,Australia,Private room,1,1,85,1,10,8,10,t,1
13142249,42828,1141,41687,Australia,Private room,1.5,1,50,4,8,9,10,f,1
11608501,42828,651,42177,Australia,Entire home/apt,1,0,189,38,9,10,9,t,1
5644741,42828,2010,40818,Australia,Private room,1,1,100,41,10,9,10,f,1
8788064,42828,543,42285,Australia,Private room,1.5,1,84,1,6,10,8,f,1
1382509,42828,1989,40839,Australia,Entire home/apt,1,1,110,2,10,9,9,f,1
4566717,42828,873,41955,Australia,Private room,2,1,50,0,,,,f,1
13141412,42828,1182,41646,Australia,Entire home/apt,1,1,90,7,9,10,10,f,1
17706031,42828,414,42414,Australia,Entire home/apt,1,1,55,0,,,,t,1
10229880,42828,1677,41151,Australia,Entire home/apt,1,0,80,1,8,8,8,f,1
1516013,42828,1331,41497,Australia,Entire home/apt,1,0,140,32,10,10,9,f,1
16327159,42828,1834,40994,Australia,Private room,1,1,60,0,,,,f,1
12788203,42828,893,41935,Australia,Entire home/apt,2,2,201,71,10,10,10,f,1
16526397,42828,98,42730,Australia,Private room,1,1,88,2,8,10,9,t,1
7680746,42828,609,42219,Australia,Entire home/apt,1.5,2,220,27,9,10,9,f,1
14096512,42828,1312,41516,Australia,Entire home/apt,1,0,144,53,9,10,9,t,1
13181442,42828,314,42514,Australia,Entire home/apt,1,1,130,8,10,9,10,f,1
13579008,42828,1228,41600,Australia,Entire home/apt,1,0,121,6,8,9,9,f,1
13775612,42828,764,42064,Australia,Private room,1,1,90,12,9,10,10,f,1
16390294,42828,128,42700,Australia,Entire home/apt,2,1,149,10,9,9,9,t,1
9515783,42828,502,42326,Australia,Entire home/apt,1,1,160,1,10,10,10,t,1
15085254,42828,433,42395,Australia,Entire home/apt,1,1,185,10,10,10,10,f,1
15087079,42828,522,42306,Australia,Entire home/apt,2,2,115,0,,,,f,1
16261671,42828,1197,41631,Australia,Entire home/apt,1,1,180,1,6,8,4,f,1
792734,42828,1598,41230,Australia,Entire home/apt,1.5,3,350,21,9,10,10,f,1
17752407,42828,1074,41754,Australia,Entire home/apt,1,2,180,0,,,,f,1
14222368,42828,1434,41394,Australia,Entire home/apt,1,0,80,0,,,,f,1
4863371,42828,835,41993,Australia,Entire home/apt,1,1,149,1,10,8,8,f,1
11280948,42828,470,42358,Australia,Entire home/apt,1,1,250,1,10,8,10,f,1
14953596,42828,1050,41778,Australia,Entire home/apt,1,2,210,2,7,9,8,f,1
15758479,42828,830,41998,Australia,Entire home/apt,2,3,299,26,10,10,10,t,1
3355426,42828,1762,41066,Australia,Entire home/apt,2,3,300,4,9,10,10,f,1
10575041,42828,446,42382,Australia,Entire home/apt,1,1,195,0,,,,t,1
16460943,42828,664,42164,Australia,Entire home/apt,2.5,2,300,15,9,10,10,t,1
13534647,42828,292,42536,Australia,Shared room,2,1,22,0,,,,f,1
13902417,42828,1050,41778,Australia,Entire home/apt,1,1,166,0,,,,f,1
16395419,42828,113,42715,Australia,Entire home/apt,1,1,176,5,10,10,10,f,1
10688721,42828,440,42388,Australia,Entire home/apt,1,,140,32,10,9,9,f,1
7777997,42828,603,42225,Australia,Entire home/apt,1,1,201,60,10,10,10,f,1
7351477,42828,628,42200,Australia,Private room,1,1,69,1,6,10,8,t,1
10869117,42828,1394,41434,Australia,Entire home/apt,1,1,145,8,10,9,10,f,1
15807296,42828,1089,41739,Australia,Entire home/apt,2,2,325,0,,,,f,1
17968323,42828,61,42767,Australia,Entire home/apt,1,1,94,0,,,,t,1
3605951,42828,1573,41255,Australia,Entire home/apt,1,0,157,23,9,10,9,f,1
13251407,42828,310,42518,Australia,Entire home/apt,2,4,349,0,,,,f,1
3814228,42828,1184,41644,Australia,Entire home/apt,2,2,600,3,10,10,10,f,1
1848147,42828,1254,41574,Australia,Private room,1,1,94,0,,,,f,1
10203241,42828,463,42365,Australia,Entire home/apt,2,3,350,80,9,10,9,t,1
17926286,42828,452,42376,Australia,Entire home/apt,1,2,117,0,,,,f,1
9579732,42828,1401,41427,Australia,Entire home/apt,1,2,168,6,10,10,10,f,1
13834512,42828,661,42167,Australia,Private room,1,1,50,0,,,,t,1
14616006,42828,1636,41192,Australia,Private room,1,1,100,12,10,10,10,t,1
8392480,42828,567,42261,Australia,Entire home/apt,2,2,229,3,10,10,10,f,1
13142027,42828,1494,41334,Australia,Private room,1,1,66,36,9,9,9,f,1
4397339,42828,1027,41801,Australia,Entire home/apt,1,2,210,0,,,,f,1
4263720,42828,912,41916,Australia,Entire home/apt,1,1,250,2,9,10,7,t,1
10104032,42828,1707,41121,Australia,Entire home/apt,1,1,110,5,7,8,10,t,1
792861,42828,1597,41231,Australia,Entire home/apt,1,1,149,1,10,10,10,f,1
17427912,42828,250,42578,Australia,Private room,1,1,140,2,10,10,10,t,1
16397036,42828,108,42720,Australia,Private room,2,1,90,10,10,10,10,f,1
7149857,42828,1802,41026,Australia,Private room,2,1,100,2,8,10,10,f,1
15994678,42828,859,41969,Australia,Private room,2,1,79,1,8,8,8,f,1
5839148,42828,867,41961,Australia,Entire home/apt,1,2,225,3,10,10,10,f,1
15871212,42828,1040,41788,Australia,Private room,2,1,107,23,10,10,10,f,1
12390203,42828,1794,41034,Australia,Entire home/apt,1.5,2,400,2,10,10,10,f,1
6822196,42828,661,42167,Australia,Entire home/apt,1,0,121,3,9,10,9,f,1
15872553,42828,192,42636,Australia,Entire home/apt,1.5,2,201,14,10,10,10,f,1
4205825,42828,920,41908,Australia,Private room,1,1,67,0,,,,f,1
9511634,42828,1681,41147,Australia,Entire home/apt,1,1,199,42,10,10,10,f,1
14888207,42828,930,41898,Australia,Entire home/apt,1,1,201,3,9,10,10,f,1
13438832,42828,1046,41782,Australia,Private room,1.5,1,88,31,10,10,10,f,1
15116900,42828,1052,41776,Australia,Entire home/apt,1,0,125,9,10,10,10,f,1
16193873,42828,1040,41788,Australia,Entire home/apt,1,1,165,3,10,9,10,f,1
11805451,42828,1738,41090,Australia,Entire home/apt,1,1,115,3,10,10,10,f,1
17924281,42828,7,42821,Australia,Private room,2,1,90,0,,,,f,1
5254887,42828,789,42039,Australia,Entire home/apt,2.5,2,295,9,10,9,10,f,1
17485054,42828,1145,41683,Australia,Private room,1,1,85,1,6,8,4,f,1
5319978,42828,783,42045,Australia,Entire home/apt,1,0,85,4,9,10,10,f,1
9834412,42828,907,41921,Australia,Private room,1,1,149,2,10,10,10,f,1
15450787,42828,175,42653,Australia,Entire home/apt,1,2,240,0,,,,f,1
15470522,42828,402,42426,Australia,Private room,1,1,149,0,,,,f,1
6429048,42828,1171,41657,Australia,Entire home/apt,1,2,350,1,4,10,4,f,1
12133162,42828,989,41839,Australia,Private room,1,1,80,7,10,10,10,f,1
14809034,42828,1312,41516,Australia,Entire home/apt,1,1,174,59,10,10,10,t,1
5907259,42828,728,42100,Australia,Private room,1,1,90,0,,,,f,1
7810368,42828,646,42182,Australia,Entire home/apt,1,0,248,0,,,,f,1
4271380,42828,910,41918,Australia,Private room,1,1,92,114,10,10,10,f,1
16914825,42828,890,41938,Australia,Private room,1,1,51,0,,,,f,1
10751924,42828,438,42390,Australia,Entire home/apt,2,2,270,69,10,10,10,f,1
7671767,42828,610,42218,Australia,Private room,1,1,69,10,10,10,10,f,1
1123132,42828,1672,41156,Australia,Entire home/apt,1,2,201,45,10,10,10,f,1
9001369,42828,1378,41450,Australia,Entire home/apt,1,1,149,1,10,10,10,f,1
16004243,42828,138,42690,Australia,Entire home/apt,1,1,168,20,9,9,8,t,1
2756579,42828,2037,40791,Australia,Private room,1,1,130,12,9,9,9,f,1
13116256,42828,556,42272,Australia,Private room,1,1,60,0,,,,t,1
1778531,42828,1584,41244,Australia,Entire home/apt,1,1,163,1,,,,f,1
4591603,42828,1397,41431,Australia,Entire home/apt,2.5,3,309,3,8,10,10,f,1
4725154,42828,1397,41431,Australia,Entire home/apt,1,1,100,51,9,9,9,f,1
11283814,42828,726,42102,Australia,Private room,1.5,1,66,0,,,,f,1
13701113,42828,346,42482,Australia,Entire home/apt,1,3,250,0,,,,f,1
9902525,42828,961,41867,Australia,Private room,1,1,110,1,4,4,6,f,1
4596577,42828,869,41959,Australia,Entire home/apt,1,2,201,46,10,10,10,f,1
7679324,42828,1019,41809,Australia,Entire home/apt,2.5,2,595,35,10,10,9,f,1
6566802,42828,1176,41652,Australia,Private room,0,1,62,2,5,10,6,f,1
16592243,42828,225,42603,Australia,Private room,1,3,50,1,10,10,10,t,1
6426630,42828,687,42141,Australia,Private room,1,1,89,15,10,10,10,t,1
10235246,42828,461,42367,Australia,Entire home/apt,1,1,119,13,10,10,10,f,1
15147899,42828,880,41948,Australia,Entire home/apt,1,1,155,18,10,10,10,f,1
17829908,42828,41,42787,Australia,Entire home/apt,1,1,149,0,,,,f,1
17179522,42828,170,42658,Australia,Entire home/apt,1,1,135,4,7,9,7,f,1
12327391,42828,374,42454,Australia,Entire home/apt,2.5,3,350,0,,,,f,1
14031332,42828,1016,41812,Australia,Private room,1,1,85,0,,,,f,1
12594556,42828,397,42431,Australia,Entire home/apt,1,1,136,8,10,10,9,f,1
4722723,42828,853,41975,Australia,Entire home/apt,1,2,229,30,10,10,10,f,1
6368641,42828,692,42136,Australia,Entire home/apt,1,1,139,0,,,,f,1
16135069,42828,1300,41528,Australia,Private room,1,1,41,1,8,6,10,t,1
15934377,42828,268,42560,Australia,Private room,1,1,105,9,10,10,10,f,1
14618678,42828,2122,40706,Australia,Entire home/apt,1,0,180,0,,,,f,1
5708279,42828,747,42081,Australia,Entire home/apt,1,1,110,0,,,,f,1
7608806,42828,908,41920,Australia,Entire home/apt,1,1,149,66,9,10,9,t,1
15807395,42828,518,42310,Australia,Entire home/apt,1,1,176,12,7,10,8,t,1
9580705,42828,1934,40894,Australia,Entire home/apt,1,1,149,0,,,,f,1
6122117,42828,711,42117,Australia,Private room,1,1,41,0,,,,t,1
11283867,42828,1398,41430,Australia,Private room,1,1,100,3,9,10,10,f,1
14157305,42828,651,42177,Australia,Entire home/apt,1,1,160,1,10,10,10,f,1
17109068,42828,1873,40955,Australia,Private room,1,1,75,13,10,10,10,f,1
16196568,42828,246,42582,Australia,Private room,3,1,400,0,,,,t,1
16221272,42828,491,42337,Australia,Entire home/apt,1.5,2,279,8,10,10,10,f,1
16783907,42828,280,42548,Australia,Entire home/apt,1,1,151,6,9,9,9,f,1
15872948,42828,1769,41059,Australia,Entire home/apt,1,1,180,8,9,10,8,f,1
17706416,42828,20,42808,Australia,Private room,1,1,45,0,,,,t,1
16783937,42828,270,42558,Australia,Entire home/apt,2,3,130,0,,,,t,1
9116215,42828,979,41849,Australia,Entire home/apt,1,2,180,13,9,10,9,f,1
7679399,42828,675,42153,Australia,Entire home/apt,2,4,380,56,9,9,9,t,1
3608674,42828,1802,41026,Australia,Entire home/apt,1,2,149,7,10,10,9,f,1
16327706,42828,427,42401,Australia,Private room,1,1,105,0,,,,f,1
14580083,42828,1776,41052,Australia,Entire home/apt,1,2,294,1,10,8,8,f,1
9375886,42828,1816,41012,Australia,Entire home/apt,1,1,149,1,8,10,10,f,1
16325214,42828,1350,41478,Australia,Entire home/apt,1,1,176,3,8,9,9,f,1
1642648,42828,1496,41332,Australia,Entire home/apt,1,1,145,5,10,10,10,f,1
16519323,42828,98,42730,Australia,Private room,1,1,100,0,,,,t,1
13318987,42828,813,42015,Australia,Entire home/apt,1,1,180,0,,,,t,1
16074255,42828,634,42194,Australia,Private room,1,1,96,3,10,9,10,f,1
13646700,42828,1491,41337,Australia,Entire home/apt,1,1,140,0,,,,t,1
10437728,42828,2417,40411,Australia,Entire home/apt,1,1,270,1,10,8,8,f,1
15743866,42828,643,42185,Australia,Entire home/apt,2,2,173,1,10,8,10,f,1
9714558,42828,898,41930,Australia,Entire home/apt,1,2,180,6,9,10,9,t,1
674825,42828,1681,41147,Australia,Private room,,1,64,92,9,9,9,f,1
4078476,42828,1738,41090,Australia,Entire home/apt,1,2,250,9,9,10,9,f,1
9321365,42828,513,42315,Australia,Private room,1,1,60,2,6,8,6,f,1
4471712,42828,884,41944,Australia,Entire home/apt,2,1,119,1,6,10,8,f,1
6437813,42828,889,41939,Australia,Entire home/apt,1,1,160,1,10,10,10,f,1
8930414,42828,535,42293,Australia,Entire home/apt,1,1,114,6,9,10,10,f,1
11746230,42828,388,42440,Australia,Private room,1,1,94,12,9,10,10,f,1
16137176,42828,127,42701,Australia,Entire home/apt,1,0,100,0,,,,f,1
11591503,42828,1374,41454,Australia,Private room,1,1,81,2,8,9,8,f,1
6568934,42828,1176,41652,Australia,Private room,0,1,62,0,,,,f,1
12838747,42828,335,42493,Australia,Entire home/apt,1,1,100,2,5,7,6,f,1
17643027,42828,24,42804,Australia,Entire home/apt,1,1,180,0,,,,f,1
16006124,42828,560,42268,Australia,Private room,1,1,140,0,,,,t,1
16071655,42828,341,42487,Australia,Entire home/apt,1,1,140,21,8,10,8,t,1
2046958,42828,1212,41616,Australia,Entire home/apt,1,1,350,15,10,10,9,f,1
9800189,42828,545,42283,Australia,Private room,1,1,79,1,10,10,10,f,1
15416308,42828,323,42505,Australia,Private room,2,1,69,1,10,10,10,f,1
10545192,42828,451,42377,Australia,Private room,1,1,55,1,10,10,10,f,1
16071684,42828,1756,41072,Australia,Entire home/apt,1,1,160,1,10,10,10,f,1
5981309,42828,1580,41248,Australia,Entire home/apt,1,1,161,6,8,10,8,f,1
8925052,42828,577,42251,Australia,Entire home/apt,1,1,121,0,,,,f,1
2505762,42828,2091,40737,Australia,Entire home/apt,1,0,160,123,9,10,9,f,1
869512,42828,1551,41277,Australia,Entire home/apt,1,1,125,40,8,9,9,f,1
16006306,42828,1229,41599,Australia,Entire home/apt,1,2,144,1,10,10,10,f,1
16137358,42828,1010,41818,Australia,Entire home/apt,1,1,139,1,10,10,10,t,1
7027888,42828,1937,40891,Australia,Private room,1,1,69,0,,,,f,1
12476275,42828,1800,41028,Australia,Private room,1,1,69,18,8,9,9,f,1
14173723,42828,732,42096,Australia,Private room,1,1,199,1,10,10,10,f,1
9714878,42828,2199,40629,Australia,Entire home/apt,1,1,250,1,8,10,8,f,1
16794771,42828,1183,41645,Australia,Entire home/apt,1,0,185,0,,,,f,1
14957762,42828,570,42258,Australia,Private room,2,1,100,21,10,10,10,t,1
16989385,42828,482,42346,Australia,Private room,1,3,60,3,9,10,10,t,1
9845973,42828,483,42345,Australia,Private room,1,1,60,0,,,,f,1
15940816,42828,142,42686,Australia,Entire home/apt,1,1,149,1,10,10,8,f,1
7224525,42828,636,42192,Australia,Entire home/apt,2,2,360,22,10,10,10,f,1
13437477,42828,298,42530,Australia,Entire home/apt,2,2,551,8,10,10,10,f,1
14957799,42828,1222,41606,Australia,Entire home/apt,1,1,135,0,,,,f,1
869528,42828,1551,41277,Australia,Entire home/apt,1,2,299,4,9,9,9,f,1
15709394,42828,158,42670,Australia,Entire home/apt,2,2,336,0,,,,t,1
9845992,42828,691,42137,Australia,Entire home/apt,2,2,290,15,9,10,9,f,1
474371,42828,1787,41041,Australia,Entire home/apt,1.5,3,250,5,9,10,9,f,1
16008350,42828,654,42174,Australia,Entire home/apt,1,1,135,5,8,10,9,f,1
4078866,42828,988,41840,Australia,Private room,1,1,100,2,9,10,9,f,1
14826773,42828,1226,41602,Australia,Entire home/apt,1,2,199,15,9,10,9,t,1
9583909,42828,1727,41101,Australia,Entire home/apt,1,2,210,7,10,10,10,f,1
8091701,42828,584,42244,Australia,Private room,1.5,1,85,73,9,9,9,f,1
9452840,42828,507,42321,Australia,Entire home/apt,2,2,249,2,10,10,9,f,1
9518395,42828,714,42114,Australia,Entire home/apt,1,1,66,1,8,10,10,f,1
5981344,42828,1580,41248,Australia,Entire home/apt,1,1,166,3,6,10,7,f,1
11418952,42828,1094,41734,Australia,Entire home/apt,1,1,149,0,,,,f,1
12860774,42828,334,42494,Australia,Shared room,2,1,250,0,,,,f,1
15416674,42828,1176,41652,Australia,Private room,1,1,66,10,9,10,9,t,1
11678946,42828,392,42436,Australia,Private room,1,1,160,54,10,9,9,f,1
16399724,42828,1076,41752,Australia,Entire home/apt,1,2,220,1,10,10,10,f,1
10108272,42828,658,42170,Australia,Private room,1,1,100,0,,,,f,1
5093918,42828,1844,40984,Australia,Entire home/apt,1,0,185,47,10,10,10,f,1
9868704,42828,653,42175,Australia,Private room,2,1,48,26,8,9,9,f,1
13909387,42828,639,42189,Australia,Private room,1,1,210,14,10,10,9,t,1
933250,42828,1513,41315,Australia,Entire home/apt,1,1,160,28,10,9,10,f,1
16443855,42828,104,42724,Australia,Entire home/apt,1,1,159,12,9,9,9,t,1
6962591,42828,1346,41482,Australia,Entire home/apt,1,1,104,2,8,10,10,f,1
6765978,42828,671,42157,Australia,Entire home/apt,2,2,220,12,9,9,9,t,1
16137635,42828,2360,40468,Australia,Entire home/apt,1,2,300,1,10,10,10,f,1
9977256,42828,477,42351,Australia,Entire home/apt,1,1,68,1,8,6,8,f,1
9658567,42828,1293,41535,Australia,Entire home/apt,1,2,180,19,10,9,9,t,1
4932434,42828,853,41975,Australia,Private room,1,1,69,31,8,9,9,f,1
9780681,42828,759,42069,Australia,Private room,1,1,100,54,10,10,10,f,1
10108388,42828,1039,41789,Australia,Entire home/apt,1,1,193,35,10,10,10,f,1
867805,42828,1551,41277,Australia,Entire home/apt,1,1,155,78,9,10,9,f,1
5062137,42828,809,42019,Australia,Entire home/apt,1,0,94,0,,,,f,1
10042889,42828,1042,41786,Australia,Entire home/apt,1,2,350,2,10,10,10,f,1
15810072,42828,1516,41312,Australia,Entire home/apt,1,0,96,2,9,10,10,f,1
10073349,42828,1813,41015,Australia,Entire home/apt,1,0,119,2,10,10,10,f,1
8995760,42828,577,42251,Australia,Entire home/apt,1,1,176,0,,,,f,1
9977382,42828,1370,41458,Australia,Entire home/apt,1,0,94,1,10,10,8,f,1
16072243,42828,155,42673,Australia,Entire home/apt,2,2,300,18,10,10,10,t,1
10042937,42828,1796,41032,Australia,Entire home/apt,1.5,1,125,16,10,10,10,f,1
16137802,42828,1186,41642,Australia,Entire home/apt,1,1,201,0,,,,f,1
2244154,42828,1170,41658,Australia,Entire home/apt,1,1,176,56,10,10,10,f,1
17579608,42828,28,42800,Australia,Entire home/apt,1,1,187,1,10,10,10,t,1
12009049,42828,2065,40763,Australia,Private room,3,1,63,1,8,8,8,f,1
16072342,42828,1106,41722,Australia,Entire home/apt,1,1,180,5,10,10,10,f,1
7683744,42828,688,42140,Australia,Private room,2,1,121,7,8,10,9,f,1
16006821,42828,137,42691,Australia,Private room,1,1,41,0,,,,f,1
8996055,42828,531,42297,Australia,Entire home/apt,1,2,281,25,9,10,10,f,1
2375330,42828,2033,40795,Australia,Entire home/apt,1,1,84,26,10,9,9,f,1
7945898,42828,1200,41628,Australia,Entire home/apt,1,1,149,1,10,10,10,f,1
15482541,42828,1669,41159,Australia,Private room,1,1,104,19,10,10,9,f,1
16484981,42828,434,42394,Australia,Private room,1,1,94,6,9,10,9,f,1
11091640,42828,742,42086,Australia,Private room,1,1,60,1,8,8,8,f,1
15484130,42828,1409,41419,Australia,Private room,2,1,100,1,6,10,8,f,1
3555021,42828,1517,41311,Australia,Entire home/apt,1.5,2,220,18,8,9,8,f,1
12074692,42828,371,42457,Australia,Private room,1,1,149,28,10,10,10,f,1
1787100,42828,1860,40968,Australia,Private room,1,1,73,42,9,9,9,f,1
11550432,42828,399,42429,Australia,Private room,1,1,55,5,9,10,10,f,1
15746062,42828,156,42672,Australia,Entire home/apt,1,1,170,0,,,,f,1
15942909,42828,1240,41588,Australia,Entire home/apt,1,1,347,1,10,10,8,f,1
17448709,42828,1718,41110,Australia,Private room,1,1,100,1,10,10,10,f,1
3489542,42828,1042,41786,Australia,Entire home/apt,1,2,350,2,8,8,2,f,1
15942923,42828,1095,41733,Australia,Entire home/apt,1,1,121,1,8,10,10,f,1
10501918,42828,1776,41052,Australia,Entire home/apt,2,3,412,4,10,10,10,f,1
15877399,42828,1038,41790,Australia,Entire home/apt,1,1,115,5,9,10,9,f,1
11026222,42828,993,41835,Australia,Entire home/apt,1,2,250,18,9,10,10,t,1
4144932,42828,948,41880,Australia,Entire home/apt,1,0,145,47,9,10,9,f,1
16467238,42828,103,42725,Australia,Private room,1,1,66,1,,,,t,1
16260559,42828,119,42709,Australia,Entire home/apt,1,1,140,15,9,10,9,f,1
14696256,42828,939,41889,Australia,Entire home/apt,1,2,201,31,9,10,9,f,1
9912150,42828,1067,41761,Australia,Private room,1,1,110,1,8,10,6,f,1
374069,42828,1852,40976,Australia,Private room,2,1,85,96,10,10,9,f,1
17907575,42828,222,42606,Australia,Private room,1,1,83,1,10,10,10,t,1
4343345,42828,1350,41478,Australia,Private room,3,1,75,1,10,10,10,f,1
11681660,42828,391,42437,Australia,Entire home/apt,2,2,149,1,10,10,10,f,1
5193602,42828,796,42032,Australia,Entire home/apt,1,1,135,6,9,10,9,f,1
16203659,42828,123,42705,Australia,Private room,2,1,75,5,10,10,10,f,1
11679045,42828,1082,41746,Australia,Entire home/apt,1,1,80,1,10,10,10,f,1
16334749,42828,978,41850,Australia,Entire home/apt,1,1,97,1,10,8,10,f,1
5652394,42828,1681,41147,Australia,Entire home/apt,1,0,100,23,9,9,9,t,1
16531379,42828,97,42731,Australia,Private room,1,1,80,0,,,,t,1
3489739,42828,1042,41786,Australia,Entire home/apt,2,2,320,1,10,8,8,f,1
16072661,42828,132,42696,Australia,Entire home/apt,2,2,176,6,9,10,9,f,1
15810524,42828,343,42485,Australia,Entire home/apt,1,1,350,1,10,10,8,t,1
13713367,42828,281,42547,Australia,Private room,1,1,79,30,10,10,9,t,1
6963169,42828,1111,41717,Australia,Entire home/apt,1,2,176,4,10,10,10,f,1
12664806,42828,343,42485,Australia,Private room,1,1,121,1,10,10,10,t,1
16007154,42828,939,41889,Australia,Entire home/apt,1,1,190,0,,,,f,1
8762708,42828,545,42283,Australia,Private room,2,1,75,4,9,10,10,f,1
11093303,42828,830,41998,Australia,Entire home/apt,2,3,169,69,9,10,9,t,1
16531453,42828,662,42166,Australia,Entire home/apt,1,1,160,5,10,10,10,t,1
5784919,42828,740,42088,Australia,Entire home/apt,1,0,110,11,10,10,9,f,1
9846818,42828,483,42345,Australia,Entire home/apt,1,1,160,1,8,10,10,f,1
3425823,42828,1097,41731,Australia,Entire home/apt,1,1,170,78,10,10,10,f,1
9846814,42828,869,41959,Australia,Private room,1,1,130,58,10,10,10,t,1
11157547,42828,593,42235,Australia,Private room,1,1,80,27,6,9,6,f,1
14453428,42828,236,42592,Australia,Private room,1,1,94,1,8,10,8,f,1
15876167,42828,166,42662,Australia,Entire home/apt,1,0,115,15,8,10,9,f,1
16441358,42828,257,42571,Australia,Entire home/apt,1,1,240,1,10,10,10,f,1
1851485,42828,1309,41519,Australia,Entire home/apt,2,2,400,4,10,9,10,f,1
17645666,42828,115,42713,Australia,Private room,1,2,76,0,,,,f,1
11875683,42828,382,42446,Australia,Entire home/apt,1,1,111,69,9,9,9,f,1
13437841,42828,302,42526,Australia,Entire home/apt,1,1,198,4,10,10,10,f,1
3948647,42828,2100,40728,Australia,Entire home/apt,1,0,121,46,10,10,10,f,1
16860735,42828,74,42754,Australia,Entire home/apt,1,1,130,3,10,10,10,f,1
11550849,42828,399,42429,Australia,Entire home/apt,1,2,229,3,9,10,9,f,1
17907843,42828,573,42255,Australia,Entire home/apt,1,1,160,0,,,,f,1
15589400,42828,680,42148,Australia,Entire home/apt,1,0,250,2,8,10,9,f,1
9258348,42828,1664,41164,Australia,Private room,1,1,69,36,10,10,10,f,1
6439059,42828,1642,41186,Australia,Entire home/apt,1,0,105,12,9,10,9,f,1
2703494,42828,1838,40990,Australia,Entire home/apt,1,1,130,64,10,10,9,f,1
2703524,42828,1225,41603,Australia,Entire home/apt,1,0,125,16,8,9,8,f,1
8077494,42828,585,42243,Australia,Entire home/apt,1,1,80,0,,,,f,1
16728245,42828,194,42634,Australia,Entire home/apt,1,1,149,22,9,10,9,t,1
10372495,42828,1009,41819,Australia,Entire home/apt,1,0,90,4,9,9,9,f,1
14303428,42828,245,42583,Australia,Entire home/apt,1,1,176,19,9,10,9,t,1
8470741,42828,1535,41293,Australia,Entire home/apt,2,2,155,1,10,10,10,f,1
5980368,42828,1719,41109,Australia,Entire home/apt,1,1,182,20,10,10,9,f,1
9715929,42828,1392,41436,Australia,Entire home/apt,1,3,145,16,8,10,9,f,1
16072933,42828,1182,41646,Australia,Private room,1,1,69,0,,,,f,1
12070634,42828,844,41984,Australia,Private room,1,1,64,0,,,,f,1
475384,42828,2030,40798,Australia,Private room,1,1,45,16,9,10,9,f,1
5573333,42828,1995,40833,Australia,Entire home/apt,1,2,149,1,10,10,10,f,1
17645827,42828,24,42804,Australia,Entire home/apt,1,0,110,1,10,10,10,t,1
5980443,42828,1580,41248,Australia,Entire home/apt,1,1,160,5,8,9,8,f,1
11092240,42828,422,42406,Australia,Entire home/apt,1,1,180,36,10,10,9,t,1
10503785,42828,453,42375,Australia,Entire home/apt,1,0,160,7,10,10,10,f,1
15941921,42828,154,42674,Australia,Private room,1,1,75,27,10,10,10,f,1
17908011,42828,1295,41533,Australia,Private room,1,1,62,0,,,,t,1
9519433,42828,1245,41583,Australia,Entire home/apt,1,0,125,49,9,10,9,f,1
13320545,42828,305,42523,Australia,Private room,1,1,80,5,10,10,10,f,1
5981609,42828,1580,41248,Australia,Entire home/apt,1,1,166,5,8,10,9,f,1
4473190,42828,1120,41708,Australia,Entire home/apt,1,1,199,8,9,9,9,t,1
16400756,42828,692,42136,Australia,Private room,2,3,199,1,10,10,10,t,1
16138615,42828,631,42197,Australia,Private room,2,1,115,18,10,10,10,f,1
15327295,42828,183,42645,Australia,Private room,1,1,89,28,10,10,10,f,1
9847171,42828,483,42345,Australia,Private room,1.5,1,83,2,6,6,6,f,1
13451670,42828,1380,41448,Australia,Private room,1,1,66,3,9,10,10,f,1
16007568,42828,769,42059,Australia,Entire home/apt,1,1,140,13,9,10,9,t,1
5951583,42828,725,42103,Australia,Private room,2,1,190,0,,,,f,1
10109353,42828,469,42359,Australia,Private room,0.5,1,79,6,9,10,10,t,1
475557,42828,2097,40731,Australia,Entire home/apt,1.5,2,350,59,9,10,10,f,1
4145590,42828,968,41860,Australia,Entire home/apt,1,1,110,2,10,10,10,f,1
210439,42828,2177,40651,Australia,Entire home/apt,1,1,121,8,10,10,10,f,1
2350679,42828,1165,41663,Australia,Entire home/apt,2.5,2,227,1,10,10,10,f,1
16266658,42828,435,42393,Australia,Entire home/apt,1,0,185,2,10,10,10,f,1
17318355,42828,46,42782,Australia,Entire home/apt,1,2,208,14,10,10,9,t,1
13252121,42828,329,42499,Australia,Private room,1,1,92,3,7,10,9,t,1
8798705,42828,704,42124,Australia,Entire home/apt,1,1,235,1,,,,f,1
16397879,42828,1390,41438,Australia,Private room,1,1,90,4,10,10,10,f,1
5980671,42828,1580,41248,Australia,Entire home/apt,1,2,181,3,9,9,9,f,1
10371576,42828,454,42374,Australia,Private room,1,1,69,17,9,9,10,f,1
10240512,42828,533,42295,Australia,Private room,1,1,100,0,,,,f,1
1018623,42828,1640,41188,Australia,Entire home/apt,2,2,475,16,9,9,9,f,1
410073,42828,1829,40999,Australia,Entire home/apt,1,1,170,105,10,9,9,t,1
6927789,42828,1260,41568,Australia,Entire home/apt,1,0,98,0,,,,f,1
9516607,42828,1230,41598,Australia,Entire home/apt,3,3,350,41,10,10,10,f,1
11744865,42828,733,42095,Australia,Entire home/apt,1,1,190,0,,,,f,1
1979960,42828,1227,41601,Australia,Entire home/apt,2,4,419,62,8,9,8,f,1
16070237,42828,830,41998,Australia,Entire home/apt,1,2,189,31,10,10,10,t,1
3356075,42828,1049,41779,Australia,Private room,1,1,69,57,9,10,9,f,1
3555889,42828,998,41830,Australia,Entire home/apt,3,3,901,2,10,10,10,t,1
4015571,42828,1360,41468,Australia,Entire home/apt,1,,210,37,8,10,9,f,1
9978420,42828,934,41894,Australia,Entire home/apt,1,1,229,1,8,10,8,f,1
1914486,42828,1240,41588,Australia,Entire home/apt,1,1,100,5,8,9,8,f,1
12142056,42828,650,42178,Australia,Entire home/apt,2,2,650,1,10,10,10,f,1
10040956,42828,1434,41394,Australia,Entire home/apt,1,1,159,9,9,10,9,f,1
11679330,42828,1228,41600,Australia,Entire home/apt,1,1,184,73,9,10,9,t,1
3097154,42828,1056,41772,Australia,Entire home/apt,1,1,159,6,9,9,9,f,1
3544455,42828,1000,41828,Australia,Private room,1,1,85,5,10,10,10,f,1
2438776,42828,1141,41687,Australia,Entire home/apt,2,2,288,42,8,10,9,f,1
10018412,42828,475,42353,Australia,Entire home/apt,1,1,140,1,10,8,6,t,1
5194328,42828,2320,40508,Australia,Entire home/apt,1,2,551,22,10,10,10,f,1
16070079,42828,133,42695,Australia,Entire home/apt,1,1,128,7,10,10,10,f,1
10109574,42828,847,41981,Australia,Private room,2,1,121,0,,,,f,1
7094908,42828,1201,41627,Australia,Shared room,1,1,94,5,10,10,9,f,1
11286208,42828,601,42227,Australia,Entire home/apt,2,2,156,0,,,,f,1
7026374,42828,966,41862,Australia,Private room,1,1,89,0,,,,f,1
7684736,42828,706,42122,Australia,Private room,1,1,90,93,9,10,9,t,1
7485131,42828,621,42207,Australia,Entire home/apt,1,1,130,100,10,10,10,f,1
17449659,42828,803,42025,Australia,Private room,1,1,180,1,10,10,8,f,1
6239974,42828,1112,41716,Australia,Private room,1,1,149,6,9,10,9,t,1
9978579,42828,1776,41052,Australia,Entire home/apt,2,3,425,3,9,10,9,f,1
13252333,42828,1107,41721,Australia,Entire home/apt,1,1,100,1,6,10,6,f,1
4863727,42828,1398,41430,Australia,Entire home/apt,1,0,121,22,8,10,8,f,1
15917181,42828,1261,41567,Australia,Entire home/apt,1,1,204,0,,,,f,1
15942379,42828,142,42686,Australia,Entire home/apt,1,1,100,3,10,10,10,f,1
8996348,42828,1261,41567,Australia,Entire home/apt,1,2,160,5,10,9,10,f,1
4605426,42828,1018,41810,Australia,Entire home/apt,1,1,145,1,2,10,4,f,1
13317891,42828,1508,41320,Australia,Entire home/apt,1,1,149,0,,,,f,1
869091,42828,1572,41256,Australia,Private room,2,1,60,53,7,9,8,f,1
14704257,42828,1015,41813,Australia,Entire home/apt,1,1,160,2,8,8,8,t,1
10371833,42828,579,42249,Australia,Entire home/apt,1,1,250,1,8,8,8,f,1
15349516,42828,185,42643,Australia,Entire home/apt,1,0,149,13,10,9,9,f,1
1980164,42828,1226,41602,Australia,Private room,1,1,122,61,9,10,9,t,1
6046461,42828,717,42111,Australia,Private room,1,1,115,37,10,10,10,f,1
13714929,42828,428,42400,Australia,Entire home/apt,2,2,249,23,9,10,9,f,1
14959368,42828,207,42621,Australia,Entire home/apt,1,1,128,11,9,10,9,t,1
12990225,42828,948,41880,Australia,Private room,0.5,1,69,1,,,,t,1
2320694,42828,1671,41157,Australia,Private room,1,1,71,76,10,10,10,f,1
14890779,42828,847,41981,Australia,Private room,1,1,100,2,10,10,10,f,1
16070441,42828,1125,41703,Australia,Private room,1,1,89,0,,,,t,1
3793149,42828,1184,41644,Australia,Private room,1,1,128,35,9,10,9,f,1
9650988,42828,1690,41138,Australia,Entire home/apt,1,0,100,4,8,10,9,f,1
9189172,42828,767,42061,Australia,Entire home/apt,1,1,180,28,10,10,10,f,1
14431712,42828,932,41896,Australia,Private room,1,1,69,0,,,,f,1
16398160,42828,245,42583,Australia,Entire home/apt,1,2,275,1,10,10,8,f,1
2504534,42828,1720,41108,Australia,Entire home/apt,1,0,100,8,8,10,10,f,1
9257813,42828,741,42087,Australia,Private room,2,1,75,1,10,8,10,f,1
11241790,42828,415,42413,Australia,Private room,1,1,85,0,,,,f,1
12600158,42828,2311,40517,Australia,Entire home/apt,1,1,228,11,10,10,10,f,1
9716588,42828,491,42337,Australia,Private room,1,1,149,0,,,,f,1
8282255,42828,1081,41747,Australia,Entire home/apt,1,,110,54,9,10,9,f,1
5194582,42828,796,42032,Australia,Private room,1,1,140,53,9,10,9,f,1
11876228,42828,1742,41086,Australia,Entire home/apt,1,1,121,2,9,9,10,f,1
7357293,42828,706,42122,Australia,Private room,1,1,62,14,7,10,9,t,1
2900852,42828,1572,41256,Australia,Entire home/apt,1,2,180,14,8,9,7,f,1
14173045,42828,252,42576,Australia,Entire home/apt,3,3,300,1,8,10,10,f,1
9320337,42828,1488,41340,Australia,Private room,1,1,94,50,8,10,9,t,1
11089829,42828,478,42350,Australia,Entire home/apt,1,1,170,5,10,10,9,f,1
9716605,42828,1512,41316,Australia,Private room,1,1,41,1,6,10,10,f,1
5981066,42828,1580,41248,Australia,Entire home/apt,1,1,177,1,10,10,8,f,1
12796820,42828,610,42218,Australia,Private room,2.5,1,100,4,10,10,10,f,1
15808444,42828,341,42487,Australia,Shared room,1,1,52,4,9,10,10,f,1
17319432,42828,45,42783,Australia,Entire home/apt,1,1,149,4,10,10,9,t,1
11158440,42828,419,42409,Australia,Private room,1,1,100,3,4,10,4,f,1
13318102,42828,306,42522,Australia,Private room,1,1,48,0,,,,f,1
2045901,42828,1812,41016,Australia,Private room,1,1,149,44,9,10,9,f,1
15745971,42828,709,42119,Australia,Entire home/apt,2,2,225,17,10,9,10,t,1
14956501,42828,207,42621,Australia,Private room,1,1,97,26,10,10,10,f,1
17908670,42828,1425,41403,Australia,Entire home/apt,1,1,145,0,,,,t,1
5981113,42828,1580,41248,Australia,Entire home/apt,1,1,177,1,8,10,8,f,1
11286531,42828,415,42413,Australia,Entire home/apt,1,1,240,0,,,,f,1
15221733,42828,406,42422,Australia,Private room,1,1,69,1,,,,t,1
14563334,42828,1667,41161,Australia,Entire home/apt,1,1,110,14,8,10,9,t,1
5981169,42828,1580,41248,Australia,Entire home/apt,1,1,161,3,9,9,9,f,1
16988190,42828,1675,41153,Australia,Entire home/apt,1,1,130,0,,,,f,1
15436887,42828,607,42221,Australia,Private room,1,1,138,30,10,9,9,f,1
16398400,42828,540,42288,Australia,Entire home/apt,1,0,149,10,10,10,10,t,1
6568003,42828,1176,41652,Australia,Private room,0,1,62,4,6,9,7,f,1
1521754,42828,1330,41498,Australia,Entire home/apt,1,1,201,0,,,,f,1
4405370,42828,893,41935,Australia,Private room,1,1,58,0,,,,f,1
12531856,42828,581,42247,Australia,Entire home/apt,1,2,197,48,9,10,9,t,1
11090072,42828,1464,41364,Australia,Entire home/apt,1,0,145,33,9,10,9,t,1
12990620,42828,327,42501,Australia,Private room,1.5,1,69,21,10,10,9,f,1
16070826,42828,133,42695,Australia,Entire home/apt,1,2,176,0,,,,t,1
10500269,42828,926,41902,Australia,Entire home/apt,1,0,50,3,7,10,10,f,1
9517250,42828,516,42312,Australia,Entire home/apt,1,0,125,28,7,9,8,f,1
8992979,42828,532,42296,Australia,Private room,1,1,100,0,,,,f,1
276617,42828,2005,40823,Australia,Entire home/apt,1,1,149,177,10,9,10,t,1
4077757,42828,937,41891,Australia,Entire home/apt,1,0,229,41,9,9,9,f,1
6174915,42828,708,42120,Australia,Entire home/apt,1,2,201,61,10,10,10,t,1
13514965,42828,428,42400,Australia,Entire home/apt,2,2,249,24,9,10,9,f,1
13349930,42828,303,42525,Australia,Private room,1,1,55,0,,,,f,1
17578239,42828,1475,41353,Australia,Entire home/apt,1,0,197,1,10,10,10,f,1
12597482,42828,2094,40734,Australia,Entire home/apt,1,1,130,73,8,10,9,f,1
9778219,42828,1201,41627,Australia,Entire home/apt,1,2,189,9,10,10,10,f,1
2504936,42828,1125,41703,Australia,Private room,1,1,94,79,10,9,10,t,1
9779472,42828,1089,41739,Australia,Entire home/apt,1,1,201,3,7,10,8,f,1
9976078,42828,1545,41283,Australia,Private room,1,1,229,1,10,8,8,f,1
13580572,42828,483,42345,Australia,Entire home/apt,1,1,176,3,10,10,9,f,1
16070933,42828,599,42229,Australia,Entire home/apt,1,1,160,11,9,9,9,f,1
9847813,42828,483,42345,Australia,Entire home/apt,2,5,395,47,9,10,9,f,1
2667571,42828,1101,41727,Australia,Entire home/apt,1,2,130,0,,,,f,1
15436169,42828,208,42620,Australia,Private room,1,1,85,7,9,10,10,f,1
2832701,42828,1079,41749,Australia,Entire home/apt,1,1,149,1,10,10,10,f,1
5015322,42828,1980,40848,Australia,Private room,1,1,100,47,10,10,10,f,1
11811159,42828,410,42418,Australia,Private room,2,1,69,1,6,8,8,f,1
12073304,42828,371,42457,Australia,Private room,1,1,69,0,,,,f,1
14694771,42828,1841,40987,Australia,Entire home/apt,1,1,149,3,9,9,9,f,1
12138861,42828,2244,40584,Australia,Entire home/apt,3,3,400,4,10,10,10,t,1
9189790,42828,520,42308,Australia,Entire home/apt,1,1,149,1,10,10,8,f,1
15808928,42828,1980,40848,Australia,Entire home/apt,1.5,3,400,12,8,10,8,f,1
9124273,42828,524,42304,Australia,Private room,1,1,66,3,10,9,9,f,1
2111896,42828,1198,41630,Australia,Entire home/apt,1,0,210,87,8,10,9,f,1
16398782,42828,117,42711,Australia,Entire home/apt,1,1,90,9,10,9,10,f,1
5777394,42828,1593,41235,Australia,Private room,2,1,80,24,10,10,9,f,1
2046369,42828,1215,41613,Australia,Entire home/apt,1,0,176,93,10,10,9,f,1
11483574,42828,908,41920,Australia,Entire home/apt,2,2,300,57,9,10,9,f,1
7102200,42828,642,42186,Australia,Private room,1,1,104,7,9,10,9,f,1
16398805,42828,512,42316,Australia,Entire home/apt,2,3,459,2,9,10,10,f,1
16539387,42828,260,42568,Australia,Private room,1,1,156,1,10,10,10,f,1
15415777,42828,288,42540,Australia,Entire home/apt,2.5,4,450,2,9,10,9,f,1
15603654,42828,165,42663,Australia,Private room,1,1,90,6,10,10,10,f,1
2767372,42828,1412,41416,Australia,Private room,2,1,98,7,9,10,10,f,1
17578512,42828,652,42176,Australia,Private room,1,1,79,0,,,,t,1
7027195,42828,873,41955,Australia,Entire home/apt,2,2,201,76,10,10,9,f,1
16430169,42828,1050,41778,Australia,Entire home/apt,2,3,315,3,10,10,9,f,1
15088147,42828,205,42623,Australia,Entire home/apt,1,1,176,16,10,10,9,t,1
17250867,42828,1590,41238,Australia,Private room,1,1,79,6,9,9,9,t,1
16923195,42828,908,41920,Australia,Entire home/apt,2,2,350,10,10,10,9,f,1
16988726,42828,996,41832,Australia,Private room,1,,69,6,9,10,9,f,1
3357250,42828,1573,41255,Australia,Entire home/apt,1,0,144,24,8,9,8,f,1
17709677,42828,483,42345,Australia,Entire home/apt,1,1,190,0,,,,t,1
15088241,42828,673,42155,Australia,Private room,1,1,75,27,9,10,10,f,1
6437503,42828,970,41858,Australia,Private room,1,1,109,0,,,,f,1
13318785,42828,348,42480,Australia,Entire home/apt,1,1,210,2,9,10,10,f,1
9714318,42828,1163,41665,Australia,Entire home/apt,2,3,220,2,8,9,9,f,1
14935,42828,2681,40147,Australia,Private room,1,1,69,137,8,9,9,f,1
8600230,42828,853,41975,Australia,Entire home/apt,2,2,149,1,10,10,10,f,1
16071339,42828,140,42688,Australia,Private room,1,1,110,0,,,,f,1
8740637,42828,653,42175,Australia,Private room,2,1,121,0,,,,f,1
9321146,42828,999,41829,Australia,Entire home/apt,1,1,201,0,,,,f,1
14301890,42828,1580,41248,Australia,Entire home/apt,2,2,290,0,,,,f,1
3095247,42828,1071,41757,Australia,Private room,1,1,55,4,8,9,10,f,1
3095262,42828,1875,40953,Australia,Private room,1,1,149,0,,,,f,1
12028367,42828,1056,41772,Australia,Entire home/apt,1,0,145,3,9,10,9,f,1
9452260,42828,519,42309,Australia,Entire home/apt,1,1,100,4,10,10,10,f,1
16178986,42828,1366,41462,Australia,Private room,2,1,85,3,10,10,9,t,1
5978882,42828,723,42105,Australia,Private room,1,1,94,41,10,10,10,f,1
15088429,42828,703,42125,Australia,Entire home/apt,1,2,165,0,,,,f,1
10042162,42828,1231,41597,Australia,Private room,1,1,50,3,9,10,10,f,1
5061432,42828,1148,41680,Australia,Entire home/apt,2,2,350,3,10,10,10,f,1
16399165,42828,108,42720,Australia,Entire home/apt,2,2,201,0,,,,t,1
7420736,42828,625,42203,Australia,Entire home/apt,1.5,1,85,3,9,10,10,f,1
15221842,42828,1409,41419,Australia,Entire home/apt,1,0,140,23,10,10,10,f,1
9259004,42828,517,42311,Australia,Private room,1,1,90,36,10,10,9,f,1
3033116,42828,1089,41739,Australia,Entire home/apt,1,0,130,13,8,10,8,f,1
14239794,42828,801,42027,Australia,Private room,1,1,30,3,7,9,7,t,1
12798017,42828,522,42306,Australia,Entire home/apt,1,2,85,3,10,8,9,f,1
8996950,42828,531,42297,Australia,Entire home/apt,1,1,170,16,8,9,9,f,1
9717866,42828,966,41862,Australia,Entire home/apt,1,1,220,15,9,10,10,t,1
17778809,42828,16,42812,Australia,Entire home/apt,1,1,121,0,,,,f,1
9980038,42828,1224,41604,Australia,Entire home/apt,1,1,168,0,,,,f,1
17909902,42828,14,42814,Australia,Private room,1,1,130,0,,,,t,1
4540547,42828,1280,41548,Australia,Entire home/apt,1,1,160,35,10,10,10,f,1
13929498,42828,698,42130,Australia,Entire home/apt,1,1,85,2,8,9,10,f,1
14239905,42828,598,42230,Australia,Entire home/apt,1,2,197,1,10,10,8,f,1
9652604,42828,621,42207,Australia,Entire home/apt,1,2,1000,0,,,,f,1
6567625,42828,1176,41652,Australia,Private room,1,1,300,1,10,10,10,f,1
4933784,42828,824,42004,Australia,Entire home/apt,1,1,153,110,9,10,9,f,1
17385678,42828,1481,41347,Australia,Entire home/apt,2,2,400,1,10,10,10,t,1
16468171,42828,1642,41186,Australia,Entire home/apt,1,1,121,12,10,10,10,f,1
16900504,42828,228,42600,Australia,Private room,1,1,80,0,,,,t,1
16795886,42828,1702,41126,Australia,Private room,1,1,105,0,,,,f,1
14239983,42828,982,41846,Australia,Entire home/apt,1,1,121,3,7,9,8,f,1
15775466,42828,153,42675,Australia,Private room,0.5,1,89,10,8,9,9,t,1
16730359,42828,350,42478,Australia,Private room,2,1,110,2,10,10,9,f,1
4802942,42828,885,41943,Australia,Shared room,2,1,30,0,,,,f,1
8472830,42828,1140,41688,Australia,Entire home/apt,1,0,100,4,8,9,8,f,1
14764296,42828,722,42106,Australia,Entire home/apt,1,1,90,1,10,10,10,f,1
7751282,42828,1174,41654,Australia,Entire home/apt,1,2,121,1,10,8,8,t,1
17450624,42828,1352,41476,Australia,Entire home/apt,1,0,121,0,,,,t,1
15484545,42828,173,42655,Australia,Private room,1,1,60,22,10,10,10,f,1
804502,42828,1590,41238,Australia,Entire home/apt,1,2,121,0,,,,f,1
9538497,42828,1239,41589,Australia,Entire home/apt,1,0,145,73,9,9,9,t,1
9849121,42828,924,41904,Australia,Entire home/apt,1.5,1,195,2,10,9,10,f,1
13584032,42828,289,42539,Australia,Entire home/apt,1,1,165,30,9,10,9,f,1
5981863,42828,1580,41248,Australia,Entire home/apt,1,1,170,3,9,10,9,f,1
17778981,42828,16,42812,Australia,Private room,1,0,55,0,,,,f,1
15025833,42828,1001,41827,Australia,Private room,1,1,66,3,,,,f,1
16074428,42828,1937,40891,Australia,Entire home/apt,1,1,131,9,8,10,9,f,1
7620281,42828,819,42009,Australia,Private room,2,1,149,0,,,,f,1
17254103,42828,435,42393,Australia,Entire home/apt,2.5,3,193,3,10,9,9,f,1
14042851,42828,261,42567,Australia,Entire home/apt,1,1,125,2,9,10,10,f,1
12011200,42828,796,42032,Australia,Entire home/apt,1,2,170,77,10,10,10,f,1
18026073,42828,727,42101,Australia,Shared room,1,1,41,0,,,,t,1
4867825,42828,835,41993,Australia,Private room,4,1,201,0,,,,f,1
16337198,42828,391,42437,Australia,Entire home/apt,1,1,288,8,10,10,10,t,1
542464,42828,1821,41007,Australia,Entire home/apt,2,2,187,79,9,10,9,t,1
13846292,42828,564,42264,Australia,Private room,1,1,94,15,9,9,9,f,1
2509119,42828,1193,41635,Australia,Entire home/apt,1,1,219,0,,,,f,1
5981992,42828,1580,41248,Australia,Entire home/apt,1,1,176,2,8,10,10,f,1
4448563,42828,1032,41796,Australia,Private room,1,1,80,4,6,10,9,f,1
17741449,42828,1226,41602,Australia,Entire home/apt,1,1,143,0,,,,t,1
9848648,42828,483,42345,Australia,Entire home/apt,1,1,149,15,7,10,9,f,1
5982038,42828,1580,41248,Australia,Entire home/apt,1,1,170,3,9,9,9,f,1
17123167,42828,670,42158,Australia,Private room,1,1,94,0,,,,t,1
16140142,42828,163,42665,Australia,Private room,1,1,48,1,10,10,10,f,1
1394532,42828,1662,41166,Australia,Private room,2,1,90,32,9,9,9,f,1
16813032,42828,80,42748,Australia,Entire home/apt,1,0,100,13,8,9,8,t,1
9717635,42828,764,42064,Australia,Entire home/apt,2,3,400,1,8,10,8,f,1
16598911,42828,177,42651,Australia,Private room,1,1,66,16,9,10,10,f,1
12797834,42828,337,42491,Australia,Private room,1,1,149,0,,,,f,1
14239638,42828,901,41927,Australia,Entire home/apt,1,2,149,0,,,,f,1
16533829,42828,430,42398,Australia,Private room,2,1,100,1,10,10,10,f,1
4998986,42828,935,41893,Australia,Private room,1,1,100,177,9,10,9,t,1
17385370,42828,422,42406,Australia,Entire home/apt,2.5,4,450,0,,,,f,1
14934345,42828,1031,41797,Australia,Private room,1,1,60,19,8,10,9,t,1
14999883,42828,392,42436,Australia,Private room,1,1,66,16,9,10,9,f,1
1329486,42828,1372,41456,Australia,Entire home/apt,2.5,2,153,7,10,9,9,f,1
13453703,42828,302,42526,Australia,Entire home/apt,1,1,208,1,10,10,10,f,1
7948621,42828,593,42235,Australia,Entire home/apt,3,2,249,12,9,10,10,t,1
5785549,42828,1714,41114,Australia,Entire home/apt,1,1,290,10,10,10,9,f,1
1984849,42828,1743,41085,Australia,Entire home/apt,1,2,199,18,9,10,9,f,1
12797896,42828,1407,41421,Australia,Entire home/apt,1,2,281,84,10,10,10,f,1
3033050,42828,1089,41739,Australia,Entire home/apt,1,0,135,14,9,10,8,f,1
2443225,42828,1430,41398,Australia,Entire home/apt,1,1,225,34,10,10,9,f,1
9849313,42828,1185,41643,Australia,Entire home/apt,2,1,147,1,10,10,10,f,1
14043623,42828,960,41868,Australia,Entire home/apt,1,0,130,6,10,10,10,f,1
10045915,42828,473,42355,Australia,Entire home/apt,1,0,105,62,10,10,9,f,1
14043622,42828,999,41829,Australia,Entire home/apt,2,1,149,9,9,9,9,f,1
15747584,42828,155,42673,Australia,Entire home/apt,2,1,201,0,,,,f,1
16075265,42828,441,42387,Australia,Private room,1,1,100,2,10,10,10,t,1
13453828,42828,302,42526,Australia,Entire home/apt,2,2,303,6,9,10,9,f,1
5982727,42828,722,42106,Australia,Entire home/apt,1,1,121,5,9,9,10,f,1
5458448,42828,769,42059,Australia,Entire home/apt,1,1,170,1,10,10,10,f,1
10373662,42828,1232,41596,Australia,Entire home/apt,1,1,155,53,10,10,10,f,1
8014411,42828,589,42239,Australia,Private room,1.5,1,149,1,10,10,10,f,1
17910357,42828,117,42711,Australia,Entire home/apt,1,2,93,0,,,,t,1
16468569,42828,116,42712,Australia,Entire home/apt,2,2,249,1,8,10,4,f,1
477796,42828,1893,40935,Australia,Entire home/apt,1,1,185,12,9,9,9,f,1
9718360,42828,1961,40867,Australia,Entire home/apt,1,0,138,78,10,10,10,f,1
15458753,42828,707,42121,Australia,Entire home/apt,2,3,480,14,9,10,9,t,1
11952591,42828,378,42450,Australia,Private room,1,1,60,0,,,,f,1
7228066,42828,636,42192,Australia,Entire home/apt,2,2,121,1,6,8,8,t,1
17910439,42828,39,42789,Australia,Private room,1,1,94,1,10,10,10,t,1
5917081,42828,728,42100,Australia,Entire home/apt,1,1,110,1,10,10,10,f,1
14698922,42828,258,42570,Australia,Entire home/apt,2,2,400,0,,,,f,1
15223226,42828,865,41963,Australia,Private room,2,1,184,1,,,,f,1
16813132,42828,320,42508,Australia,Entire home/apt,1,1,189,1,10,8,6,f,1
822347,42828,1750,41078,Australia,Entire home/apt,2,2,256,25,10,9,9,f,1
17385938,42828,138,42690,Australia,Entire home/apt,1,2,148,9,9,10,9,t,1
16076027,42828,377,42451,Australia,Entire home/apt,1,1,105,0,,,,f,1
8801526,42828,557,42271,Australia,Entire home/apt,1,1,180,42,10,10,10,t,1
14699797,42828,1776,41052,Australia,Entire home/apt,1,1,176,4,8,10,9,f,1
13192451,42828,788,42040,Australia,Private room,2,1,119,68,10,10,9,f,1
16338208,42828,2146,40682,Australia,Private room,1,1,125,2,10,10,10,f,1
7294242,42828,631,42197,Australia,Entire home/apt,1,1,197,5,9,10,10,f,1
2379009,42828,2678,40150,Australia,Entire home/apt,1,1,170,157,9,9,9,t,1
4607576,42828,868,41960,Australia,Entire home/apt,1,1,169,16,9,9,9,f,1
7294258,42828,631,42197,Australia,Private room,1,1,69,42,9,10,9,f,1
2182454,42828,1181,41647,Australia,Entire home/apt,1,1,135,25,9,10,9,f,1
7294292,42828,1487,41341,Australia,Entire home/apt,1,1,110,4,9,10,8,f,1
17255765,42828,1266,41562,Australia,Private room,2,2,97,1,10,10,10,f,1
16469356,42828,103,42725,Australia,Private room,1,1,55,0,,,,t,1
1920399,42828,1507,41321,Australia,Private room,1,1,115,4,10,10,9,f,1
17435886,42828,1417,41411,Australia,Entire home/apt,1,3,300,0,,,,f,1
6082626,42828,714,42114,Australia,Entire home/apt,2,3,551,4,10,10,10,f,1
15945281,42828,141,42687,Australia,Entire home/apt,1,1,201,11,10,10,10,f,1
4803321,42828,1089,41739,Australia,Entire home/apt,1,1,201,11,7,10,8,f,1
16797085,42828,861,41967,Australia,Entire home/apt,2.5,4,275,0,,,,f,1
15158007,42828,817,42011,Australia,Entire home/apt,1,1,145,30,9,10,10,f,1
10373909,42828,1007,41821,Australia,Entire home/apt,1,1,145,28,10,10,10,f,1
4868894,42828,834,41994,Australia,Entire home/apt,1,1,450,0,,,,f,1
16141093,42828,581,42247,Australia,Private room,1,1,66,0,,,,f,1
10111752,42828,935,41893,Australia,Entire home/apt,1,2,198,106,8,10,9,t,1
16534324,42828,262,42566,Australia,Entire home/apt,1,1,180,1,,,,t,1
9390902,42828,1024,41804,Australia,Private room,1,1,83,5,7,9,8,t,1
7430623,42828,1655,41173,Australia,Private room,1,1,69,7,10,10,10,f,1
13454142,42828,333,42495,Australia,Entire home/apt,1,0,199,2,7,10,8,f,1
2051502,42828,1212,41616,Australia,Private room,1,1,135,4,5,9,7,f,1
15513502,42828,1495,41333,Australia,Entire home/apt,1,1,195,6,9,9,9,t,1
2875876,42828,1117,41711,Australia,Private room,1,1,80,0,,,,f,1
1723226,42828,1284,41544,Australia,Entire home/apt,2,2,140,4,9,10,10,f,1
17255276,42828,826,42002,Australia,Entire home/apt,1,1,201,0,,,,f,1
7228269,42828,635,42193,Australia,Private room,1,1,75,8,10,10,10,f,1
4541298,42828,2123,40705,Australia,Entire home/apt,1,2,121,3,9,9,10,f,1
8120833,42828,1398,41430,Australia,Private room,1,1,69,8,10,9,10,f,1
16730992,42828,223,42605,Australia,Entire home/apt,1,1,174,11,10,10,9,t,1
10177985,42828,1104,41724,Australia,Private room,1,1,149,0,,,,f,1
15747960,42828,1682,41146,Australia,Entire home/apt,1,1,194,5,8,10,9,t,1
7518014,42828,1777,41051,Australia,Entire home/apt,1,1,160,21,8,10,9,f,1
740222,42828,2029,40799,Australia,Entire home/apt,1,2,176,30,10,10,9,f,1
16272829,42828,629,42199,Australia,Private room,1,1,85,1,,,,t,1
1002333,42828,1477,41351,Australia,Entire home/apt,1,2,145,132,10,10,10,f,1
9653150,42828,691,42137,Australia,Entire home/apt,2,2,260,9,8,9,8,f,1
11362800,42828,1838,40990,Australia,Entire home/apt,1,1,160,11,10,9,9,f,1
10505131,42828,475,42353,Australia,Entire home/apt,1.5,3,600,3,9,10,9,f,1
8342986,42828,1413,41415,Australia,Entire home/apt,2,2,750,0,,,,f,1
9504388,42828,690,42138,Australia,Private room,1,1,85,0,,,,t,1
15223732,42828,320,42508,Australia,Private room,1,1,60,16,10,10,10,f,1
16862160,42828,134,42694,Australia,Entire home/apt,2,4,380,5,9,9,9,t,1
9653704,42828,1154,41674,Australia,Entire home/apt,1,2,250,11,9,10,9,f,1
16468954,42828,1185,41643,Australia,Entire home/apt,1,1,250,0,,,,f,1
17124318,42828,80,42748,Australia,Entire home/apt,1,2,140,9,7,9,8,t,1
9391103,42828,510,42318,Australia,Entire home/apt,1,1,250,0,,,,f,1
9849865,42828,1022,41806,Australia,Entire home/apt,1,1,195,0,,,,f,1
9243896,42828,1712,41116,Australia,Private room,1.5,1,125,29,10,10,10,f,1
16272401,42828,491,42337,Australia,Entire home/apt,1,2,180,17,8,10,7,t,1
9980953,42828,681,42147,Australia,Entire home/apt,1,2,100,0,,,,f,1
8866836,42828,1775,41053,Australia,Entire home/apt,1,0,130,78,9,10,10,f,1
1827335,42828,1979,40849,Australia,Entire home/apt,1,1,170,3,9,9,9,f,1
1985567,42828,1226,41602,Australia,Entire home/apt,2,2,169,70,10,10,9,f,1
14699587,42828,281,42547,Australia,Private room,1,1,165,4,9,10,7,t,1
8277472,42828,774,42054,Australia,Private room,1,1,110,20,10,10,10,f,1
9775719,42828,1159,41669,Australia,Entire home/apt,2,1,125,1,10,10,10,f,1
4541542,42828,1984,40844,Australia,Private room,1,1,66,49,7,9,8,f,1
5983342,42828,798,42030,Australia,Entire home/apt,1,0,100,2,6,10,5,f,1
4869262,42828,834,41994,Australia,Entire home/apt,1,1,149,3,5,10,6,f,1
9886303,42828,741,42087,Australia,Entire home/apt,1.5,1,191,1,10,8,10,f,1
1854661,42828,1253,41575,Australia,Private room,1,1,60,1,10,10,10,f,1
2838017,42828,1468,41360,Australia,Entire home/apt,1,1,111,10,8,9,8,f,1
4541639,42828,2034,40794,Australia,Entire home/apt,1,1,121,14,10,10,9,f,1
7687672,42828,650,42178,Australia,Entire home/apt,2.5,3,423,60,9,9,9,f,1
1985755,42828,1464,41364,Australia,Entire home/apt,1,1,201,7,9,10,9,f,1
4803813,42828,1141,41687,Australia,Entire home/apt,2,2,319,25,8,10,9,f,1
13451495,42828,1985,40843,Australia,Private room,1,1,98,0,,,,f,1
17387039,42828,953,41875,Australia,Entire home/apt,2,6,980,0,,,,f,1
17845491,42828,515,42313,Australia,Private room,1,1,35,0,,,,f,1
8905458,42828,674,42154,Australia,Entire home/apt,1,2,149,0,,,,f,1
17780542,42828,1073,41755,Australia,Entire home/apt,1,1,84,0,,,,t,1
17190729,42828,448,42380,Australia,Private room,1.5,1,60,0,,,,t,1
8343992,42828,1096,41732,Australia,Entire home/apt,1,0,85,10,8,10,9,f,1
14257381,42828,247,42581,Australia,Entire home/apt,1,1,94,19,9,10,9,t,1
9392572,42828,670,42158,Australia,Private room,1,1,121,77,10,10,10,f,1
872287,42828,1553,41275,Australia,Entire home/apt,1,1,140,25,9,10,9,f,1
12276202,42828,1950,40878,Australia,Private room,1,1,121,6,10,10,10,f,1
8081259,42828,1279,41549,Australia,Entire home/apt,3.5,3,400,41,10,10,10,f,1
6377976,42828,692,42136,Australia,Entire home/apt,1,1,110,5,10,10,10,f,1
17125889,42828,722,42106,Australia,Entire home/apt,1,2,139,3,9,9,10,t,1
16338833,42828,1929,40899,Australia,Private room,1,1,85,16,9,10,10,t,1
16338842,42828,1043,41785,Australia,Entire home/apt,1,1,190,1,10,10,10,f,1
4804503,42828,1451,41377,Australia,Entire home/apt,1,1,180,11,10,10,10,f,1
17518762,42828,629,42199,Australia,Entire home/apt,3,2,800,4,10,10,10,f,1
3821728,42828,1589,41239,Australia,Private room,1,1,66,32,8,9,9,f,1
10047072,42828,913,41915,Australia,Entire home/apt,1,2,256,48,10,10,9,f,1
16666232,42828,87,42741,Australia,Private room,1,1,69,3,9,9,9,f,1
413896,42828,1826,41002,Australia,Entire home/apt,1,1,125,7,10,9,10,f,1
9982150,42828,939,41889,Australia,Entire home/apt,1.5,4,450,30,8,10,8,f,1
4018705,42828,1617,41211,Australia,Entire home/apt,1,1,190,82,8,9,9,t,1
15552756,42828,767,42061,Australia,Private room,1,1,55,3,8,8,8,f,1
15240571,42828,1446,41382,Australia,Entire home/apt,1,1,149,38,10,10,10,f,1
12471956,42828,1063,41765,Australia,Entire home/apt,2,2,339,62,8,10,9,f,1
10506818,42828,448,42380,Australia,Entire home/apt,1,1,126,0,,,,f,1
9653930,42828,939,41889,Australia,Entire home/apt,1,2,210,47,8,9,9,f,1
7098636,42828,642,42186,Australia,Private room,1,1,50,2,7,10,10,f,1
10047153,42828,473,42355,Australia,Entire home/apt,1,0,97,54,10,9,10,f,1
7229119,42828,1530,41298,Australia,Entire home/apt,1,1,143,8,10,10,10,f,1
9850557,42828,1132,41696,Australia,Entire home/apt,1,1,180,40,10,10,10,f,1
11286475,42828,805,42023,Australia,Private room,1,1,60,0,,,,f,1
3296980,42828,1027,41801,Australia,Private room,1,1,69,2,8,10,9,f,1
4673234,42828,880,41948,Australia,Entire home/apt,1,1,149,11,10,9,9,f,1
14110428,42828,515,42313,Australia,Entire home/apt,1,1,149,1,10,10,10,f,1
17322304,42828,1377,41451,Australia,Entire home/apt,1,1,109,0,,,,f,1
8212801,42828,2134,40694,Australia,Entire home/apt,1,1,197,3,10,10,9,f,1
15028546,42828,207,42621,Australia,Private room,1,1,145,1,4,10,2,f,1
10019453,42828,475,42353,Australia,Entire home/apt,1,1,92,1,,,,f,1
14111069,42828,257,42571,Australia,Private room,1,1,102,0,,,,t,1
17256822,42828,1611,41217,Australia,Private room,1,1,69,0,,,,t,1
925973,42828,1781,41047,Australia,Private room,2,1,66,21,9,10,9,f,1
4477330,42828,883,41945,Australia,Entire home/apt,1,1,115,3,10,8,10,f,1
16207652,42828,1580,41248,Australia,Entire home/apt,2.5,3,499,2,9,9,9,f,1
8540878,42828,630,42198,Australia,Entire home/apt,1,1,149,0,,,,f,1
1030731,42828,1676,41152,Australia,Entire home/apt,1,1,140,83,9,10,9,t,1
17163043,42828,906,41922,Australia,Private room,1,1,121,2,10,10,10,f,1
11424468,42828,508,42320,Australia,Entire home/apt,1,1,249,47,8,10,9,t,1
13193944,42828,788,42040,Australia,Private room,2,1,119,66,10,10,10,f,1
5526079,42828,764,42064,Australia,Private room,1,1,110,40,10,10,10,f,1
3035730,42828,1508,41320,Australia,Private room,1,1,69,8,10,10,10,f,1
4674109,42828,947,41881,Australia,Entire home/apt,1,2,185,36,9,10,10,f,1
17468857,42828,2162,40666,Australia,Private room,3,1,75,2,9,10,10,f,1
11227749,42828,1102,41726,Australia,Entire home/apt,2,3,400,0,,,,f,1
12800606,42828,526,42302,Australia,Entire home/apt,1,0,101,57,10,10,9,t,1
6705769,42828,671,42157,Australia,Entire home/apt,2,2,100,1,10,10,10,f,1
6836861,42828,1950,40878,Australia,Entire home/apt,1,2,300,4,10,10,10,f,1
15946361,42828,1117,41711,Australia,Entire home/apt,1,0,165,28,10,10,10,f,1
15815299,42828,151,42677,Australia,Entire home/apt,1,1,239,8,10,10,10,f,1
13193858,42828,788,42040,Australia,Private room,2,1,109,77,10,10,9,t,1
10048181,42828,1379,41449,Australia,Entire home/apt,1,1,145,5,9,10,9,f,1
14045887,42828,707,42121,Australia,Entire home/apt,1,1,300,3,10,10,9,f,1
13521602,42828,427,42401,Australia,Private room,1,1,90,3,5,10,7,f,1
9720670,42828,1085,41743,Australia,Entire home/apt,1,1,190,17,10,10,9,f,1
4739898,42828,1135,41693,Australia,Private room,2.5,1,66,0,,,,f,1
1594204,42828,1314,41514,Australia,Private room,1,1,69,40,9,10,9,f,1
15946559,42828,141,42687,Australia,Private room,1,1,13,0,,,,t,1
10441536,42828,1086,41742,Australia,Entire home/apt,1,2,250,1,8,10,8,f,1
2035168,42828,1215,41613,Australia,Entire home/apt,1,1,180,1,10,10,10,f,1
12210924,42828,1179,41649,Australia,Private room,1,1,85,2,,,,t,1
13439065,42828,1648,41180,Australia,Private room,1,1,55,2,8,9,9,t,1
9757482,42828,614,42214,Australia,Entire home/apt,1,2,299,7,8,10,10,f,1
1161392,42828,1421,41407,Australia,Entire home/apt,1,1,145,12,8,10,9,f,1
5290295,42828,886,41942,Australia,Entire home/apt,1,0,128,95,9,10,9,f,1
5723186,42828,1469,41359,Australia,Entire home/apt,2,2,152,5,10,9,10,f,1
11679922,42828,1228,41600,Australia,Entire home/apt,1,1,173,56,9,9,9,t,1
13981543,42828,584,42244,Australia,Entire home/apt,1,1,121,3,9,9,10,f,1
3822672,42828,969,41859,Australia,Private room,1,1,110,11,10,10,10,f,1
10729658,42828,1630,41198,Australia,Private room,1,1,128,74,10,10,10,f,1
16274559,42828,551,42277,Australia,Entire home/apt,1,2,149,1,6,10,8,f,1
15044267,42828,207,42621,Australia,Private room,0,1,115,0,,,,f,1
7755634,42828,605,42223,Australia,Entire home/apt,1,0,125,5,7,9,8,f,1
720867,42828,1645,41183,Australia,Entire home/apt,1,1,149,5,9,10,9,t,1
4020086,42828,1095,41733,Australia,Entire home/apt,1,1,180,1,10,10,10,f,1
873636,42828,1589,41239,Australia,Private room,1,1,85,43,7,9,8,f,1
14111917,42828,988,41840,Australia,Private room,1,1,41,1,6,8,8,f,1
1926003,42828,1238,41590,Australia,Entire home/apt,1,2,350,7,10,10,10,f,1
15422651,42828,559,42269,Australia,Entire home/apt,1,1,160,2,6,8,10,f,1
5919932,42828,1609,41219,Australia,Private room,1,1,75,1,2,10,2,f,1
153444,42828,2112,40716,Australia,Entire home/apt,1,1,121,106,10,9,10,f,1
17192140,42828,803,42025,Australia,Private room,1,1,75,1,10,10,10,t,1
13522136,42828,901,41927,Australia,Private room,1,1,69,8,10,10,10,f,1
12276968,42828,1146,41682,Australia,Entire home/apt,1,1,176,9,10,10,10,f,1
2927160,42828,1069,41759,Australia,Private room,1,1,80,43,8,10,9,f,1
17519868,42828,1208,41620,Australia,Private room,1,1,45,0,,,,f,1
17192206,42828,645,42183,Australia,Private room,1,1,66,4,10,10,10,f,1
15226781,42828,865,41963,Australia,Entire home/apt,2,2,328,1,8,10,8,f,1
4281567,42828,909,41919,Australia,Entire home/apt,1,1,149,126,10,10,9,t,1
5723413,42828,1946,40882,Australia,Private room,1,1,90,1,,,,f,1
1226451,42828,1402,41426,Australia,Entire home/apt,1,1,144,26,9,10,10,f,1
9721760,42828,691,42137,Australia,Entire home/apt,1,1,176,7,8,9,7,f,1
17782065,42828,517,42311,Australia,Entire home/apt,1,1,121,0,,,,f,1
5461928,42828,938,41890,Australia,Entire home/apt,1,2,240,6,10,10,9,f,1
13194557,42828,1030,41798,Australia,Entire home/apt,1,1,229,16,8,10,8,f,1
12277065,42828,691,42137,Australia,Entire home/apt,1,1,229,8,9,9,9,f,1
17388887,42828,706,42122,Australia,Entire home/apt,2,2,307,3,10,10,10,t,1
11264911,42828,413,42415,Australia,Private room,2,1,100,0,,,,f,1
6706537,42828,1196,41632,Australia,Entire home/apt,1,1,100,0,,,,f,1
17782119,42828,1725,41103,Australia,Entire home/apt,1,1,121,0,,,,t,1
677230,42828,2155,40673,Australia,Entire home/apt,1,0,69,10,10,10,10,f,1
17519986,42828,1734,41094,Australia,Entire home/apt,1,2,170,4,10,10,10,t,1
162941,42828,2100,40728,Australia,Private room,1,1,94,35,9,9,9,f,1
15029620,42828,203,42625,Australia,Private room,1,1,92,5,10,10,9,t,1
16274813,42828,551,42277,Australia,Entire home/apt,1,1,149,6,8,10,8,t,1
16977480,42828,692,42136,Australia,Entire home/apt,1,1,130,1,8,8,10,f,1
16405944,42828,982,41846,Australia,Entire home/apt,2,4,495,6,10,10,9,t,1
593481,42828,1724,41104,Australia,Entire home/apt,1,1,115,65,10,10,10,f,1
12932567,42828,1047,41781,Australia,Entire home/apt,1,2,149,2,7,8,9,f,1
10180059,42828,464,42364,Australia,Shared room,2,1,52,0,,,,f,1
17126898,42828,1006,41822,Australia,Private room,2,1,80,9,10,10,10,f,1
9065975,42828,1058,41770,Australia,Entire home/apt,2.5,3,551,7,9,9,9,f,1
15029768,42828,203,42625,Australia,Private room,1,1,92,16,10,10,9,t,1
16340501,42828,1521,41307,Australia,Private room,1,1,66,0,,,,f,1
16977500,42828,964,41864,Australia,Private room,1,,100,1,10,10,8,f,1
4281870,42828,909,41919,Australia,Private room,1,1,94,165,9,10,9,f,1
8345164,42828,569,42259,Australia,Private room,1,1,69,0,,,,f,1
16603142,42828,97,42731,Australia,Entire home/apt,1,0,73,3,6,7,5,f,1
4937277,42828,1263,41565,Australia,Entire home/apt,1,1,98,75,9,9,9,f,1
9779470,42828,1089,41739,Australia,Entire home/apt,1,1,201,1,10,10,8,f,1
6706780,42828,708,42120,Australia,Private room,1.5,1,89,1,8,10,10,f,1
87634,42828,2206,40622,Australia,Private room,2,2,89,47,10,9,10,f,1
8869486,42828,539,42289,Australia,Private room,1.5,1,93,0,,,,f,1
15029868,42828,203,42625,Australia,Entire home/apt,3,3,620,10,10,10,9,t,1
16471663,42828,185,42643,Australia,Shared room,1,1,62,1,2,10,2,t,1
17323646,42828,596,42232,Australia,Private room,1.5,1,90,1,10,10,10,t,1
2938059,42828,1067,41761,Australia,Entire home/apt,1,1,125,35,10,10,9,f,1
16406484,42828,1307,41521,Australia,Private room,1,1,104,1,10,10,10,f,1
16234838,42828,521,42307,Australia,Private room,1,1,90,13,10,10,10,t,1
2578085,42828,1114,41714,Australia,Entire home/apt,1,1,121,0,,,,f,1
7427765,42828,896,41932,Australia,Entire home/apt,1,0,115,38,8,9,9,f,1
6706874,42828,868,41960,Australia,Entire home/apt,1,1,398,9,10,10,9,t,1
16340687,42828,112,42716,Australia,Entire home/apt,1,1,190,0,,,,f,1
8804315,42828,1572,41256,Australia,Private room,2,1,55,9,7,9,9,t,1
13063916,42828,974,41854,Australia,Entire home/apt,1,1,155,3,10,10,10,f,1
12932862,42828,852,41976,Australia,Private room,1.5,1,66,2,,,,f,1
10966792,42828,1651,41177,Australia,Private room,1,1,100,11,9,9,10,f,1
9393944,42828,1867,40961,Australia,Private room,1,1,60,0,,,,f,1
1333015,42828,1609,41219,Australia,Private room,1,1,102,3,10,10,10,f,1
9720720,42828,1163,41665,Australia,Private room,2,1,110,1,6,10,8,f,1
14047209,42828,626,42202,Australia,Entire home/apt,1,2,94,1,10,10,10,f,1
4346799,42828,1375,41453,Australia,Private room,1,1,94,7,8,10,8,f,1
8541104,42828,558,42270,Australia,Entire home/apt,1,1,201,11,10,10,10,f,1
13325233,42828,1454,41374,Australia,Entire home/apt,1,1,121,8,10,10,9,f,1
6509491,42828,901,41927,Australia,Entire home/apt,1,2,260,29,9,10,9,f,1
4282161,42828,909,41919,Australia,Entire home/apt,2,2,201,14,8,10,9,f,1
17978320,42828,489,42339,Australia,Private room,1,1,75,0,,,,t,1
16245581,42828,683,42145,Australia,Private room,1,1,119,1,10,10,10,f,1
16536536,42828,96,42732,Australia,Entire home/apt,1,0,400,0,,,,t,1
13915116,42828,400,42428,Australia,Entire home/apt,1,0,98,18,9,10,10,f,1
16208878,42828,174,42654,Australia,Private room,1,1,201,0,,,,f,1
17258310,42828,1869,40959,Australia,Private room,1,1,55,0,,,,t,1
3691501,42828,984,41844,Australia,Private room,1.5,1,89,50,10,9,10,f,1
8410953,42828,637,42191,Australia,Private room,1.5,1,69,10,8,10,10,f,1
2089811,42828,1245,41583,Australia,Entire home/apt,1,0,128,78,9,10,9,f,1
2578242,42828,1114,41714,Australia,Private room,1,1,156,67,10,10,10,f,1
17847315,42828,417,42411,Australia,Entire home/apt,1,2,159,0,,,,t,1
12821495,42828,1739,41089,Australia,Private room,3,1,94,0,,,,f,1
9852921,42828,1582,41246,Australia,Entire home/apt,1,1,122,2,4,10,7,f,1
16406509,42828,419,42409,Australia,Private room,1,1,75,14,10,10,10,f,1
16340824,42828,112,42716,Australia,Entire home/apt,2,2,300,5,9,9,9,f,1
16406701,42828,387,42441,Australia,Private room,1,1,60,1,10,10,10,f,1
16472239,42828,722,42106,Australia,Entire home/apt,1,2,180,1,8,10,10,t,1
5068998,42828,1714,41114,Australia,Entire home/apt,1,1,419,6,10,10,10,f,1
17324237,42828,2013,40815,Australia,Entire home/apt,1,1,201,5,9,10,10,f,1
11950322,42828,379,42449,Australia,Private room,1.5,1,60,1,2,10,4,f,1
17348996,42828,46,42782,Australia,Private room,1.5,,69,5,10,10,10,f,1
16551598,42828,96,42732,Australia,Private room,1,1,105,6,10,10,9,f,1
16209956,42828,455,42373,Australia,Private room,1,1,121,1,10,10,10,f,1
11125240,42828,1612,41216,Australia,Private room,2,1,100,0,,,,f,1
13654092,42828,728,42100,Australia,Private room,1,1,45,0,,,,f,1
13384554,42828,1064,41764,Australia,Entire home/apt,1,1,75,0,,,,f,1
10445839,42828,838,41990,Australia,Private room,1,1,72,0,,,,f,1
9721991,42828,1537,41291,Australia,Entire home/apt,1,1,94,2,9,10,9,f,1
4937880,42828,1275,41553,Australia,Entire home/apt,1,1,97,3,5,10,9,f,1
16603289,42828,432,42396,Australia,Entire home/apt,1,1,139,7,10,10,10,t,1
17255891,42828,1650,41178,Australia,Entire home/apt,1,2,110,1,10,10,8,f,1
17258805,42828,475,42353,Australia,Private room,1,1,201,0,,,,f,1
5069111,42828,811,42017,Australia,Private room,1,1,66,3,10,10,10,f,1
4151603,42828,1027,41801,Australia,Entire home/apt,1.5,3,395,33,9,10,9,t,1
16472390,42828,111,42717,Australia,Entire home/apt,5,1,145,2,9,10,10,t,1
13285772,42828,2100,40728,Australia,Entire home/apt,1,1,136,39,9,10,10,f,1
11622718,42828,417,42411,Australia,Entire home/apt,1,0,100,84,8,9,9,t,1
14899559,42828,550,42278,Australia,Private room,1,1,76,0,,,,f,1
8608124,42828,781,42047,Australia,Entire home/apt,2,2,201,1,4,10,6,f,1
8608128,42828,553,42275,Australia,Private room,1,1,50,1,10,10,10,f,1
5462401,42828,772,42056,Australia,Private room,2.5,7,75,5,6,8,7,f,1
8477067,42828,1092,41736,Australia,Entire home/apt,2,2,210,4,10,10,10,t,1
17097801,42828,1144,41684,Australia,Entire home/apt,1,1,121,2,10,10,8,t,1
17914329,42828,830,41998,Australia,Private room,1,1,100,0,,,,f,1
16275935,42828,1016,41812,Australia,Private room,1,1,100,1,10,10,10,f,1
6576575,42828,831,41997,Australia,Private room,1,1,42,1,10,10,10,f,1
16275871,42828,118,42710,Australia,Entire home/apt,2,2,185,2,10,10,10,f,1
1268187,42828,1390,41438,Australia,Entire home/apt,1,1,130,40,10,10,10,f,1
9334599,42829,1448,41381,Australia,Entire home/apt,1,1,300,1,10,10,10,f,1
16540079,42828,128,42700,Australia,Entire home/apt,2,3,281,7,5,6,6,t,1
3365572,42828,1049,41779,Australia,Entire home/apt,1,1,140,2,8,7,9,f,1
4876374,42828,1195,41633,Australia,Private room,1,1,60,60,9,10,10,f,1
16146872,42828,356,42472,Australia,Entire home/apt,1,1,149,0,,,,f,1
7956596,42828,593,42235,Australia,Entire home/apt,1,1,172,2,10,10,10,f,1
11952565,42828,390,42438,Australia,Private room,2,1,110,10,10,10,10,f,1
16038645,42828,1615,41213,Australia,Private room,1,1,85,1,8,6,6,t,1
12737257,42828,341,42487,Australia,Entire home/apt,1,2,107,9,8,10,9,f,1
16191853,42828,512,42316,Australia,Entire home/apt,1,2,249,3,10,10,10,f,1
16084819,42829,758,42071,Australia,Private room,1.5,1,58,7,8,10,9,f,1
15424257,42828,652,42176,Australia,Private room,1,1,100,0,,,,f,1
17193733,42828,127,42701,Australia,Entire home/apt,1.5,3,299,0,,,,t,1
4230951,42828,918,41910,Australia,Private room,1,1,100,59,9,10,10,f,1
16605672,42828,90,42738,Australia,Private room,1,1,94,0,,,,t,1
7887637,42828,596,42232,Australia,Private room,1,1,69,6,10,9,9,f,1
6576922,42828,831,41997,Australia,Private room,1,1,42,1,8,6,8,f,1
16998901,42828,788,42040,Australia,Private room,2,1,73,3,8,9,9,t,1
2189487,42828,1188,41640,Australia,Private room,2,1,121,0,,,,f,1
9265655,42828,1426,41402,Australia,Entire home/apt,1.5,2,239,2,10,10,10,f,1
4809210,42828,1162,41666,Australia,Entire home/apt,1,1,121,0,,,,f,1
10250431,42828,786,42042,Australia,Private room,1,1,87,0,,,,f,1
14639618,42828,1074,41754,Australia,Entire home/apt,1,2,250,33,10,10,9,f,1
14379234,42828,253,42575,Australia,Entire home/apt,1,2,485,1,8,10,8,f,1
6708025,42828,1642,41186,Australia,Private room,1.5,1,45,6,10,10,9,f,1
5661202,42828,872,41956,Australia,Entire home/apt,1,2,100,0,,,,f,1
18026294,42828,1001,41827,Australia,Private room,1,1,79,0,,,,f,1
4264316,42828,916,41912,Australia,Entire home/apt,1,1,121,29,8,10,9,f,1
10969627,42828,890,41938,Australia,Private room,1,1,48,2,10,10,9,f,1
17128308,42828,56,42772,Australia,Private room,1,1,80,4,10,9,10,f,1
12475234,42828,1781,41047,Australia,Entire home/apt,1,0,100,17,10,10,10,f,1
16800649,42828,1113,41715,Australia,Private room,1,1,66,0,,,,f,1
16086266,42829,1229,41600,Australia,Entire home/apt,1,1,155,18,9,9,9,t,1
12414904,42830,590,42240,Australia,Private room,1,1,91,83,10,9,9,t,1
6650127,42828,1580,41248,Australia,Entire home/apt,2,2,201,2,10,9,9,f,1
15034634,42828,390,42438,Australia,Entire home/apt,2,2,190,29,8,10,9,t,1
15362317,42828,1228,41600,Australia,Entire home/apt,1,2,239,27,9,9,9,t,1
16245912,42828,803,42025,Australia,Entire home/apt,1,3,220,2,10,10,10,f,1
15691733,42830,1545,41285,Australia,Entire home/apt,1,1,95,4,10,10,10,f,1
4252825,42828,1042,41786,Australia,Entire home/apt,1,2,300,1,10,10,6,f,1
15274082,42828,872,41956,Australia,Entire home/apt,1,1,201,1,10,10,10,f,1
18015929,42828,922,41906,Australia,Entire home/apt,1,0,140,0,,,,t,1
4471281,42828,1210,41618,Australia,Entire home/apt,1,1,176,4,9,10,10,f,1
13208297,42828,631,42197,Australia,Private room,1,1,50,0,,,,f,1
6580540,42828,1181,41647,Australia,Private room,2,1,105,62,10,10,10,f,1
1206595,42828,1516,41312,Australia,Private room,1,1,84,90,10,10,10,f,1
15103044,42828,501,42327,Australia,Private room,1,1,79,0,,,,f,1
12762639,42828,1844,40984,Australia,Entire home/apt,1,1,176,37,10,10,10,t,1
4614476,42828,1120,41708,Australia,Entire home/apt,1,1,199,6,10,10,10,t,1
15948732,42828,894,41934,Australia,Entire home/apt,1,1,305,19,10,10,9,f,1
16409191,42828,108,42720,Australia,Private room,3,1,69,0,,,,f,1
354562,42828,1867,40961,Australia,Private room,1,2,149,256,9,10,9,t,1
4958993,42828,821,42007,Australia,Private room,3,1,80,0,,,,f,1
17980374,42828,1167,41661,Australia,Private room,1,1,80,0,,,,f,1
17851009,42828,1215,41613,Australia,Entire home/apt,1,1,185,0,,,,f,1
4681754,42829,1281,41548,Australia,Entire home/apt,1,3,250,0,,,,f,1
13130731,42828,1225,41603,Australia,Entire home/apt,1,1,180,12,10,10,10,f,1
616822,42828,1714,41114,Australia,Entire home/apt,1,1,380,1,10,10,10,f,1
15953950,42829,155,42674,Australia,Private room,1,1,69,29,10,10,10,f,1
15167543,42829,488,42341,Australia,Entire home/apt,1,1,300,1,8,8,8,f,1
14903674,42828,1312,41516,Australia,Entire home/apt,1,0,153,44,9,10,9,t,1
16083329,42828,599,42229,Australia,Entire home/apt,1,1,165,18,10,10,9,t,1
8018942,42828,588,42240,Australia,Private room,1.5,1,115,15,9,9,9,f,1
11778843,42828,984,41844,Australia,Private room,1,1,100,4,10,10,9,f,1
16409773,42828,1000,41828,Australia,Private room,2,4,100,0,,,,t,1
8151735,42828,735,42093,Australia,Private room,1,1,50,0,,,,f,1
17590678,42828,670,42158,Australia,Private room,1,0,69,0,,,,t,1
17983911,42828,61,42767,Australia,Entire home/apt,1,0,68,0,,,,t,1
12346046,42828,1968,40860,Australia,Private room,1,1,100,11,10,10,10,f,1
14703640,42828,223,42605,Australia,Entire home/apt,1,1,170,13,9,10,9,f,1
6582343,42829,1581,41248,Australia,Entire home/apt,1,1,177,2,7,8,6,f,1
11951132,42828,2727,40101,Australia,Entire home/apt,1,2,80,1,10,10,10,f,1
12347833,42828,1254,41574,Australia,Entire home/apt,1,0,140,11,10,8,9,f,1
11231954,42828,415,42413,Australia,Entire home/apt,1,1,140,0,,,,f,1
15953999,42829,711,42118,Australia,Entire home/apt,1,1,295,1,,,,t,1
16407599,42828,266,42562,Australia,Entire home/apt,1,1,105,1,10,10,10,t,1
811715,42828,1701,41127,Australia,Entire home/apt,1,1,125,31,10,10,10,f,1
16933593,42828,82,42746,Australia,Private room,0.5,1,55,1,10,10,10,f,1
746199,42828,1628,41200,Australia,Entire home/apt,1.5,1,100,29,9,10,9,f,1
16857609,42828,1336,41492,Australia,Entire home/apt,2,2,201,2,9,10,10,f,1
16899493,42828,1631,41197,Australia,Entire home/apt,2,4,250,5,10,10,9,f,1
11855611,42828,645,42183,Australia,Private room,1,1,60,1,10,10,10,f,1
17830587,42829,351,42478,Australia,Entire home/apt,1,1,85,0,,,,t,1
11951179,42828,1053,41775,Australia,Entire home/apt,1,2,185,93,10,10,10,f,1
13071617,42829,322,42507,Australia,Entire home/apt,2,2,398,32,10,10,10,t,1
2846817,42829,1788,41041,Australia,Entire home/apt,1,2,145,22,10,10,9,f,1
6842896,42828,1012,41816,Australia,Private room,2,1,63,2,10,8,10,f,1
1077350,42829,42829,,Australia,Entire home/apt,1,1,270,8,,,,f,1
16606000,42828,655,42173,Australia,Shared room,1,1,38,1,10,10,10,f,1
17982258,42828,391,42437,Australia,Entire home/apt,1,2,368,0,,,,t,1
10130956,42828,1802,41026,Australia,Private room,1,1,100,16,9,10,9,f,1
15231524,42828,1048,41780,Australia,Private room,1,1,100,0,,,,f,1
1925599,42828,1307,41521,Australia,Entire home/apt,2,2,110,26,9,9,9,f,1
4549175,42828,875,41953,Australia,Entire home/apt,1,1,169,1,,,,f,1
13591356,42828,640,42188,Australia,Private room,1.5,1,66,1,6,10,8,f,1
10776692,42829,1522,41307,Australia,Entire home/apt,1,0,149,5,,,,f,1
16398875,42828,1778,41050,Australia,Entire home/apt,1,1,149,12,10,10,10,f,1
9203849,42829,803,42026,Australia,Private room,1.5,1,75,1,,,,f,1
13591414,42828,289,42539,Australia,Private room,1,1,66,0,,,,f,1
12349607,42829,358,42471,Australia,Entire home/apt,1,1,69,0,,,,f,1
16149098,42828,170,42658,Australia,Entire home/apt,1,0,140,10,9,10,10,f,1
10576763,42828,1003,41825,Australia,Entire home/apt,1.5,2,187,20,9,10,10,f,1
9136759,42828,524,42304,Australia,Private room,1,1,60,0,,,,f,1
16453784,42828,1295,41533,Australia,Private room,1,1,60,1,10,10,10,t,1
5980391,42829,1581,41248,Australia,Entire home/apt,1,1,170,5,8,10,9,f,1
1729429,42828,1282,41546,Australia,Entire home/apt,1,1,110,2,10,9,9,f,1
13458626,42828,1017,41811,Australia,Private room,1,1,75,42,10,10,10,t,1
12348030,42828,1488,41340,Australia,Private room,1,1,94,2,6,10,6,t,1
15415843,42828,177,42651,Australia,Entire home/apt,1,0,100,5,9,10,10,f,1
5137294,42828,1459,41369,Australia,Entire home/apt,1,2,201,44,10,10,9,f,1
16149125,42828,405,42423,Australia,Entire home/apt,1,1,85,0,,,,t,1
10775125,42828,1064,41764,Australia,Entire home/apt,1,1,149,37,7,9,8,f,1
877468,42828,1546,41282,Australia,Private room,1,1,80,36,8,9,9,f,1
16147369,42828,316,42512,Australia,Private room,1,1,59,3,9,9,9,f,1
17654701,42828,397,42431,Australia,Entire home/apt,1,1,104,0,,,,f,1
2188156,42828,2005,40823,Australia,Entire home/apt,1,0,140,86,9,10,9,t,1
6189227,42829,707,42122,Australia,Entire home/apt,1,2,229,10,,,,f,1
9700996,42828,491,42337,Australia,Private room,1,1,149,13,10,9,10,t,1
9464467,42828,563,42265,Australia,Entire home/apt,1,1,130,2,10,10,10,f,1
13591468,42828,796,42032,Australia,Entire home/apt,1,0,149,43,10,10,10,f,1
16871641,42829,418,42411,Australia,Entire home/apt,1,2,199,7,9,9,8,t,1
7789915,42828,1764,41064,Australia,Entire home/apt,1,1,109,4,9,10,10,f,1
13594838,42829,42829,,Australia,Entire home/apt,1,2,189,14,,,,f,1
4681901,42829,42829,,Australia,Entire home/apt,1,0,100,7,,,,f,1
16937183,42829,652,42177,Australia,Entire home/apt,1,2,130,8,10,10,10,f,1
9157744,42828,981,41847,Australia,Private room,1.5,1,80,1,,,,f,1
12936134,42828,1241,41587,Australia,Private room,1,1,149,19,9,10,10,f,1
16407799,42828,108,42720,Australia,Private room,1,1,109,4,10,10,10,f,1
16716496,42829,86,42743,Australia,Private room,1,1,125,8,10,10,10,t,1
13544073,42828,1064,41764,Australia,Entire home/apt,2,2,215,18,8,10,8,f,1
16278488,42828,1261,41567,Australia,Entire home/apt,1,2,229,1,10,8,8,t,1
14900477,42828,262,42566,Australia,Entire home/apt,1,1,170,27,9,9,9,t,1
15167740,42829,1396,41433,Australia,Entire home/apt,1,1,180,1,10,10,10,f,1
12937888,42828,1223,41605,Australia,Entire home/apt,1,1,149,73,9,10,9,f,1
8805669,42828,1693,41135,Australia,Private room,1,1,121,4,10,10,8,f,1
16276798,42828,1522,41306,Australia,Entire home/apt,1,1,250,1,10,10,10,f,1
16508973,42829,2186,40643,Australia,Entire home/apt,2,2,220,6,10,10,10,t,1
1793361,42828,1268,41560,Australia,Private room,1,1,85,0,,,,f,1
13467638,42828,618,42210,Australia,Private room,3,1,66,0,,,,f,1
13786454,42828,333,42495,Australia,Entire home/apt,1,0,225,3,9,10,9,f,1
13267218,42829,1658,41171,Australia,Entire home/apt,1,1,300,3,9,10,10,f,1
16607966,42828,1064,41764,Australia,Entire home/apt,1,1,149,17,10,10,9,f,1
13690087,42828,1422,41406,Australia,Entire home/apt,1,1,145,43,9,9,9,f,1
812062,42828,1587,41241,Australia,Entire home/apt,1,1,300,6,9,10,8,f,1
9464549,42828,673,42155,Australia,Private room,1,1,130,23,10,10,10,f,1
1990000,42828,1225,41603,Australia,Entire home/apt,2,2,391,72,9,10,9,f,1
9816804,42829,831,41998,Australia,Entire home/apt,1,3,260,77,10,10,10,t,1
12610287,42828,346,42482,Australia,Private room,1,1,50,2,8,10,10,f,1
3892270,42828,1068,41760,Australia,Entire home/apt,1,1,168,16,9,8,9,t,1
4810803,42830,921,41909,Australia,Entire home/apt,1,1,141,0,,,,f,1
16409660,42828,1170,41658,Australia,Entire home/apt,1,1,110,0,,,,f,1
15907397,42828,210,42618,Australia,Private room,1,1,66,1,,,,f,1
11627260,42828,710,42118,Australia,Private room,1,1,66,1,8,10,10,f,1
16530826,42829,1630,41199,Australia,Private room,2,1,100,3,10,10,10,f,1
2211209,42829,2039,40790,Australia,Private room,2,1,75,26,10,10,10,f,1
15098957,42828,1137,41691,Australia,Entire home/apt,1,1,198,15,10,10,10,f,1
16411413,42828,720,42108,Australia,Entire home/apt,1,1,270,1,10,10,10,f,1
15887129,42828,1415,41413,Australia,Private room,1,1,100,3,9,10,10,f,1
220576,42828,2031,40797,Australia,Entire home/apt,1,1,185,58,10,10,9,f,1
869337,42828,1551,41277,Australia,Entire home/apt,1,1,130,89,9,9,8,f,1
13661462,42829,42829,,Australia,Entire home/apt,1,1,97,12,,,,f,1
13265675,42828,499,42329,Australia,Entire home/apt,1,1,144,5,9,10,10,f,1
13660486,42829,42829,,Australia,Entire home/apt,1,2,149,0,,,,f,1
13132959,42828,317,42511,Australia,Private room,2.5,1,69,0,,,,f,1
15887158,42828,502,42326,Australia,Entire home/apt,2,3,350,1,10,10,10,f,1
420647,42828,1821,41007,Australia,Entire home/apt,1,2,166,89,10,10,10,t,1
11363490,42828,1063,41765,Australia,Entire home/apt,2,2,299,77,8,10,9,t,1
15954292,42830,631,42199,Australia,Entire home/apt,1.5,2,300,18,10,10,10,f,1
8742076,42828,546,42282,Australia,Entire home/apt,1,1,140,0,,,,f,1
13006122,42829,327,42502,Australia,Entire home/apt,1,3,138,35,8,10,9,f,1
2778302,42828,1892,40936,Australia,Entire home/apt,1,2,121,0,,,,f,1
8217795,42828,932,41896,Australia,Private room,1,1,80,3,9,10,9,f,1
12934659,42828,989,41839,Australia,Entire home/apt,1,1,144,50,9,10,10,t,1
2778324,42828,1892,40936,Australia,Entire home/apt,1,0,100,19,10,9,10,f,1
7233049,42828,635,42193,Australia,Private room,1,1,50,0,,,,f,1
16147698,42828,633,42195,Australia,Private room,1,1,149,0,,,,f,1
13133037,42828,317,42511,Australia,Entire home/apt,1,1,135,52,10,10,10,f,1
4568474,42828,940,41888,Australia,Private room,1,1,75,0,,,,f,1
11702755,42828,1163,41665,Australia,Entire home/apt,1,1,106,43,9,10,9,f,1
16016627,42828,250,42578,Australia,Entire home/apt,1,1,201,1,8,10,10,f,1
13852192,42828,1260,41568,Australia,Entire home/apt,1,1,1000,49,10,10,9,t,1
9794009,42829,1598,41231,Australia,Entire home/apt,2,2,201,0,,,,f,1
17163819,42828,62,42766,Australia,Entire home/apt,2,2,284,7,9,9,9,t,1
6648259,42829,1060,41769,Australia,Entire home/apt,1,2,149,2,,,,f,1
15757786,42829,156,42673,Australia,Entire home/apt,1,1,149,1,10,10,10,f,1
7036467,42828,2188,40640,Australia,Entire home/apt,1,1,249,35,10,10,10,f,1
2188571,42828,2005,40823,Australia,Entire home/apt,2,2,350,7,10,9,9,f,1
9397536,42828,595,42233,Australia,Entire home/apt,1,1,94,3,7,9,9,f,1
12349922,42829,692,42137,Australia,Entire home/apt,2,2,295,3,10,10,9,f,1
16408139,42828,185,42643,Australia,Shared room,1,1,71,2,9,10,10,t,1
12739873,42828,1225,41603,Australia,Entire home/apt,1,1,184,21,10,10,9,f,1
17461734,42829,39,42790,Australia,Private room,2,1,121,2,7,10,10,t,1
16934188,42828,969,41859,Australia,Private room,1.5,1,29,12,10,10,10,t,1
9671417,42829,1125,41704,Australia,Private room,1,1,56,1,,,,f,1
6708820,42828,667,42161,Australia,Private room,2,1,187,2,10,9,7,f,1
7957423,42828,1433,41395,Australia,Entire home/apt,2,2,180,1,,,,f,1
879438,42828,1569,41259,Australia,Entire home/apt,1,0,100,239,9,10,9,f,1
5594712,42828,1037,41791,Australia,Private room,1.5,1,94,53,10,10,10,f,1
12413874,42828,891,41937,Australia,Entire home/apt,1,1,149,1,10,10,10,f,1
16871931,42829,758,42071,Australia,Entire home/apt,2,3,267,10,,,,f,1
1926460,42828,1440,41388,Australia,Entire home/apt,1,1,140,45,10,10,10,f,1
17784440,42828,966,41862,Australia,Entire home/apt,2,2,325,0,,,,t,1
7233153,42828,635,42193,Australia,Entire home/apt,1,1,121,2,10,10,10,t,1
4942763,42828,2005,40823,Australia,Entire home/apt,1,0,140,58,9,9,9,t,1
7369241,42829,1510,41319,Australia,Entire home/apt,1,1,170,2,9,10,8,f,1
17306101,42828,56,42772,Australia,Entire home/apt,1,1,164,3,7,9,9,t,1
3499364,42828,1714,41114,Australia,Entire home/apt,1.5,2,485,8,10,10,9,f,1
13593542,42828,303,42525,Australia,Entire home/apt,1,2,94,1,10,10,10,t,1
1990294,42828,1225,41603,Australia,Entire home/apt,1,1,250,2,6,10,6,f,1
14640496,42828,546,42282,Australia,Entire home/apt,1,2,149,2,10,10,8,t,1
10709956,42828,963,41865,Australia,Private room,1,1,41,1,10,10,10,f,1
5992979,42829,845,41984,Australia,Entire home/apt,1,1,165,36,9,10,9,f,1
6577854,42828,831,41997,Australia,Private room,1,1,52,0,,,,f,1
16147852,42828,1168,41660,Australia,Entire home/apt,1,1,145,15,9,9,8,t,1
4680675,42828,1042,41786,Australia,Entire home/apt,1,2,400,0,,,,f,1
17644151,42828,1605,41223,Australia,Entire home/apt,1,1,165,0,,,,f,1
14381658,42830,242,42588,Australia,Shared room,1.5,1,20,0,,,,t,1
16408272,42828,634,42194,Australia,Entire home/apt,1,2,250,14,8,10,9,f,1
8019665,42828,1717,41111,Australia,Private room,1,1,66,0,,,,f,1
5338425,42829,42829,,Australia,Entire home/apt,1,1,128,24,10,10,10,f,1
8940520,42828,1267,41561,Australia,Entire home/apt,1,1,80,4,9,10,9,f,1
14900964,42828,1050,41778,Australia,Entire home/apt,1,0,138,0,,,,f,1
4418541,42828,892,41936,Australia,Entire home/apt,2,2,152,2,9,10,10,f,1
4418544,42828,1174,41654,Australia,Entire home/apt,2,1,164,3,9,10,10,f,1
7136547,42828,1488,41340,Australia,Entire home/apt,1,2,106,50,8,10,9,t,1
15253,42828,2678,40150,Australia,Private room,1,1,110,205,9,9,9,t,1
13701074,42828,1390,41438,Australia,Entire home/apt,1,1,149,3,10,10,10,f,1
17720768,42828,1074,41754,Australia,Entire home/apt,1,1,149,1,10,10,10,f,1
15573476,42828,398,42430,Australia,Entire home/apt,2,2,315,9,9,9,9,t,1
6545466,42828,1437,41391,Australia,Private room,1,1,79,6,9,9,9,f,1
12872715,42828,1597,41231,Australia,Entire home/apt,1,2,100,0,,,,f,1
9615999,42828,1829,40999,Australia,Entire home/apt,1,1,201,47,10,10,9,f,1
4832426,42828,2646,40182,Australia,Entire home/apt,1,0,104,1,,,,f,1
11363798,42828,929,41899,Australia,Entire home/apt,1,0,105,41,10,10,10,f,1
4485768,42830,887,41943,Australia,Entire home/apt,1,2,127,4,10,10,9,f,1
16801566,42828,593,42235,Australia,Entire home/apt,1,1,145,5,10,10,10,t,1
1141803,42828,2568,40260,Australia,Entire home/apt,1,1,281,25,10,10,10,f,1
15821844,42828,1019,41809,Australia,Private room,1,1,145,2,10,10,10,f,1
15821872,42828,1029,41799,Australia,Entire home/apt,2,3,300,0,,,,f,1
13069377,42828,321,42507,Australia,Entire home/apt,1,1,90,5,10,10,10,f,1
4090898,42828,935,41893,Australia,Private room,1,1,75,47,10,10,9,f,1
10970633,42828,595,42233,Australia,Entire home/apt,1,2,193,4,7,4,5,f,1
4025380,42828,1330,41498,Australia,Entire home/apt,1,0,163,49,9,9,8,f,1
15667726,42829,1155,41674,Australia,Entire home/apt,1,1,149,17,9,10,8,f,1
6582969,42830,1582,41248,Australia,Entire home/apt,2,2,225,0,,,,f,1
17784643,42828,1228,41600,Australia,Entire home/apt,1,1,149,0,,,,t,1
17853554,42829,410,42419,Australia,Entire home/apt,2,2,201,0,,,,f,1
15033889,42828,207,42621,Australia,Private room,0,1,105,1,6,10,6,f,1
15490896,42828,172,42656,Australia,Entire home/apt,1,1,106,7,10,10,9,f,1
10253644,42829,932,41897,Australia,Private room,1,1,180,11,10,10,10,f,1
11824254,42829,670,42159,Australia,Entire home/apt,1,1,140,3,10,10,10,f,1
11955330,42829,1204,41625,Australia,Entire home/apt,2,2,195,70,9,9,9,t,1
15359826,42828,769,42059,Australia,Entire home/apt,1,1,140,27,10,10,10,t,1
17131075,42828,70,42758,Australia,Private room,1,1,55,0,,,,f,1
3219759,42829,2080,40749,Australia,Entire home/apt,1,1,79,4,10,10,10,f,1
14116426,42828,256,42572,Australia,Private room,1,1,85,13,10,10,10,f,1
12217498,42829,1104,41725,Australia,Entire home/apt,2,2,160,2,10,10,10,f,1
15099481,42828,198,42630,Australia,Entire home/apt,1,1,225,0,,,,f,1
15490922,42828,172,42656,Australia,Entire home/apt,2,2,499,1,,,,f,1
16018588,42829,138,42691,Australia,Private room,1,1,140,23,9,10,9,t,1
6514913,42829,1842,40987,Australia,Entire home/apt,1,0,100,16,9,10,9,f,1
6583061,42829,1581,41248,Australia,Entire home/apt,0.5,1,166,1,,,,f,1
16498401,42829,236,42593,Australia,Entire home/apt,2,2,256,2,8,7,7,f,1
1793897,42828,1391,41437,Australia,Private room,,1,48,88,8,9,9,t,1
13788768,42828,333,42495,Australia,Entire home/apt,1,1,219,2,10,10,10,f,1
16018624,42829,138,42691,Australia,Entire home/apt,1,0,100,24,8,10,8,t,1
2780356,42829,2473,40356,Australia,Entire home/apt,1.5,2,170,71,9,10,9,f,1
7500580,42829,622,42207,Australia,Entire home/apt,1,1,170,9,10,10,9,f,1
14638988,42828,444,42384,Australia,Entire home/apt,2.5,4,1290,0,,,,f,1
841184,42828,1589,41239,Australia,Private room,1,1,55,21,8,9,9,t,1
4810354,42828,846,41982,Australia,Private room,1,1,60,0,,,,f,1
14672208,42828,225,42603,Australia,Entire home/apt,1,1,155,32,9,10,9,f,1
12740213,42828,1352,41476,Australia,Private room,1,1,69,32,9,9,9,f,1
6087252,42829,1218,41611,Australia,Entire home/apt,1,1,125,2,10,10,10,f,1
16474017,42828,102,42726,Australia,Private room,1.5,1,121,0,,,,f,1
12610808,42829,692,42137,Australia,Entire home/apt,1,1,165,2,10,10,9,f,1
4287719,42829,910,41919,Australia,Entire home/apt,1,1,311,2,9,10,9,f,1
12740217,42828,1579,41249,Australia,Private room,1,1,69,26,9,9,10,f,1
7038593,42828,646,42182,Australia,Entire home/apt,1,1,69,10,8,9,9,t,1
6581505,42829,1581,41248,Australia,Entire home/apt,1,1,170,3,5,9,9,f,1
15045166,42829,2045,40784,Australia,Private room,1,1,55,4,10,10,9,f,1
13852596,42828,272,42556,Australia,Private room,1,1,59,0,,,,f,1
14968708,42829,634,42195,Australia,Private room,2,1,59,22,9,9,9,t,1
17724265,42830,949,41881,Australia,Entire home/apt,1.5,1,110,0,,,,t,1
9594185,42828,548,42280,Australia,Entire home/apt,1,1,139,28,9,10,10,t,1
12412598,42828,1147,41681,Australia,Private room,2,1,64,0,,,,f,1
14578555,42830,885,41945,Australia,Private room,1.5,1,78,3,10,10,10,t,1
4615515,42829,1715,41114,Australia,Entire home/apt,1,2,419,21,10,10,9,f,1
14183790,42829,497,42332,Australia,Entire home/apt,2,1,130,0,,,,f,1
9334137,42829,1912,40917,Australia,Entire home/apt,1,2,176,0,,,,f,1
4418920,42830,913,41917,Australia,Entire home/apt,2,2,399,4,10,10,10,f,1
15823767,42830,1038,41792,Australia,Entire home/apt,1,1,180,4,9,9,9,f,1
6319500,42829,986,41843,Australia,Private room,1,1,110,49,10,10,10,f,1
6579953,42828,676,42152,Australia,Private room,1,1,69,3,9,10,9,t,1
9461754,42828,858,41970,Australia,Entire home/apt,2,2,201,0,,,,f,1
4351739,42828,1152,41676,Australia,Entire home/apt,2,2,299,15,9,10,9,f,1
14303468,42829,246,42583,Australia,Entire home/apt,2,2,170,1,6,10,10,f,1
2811738,42830,1089,41741,Australia,Entire home/apt,2.5,3,440,60,10,9,9,f,1
9134116,42828,524,42304,Australia,Shared room,1,1,48,0,,,,f,1
59297,42829,2336,40493,Australia,Entire home/apt,3.5,4,290,3,7,9,9,f,1
6066760,42829,725,42104,Australia,Private room,1,1,97,96,9,10,9,f,1
11897814,42828,392,42436,Australia,Shared room,3,1,29,8,8,8,7,f,1
9532810,42829,503,42326,Australia,Entire home/apt,2,3,469,0,,,,f,1
16279334,42828,412,42416,Australia,Private room,1,1,45,1,10,10,10,f,1
16149966,42829,414,42415,Australia,Entire home/apt,1,1,145,1,8,10,10,f,1
548904,42828,2071,40757,Australia,Private room,1.5,1,72,57,9,10,9,f,1
6119490,42828,1506,41322,Australia,Private room,1.5,1,107,28,9,10,10,f,1
548936,42828,1796,41032,Australia,Private room,2,1,121,56,9,9,8,f,1
13659668,42829,288,42541,Australia,Entire home/apt,1,1,110,8,8,10,9,t,1
4615692,42829,868,41961,Australia,Entire home/apt,1,1,190,7,10,10,9,f,1
5729815,42829,864,41965,Australia,Private room,1,1,62,2,9,8,9,f,1
9793075,42829,1573,41256,Australia,Private room,2,1,45,21,8,9,9,f,1
6840423,42828,889,41939,Australia,Private room,1,1,80,45,10,10,10,f,1
12029497,42828,1312,41516,Australia,Entire home/apt,1,0,169,88,9,10,9,t,1
5205539,42829,891,41938,Australia,Private room,1,1,128,70,9,10,9,f,1
4745029,42828,2065,40763,Australia,Private room,3,1,66,3,10,10,10,f,1
17919553,42829,137,42692,Australia,Entire home/apt,2,1,159,0,,,,t,1
15363639,42829,418,42411,Australia,Entire home/apt,1,2,159,38,8,10,8,t,1
18009761,42828,2,42826,Australia,Private room,1,1,60,0,,,,t,1
4351832,42828,901,41927,Australia,Entire home/apt,1,1,149,2,10,10,10,f,1
17395276,42829,688,42141,Australia,Private room,1,1,88,3,9,9,9,t,1
5731404,42829,745,42084,Australia,Private room,1,1,149,6,9,10,9,f,1
15889750,42829,1155,41674,Australia,Private room,1,1,75,7,9,9,9,f,1
9201518,42828,520,42308,Australia,Entire home/apt,1,0,220,14,9,10,9,t,1
16084579,42829,144,42685,Australia,Entire home/apt,1.5,3,450,15,10,10,9,f,1
15329215,42829,1949,40880,Australia,Private room,1.5,1,75,15,10,10,10,f,1
8156271,42829,582,42247,Australia,Entire home/apt,2.5,3,250,6,10,10,10,f,1
17720777,42828,452,42376,Australia,Private room,1,1,75,0,,,,t,1
5357073,42829,1398,41431,Australia,Entire home/apt,1,1,135,88,,,,f,1
2058178,42829,1382,41447,Australia,Entire home/apt,1,1,170,4,10,10,10,f,1
6648962,42829,672,42157,Australia,Entire home/apt,1,1,149,0,,,,f,1
11103882,42829,1929,40900,Australia,Private room,1,1,76,25,10,10,10,f,1
9354771,42829,1960,40869,Australia,Entire home/apt,1,3,281,3,10,10,10,f,1
9467015,42829,510,42319,Australia,Private room,1,1,125,1,10,,,f,1
11462297,42828,404,42424,Australia,Entire home/apt,1,1,239,6,10,10,10,f,1
2256529,42829,1691,41138,Australia,Entire home/apt,1,1,201,0,,,,f,1
11955870,42829,1412,41417,Australia,Entire home/apt,1,1,85,0,,,,f,1
14901495,42828,1880,40948,Australia,Entire home/apt,1,1,180,7,10,10,10,f,1
747430,42828,1669,41159,Australia,Entire home/apt,2,3,320,4,9,10,9,f,1
1664928,42828,1298,41530,Australia,Entire home/apt,1,1,155,92,10,10,10,f,1
16477890,42829,456,42373,Australia,Private room,2,1,90,0,,,,f,1
11105464,42829,42829,,Australia,Entire home/apt,1,1,176,4,10,10,10,f,1
4351938,42828,1160,41668,Australia,Entire home/apt,1,1,110,10,9,10,10,f,1
12937155,42828,1181,41647,Australia,Entire home/apt,1,0,107,2,7,10,10,f,1
389876,42829,1844,40985,Australia,Entire home/apt,1,1,136,310,9,9,10,f,1
5009078,42829,891,41938,Australia,Private room,1,1,266,44,9,10,10,f,1
16150223,42829,1997,40832,Australia,Entire home/apt,1,2,350,0,,,,f,1
3698403,42829,984,41845,Australia,Entire home/apt,1,1,68,0,,,,f,1
10972911,42829,489,42340,Australia,Entire home/apt,1,1,111,25,9,9,9,t,1
6906149,42828,1148,41680,Australia,Private room,1,1,68,1,10,10,10,f,1
9157341,42828,1142,41686,Australia,Entire home/apt,2,2,419,0,,,,f,1
15099877,42828,1363,41465,Australia,Entire home/apt,2,2,212,4,8,9,8,t,1
15627480,42829,164,42665,Australia,Private room,1,1,50,1,10,10,10,t,1
14327483,42829,244,42585,Australia,Entire home/apt,1,1,260,42,,,,t,1
6711274,42828,667,42161,Australia,Entire home/apt,1,2,300,13,10,10,10,f,1
5071158,42828,808,42020,Australia,Entire home/apt,1,1,130,59,9,10,9,f,1
17850702,42828,11,42817,Australia,Private room,1,1,90,1,10,10,10,t,1
16089462,42829,219,42610,Australia,Private room,2,1,149,2,10,10,10,f,1
9465609,42829,1545,41284,Australia,Entire home/apt,1,2,300,7,10,10,9,f,1
15032660,42828,1812,41016,Australia,Entire home/apt,1,1,159,1,10,10,10,f,1
2515277,42828,1464,41364,Australia,Private room,2,2,111,31,10,10,9,f,1
16277847,42828,194,42634,Australia,Entire home/apt,1,1,121,21,9,10,9,t,1
10840047,42828,1413,41415,Australia,Entire home/apt,1,1,229,81,10,10,10,t,1
13594414,42829,565,42264,Australia,Private room,1,1,75,19,9,9,9,f,1
17260908,42828,977,41851,Australia,Private room,1,1,98,2,10,10,10,f,1
10253539,42829,910,41919,Australia,Private room,1,1,66,0,,,,f,1
11755915,42828,390,42438,Australia,Entire home/apt,2,1,170,8,10,10,10,f,1
9334580,42829,513,42316,Australia,Entire home/apt,1.5,3,250,2,8,10,8,f,1
6582081,42829,1581,41248,Australia,Entire home/apt,1,1,177,6,8,10,8,f,1
9466339,42830,637,42193,Australia,Entire home/apt,1,1,250,0,,,,f,1
1070081,42829,1694,41135,Australia,Entire home/apt,1,1,141,2,10,10,10,f,1
4553273,42830,2428,40402,Australia,Entire home/apt,1,2,590,0,,,,f,1
11168076,42829,426,42403,Australia,Private room,1,1,94,5,8,9,8,f,1
6158101,42830,1385,41445,Australia,Entire home/apt,1,3,380,0,,,,f,1
9467881,42829,42829,,Australia,Entire home/apt,1,1,125,0,,,,f,1
10711571,42830,764,42066,Australia,Private room,1,1,110,34,10,10,10,t,1
14019704,42830,1364,41466,Australia,Private room,1,1,67,3,9,10,9,t,1
11630556,42829,466,42363,Australia,Private room,1,1,75,2,,,,f,1
4352336,42829,1004,41825,Australia,Entire home/apt,1,1,115,13,10,9,10,f,1
16021499,42829,137,42692,Australia,Entire home/apt,1,2,187,42,9,10,9,t,1
12972591,42830,1375,41455,Australia,Entire home/apt,1,1,150,3,10,10,10,f,1
6582836,42830,1582,41248,Australia,Entire home/apt,1,1,171,3,9,9,7,f,1
11106323,42829,456,42373,Australia,Entire home/apt,2,2,300,1,10,10,10,f,1
2652226,42829,1109,41720,Australia,Private room,1,1,62,0,,,,f,1
11244556,42829,415,42414,Australia,Entire home/apt,3,2,201,2,9,8,9,f,1
16545880,42829,435,42394,Australia,Entire home/apt,1,1,145,1,10,10,10,f,1
13266160,42830,1405,41425,Australia,Private room,1.5,1,130,26,10,10,10,f,1
6649967,42829,1581,41248,Australia,Entire home/apt,2,2,215,0,,,,f,1
10123393,42829,1610,41219,Australia,Entire home/apt,1,2,201,1,10,8,8,f,1
4632356,42829,866,41963,Australia,Entire home/apt,1,1,100,0,,,,f,1
16742536,42829,600,42229,Australia,Private room,1,1,100,3,10,10,10,f,1
9463663,42830,699,42131,Australia,Private room,1,1,75,1,10,10,10,f,1
14940006,42830,389,42441,Australia,Entire home/apt,1,2,194,29,9,9,9,f,1
9926816,42829,2080,40749,Australia,Entire home/apt,1,2,300,1,8,10,8,f,1
15724597,42829,189,42640,Australia,Entire home/apt,1,1,159,20,10,10,10,t,1
9695908,42830,579,42251,Australia,Entire home/apt,1,1,180,36,8,10,9,f,1
4967955,42829,821,42008,Australia,Private room,1,1,79,0,,,,f,1
10155955,42830,675,42155,Australia,Private room,1.5,1,58,0,,,,f,1
12904823,42829,2736,40093,Australia,Private room,1,1,121,1,10,10,10,f,1
13691254,42829,768,42061,Australia,Entire home/apt,1,0,104,28,9,9,9,f,1
14958291,42829,523,42306,Australia,Entire home/apt,2,2,165,7,10,10,10,f,1
16429275,42829,107,42722,Australia,Private room,1,1,100,2,10,10,,t,1
6453523,42829,837,41992,Australia,Private room,1,1,121,0,,,,f,1
16510180,42830,1357,41473,Australia,Shared room,1,1,39,17,9,9,8,f,1
2062318,42830,1411,41419,Australia,Private room,1,1,99,50,10,10,9,f,1
16349484,42829,1351,41478,Australia,Private room,1.5,1,48,2,7,8,9,f,1
1866006,42829,1272,41557,Australia,Entire home/apt,1,1,201,105,9,10,9,f,1
9925934,42829,1761,41068,Australia,Entire home/apt,2,2,229,3,10,10,10,f,1
9599351,42830,1137,41693,Australia,Entire home/apt,2,3,589,0,,,,f,1
17622427,42829,696,42133,Australia,Private room,2,1,55,0,,,,f,1
12548458,42829,589,42240,Australia,Entire home/apt,2,2,190,5,10,10,10,f,1
10320243,42829,608,42221,Australia,Shared room,1,1,72,2,9,10,10,f,1
12554557,42830,595,42235,Australia,Entire home/apt,1,0,155,47,10,10,9,f,1
6650257,42829,1581,41248,Australia,Entire home/apt,2,2,281,0,,,,f,1
14523977,42829,589,42240,Australia,Entire home/apt,1,1,145,1,8,10,10,f,1
9081196,42829,1023,41806,Australia,Entire home/apt,1,1,79,1,10,10,8,f,1
14127512,42830,1223,41607,Australia,Private room,1,1,45,1,8,10,10,f,1
15104423,42829,1408,41421,Australia,Entire home/apt,1.5,3,499,44,10,10,9,f,1
15361967,42829,1007,41822,Australia,Entire home/apt,2,2,81,17,10,10,10,f,1
16044338,42830,595,42235,Australia,Private room,1,1,150,1,10,10,10,f,1
12876250,42829,453,42376,Australia,Private room,2.5,1,69,1,8,8,10,t,1
9599384,42829,508,42321,Australia,Entire home/apt,1,1,163,70,10,10,10,f,1
17529328,42829,1615,41214,Australia,Entire home/apt,1,1,140,0,,,,f,1
4680104,42829,2267,40562,Australia,Private room,2,1,69,1,10,10,10,f,1
10058231,42829,1227,41602,Australia,Private room,1,1,105,37,9,10,9,t,1
8944138,42829,757,42072,Australia,Private room,1,1,100,1,10,10,10,f,1
6650349,42829,1581,41248,Australia,Entire home/apt,2,2,235,3,7,9,8,f,1
16874005,42829,940,41889,Australia,Private room,1,1,56,2,10,10,10,f,1
13734999,42829,1698,41131,Australia,Entire home/apt,1,2,170,1,8,10,10,f,1
10125292,42830,2055,40775,Australia,Private room,1,1,97,1,10,10,10,f,1
5664006,42829,888,41941,Australia,Entire home/apt,1,1,121,0,,,,f,1
9828431,42830,823,42007,Australia,Private room,1,1,80,26,10,10,10,f,1
16022060,42829,137,42692,Australia,Private room,1,1,66,0,,,,f,1
17561683,42830,403,42427,Australia,Private room,1,1,95,2,10,10,10,f,1
16742947,42829,1247,41582,Australia,Entire home/apt,1,1,121,2,10,10,10,f,1
17049071,42829,61,42768,Australia,Private room,1,1,70,0,,,,f,1
7074671,42830,2124,40706,Australia,Private room,1,1,84,6,10,10,10,f,1
12972926,42830,330,42500,Australia,Private room,1,1,39,6,9,10,10,f,1
16709758,42830,257,42573,Australia,Entire home/apt,1,2,240,1,10,10,10,f,1
1626850,42830,1251,41579,Australia,Entire home/apt,1,2,160,5,9,9,9,f,1
10081044,42829,1366,41463,Australia,Entire home/apt,1,2,250,65,9,10,9,t,1
7721769,42829,770,42059,Australia,Private room,1,1,85,0,,,,f,1
9369732,42830,513,42317,Australia,Private room,2,1,62,2,10,9,10,f,1
14603023,42829,1317,41512,Australia,Private room,1,1,80,6,9,10,9,f,1
5635858,42830,965,41865,Australia,Entire home/apt,1,1,70,0,,,,f,1
5470828,42829,768,42061,Australia,Entire home/apt,1,1,201,1,8,10,8,f,1
10998597,42829,928,41901,Australia,Private room,1,1,39,1,,,,f,1
10844781,42829,434,42395,Australia,Entire home/apt,1,1,119,1,10,10,10,f,1
7564812,42830,1185,41645,Australia,Entire home/apt,1,1,399,8,9,10,9,f,1
9262777,42829,517,42312,Australia,Private room,2,1,81,8,9,9,9,f,1
12833639,42829,793,42036,Australia,Private room,1,1,120,14,10,10,9,t,1
16602162,42830,93,42737,Australia,Entire home/apt,1,1,200,6,10,10,10,f,1
906086,42829,1529,41300,Australia,Private room,2,1,250,2,10,10,10,f,1
17595024,42829,480,42349,Australia,Private room,1,1,139,0,,,,f,1
17103000,42830,348,42482,Australia,Private room,1,1,39,0,,,,t,1
16833320,42829,533,42296,Australia,Entire home/apt,1,1,198,5,10,10,10,f,1
6869908,42829,658,42171,Australia,Private room,1,1,91,0,,,,f,1
16241574,42829,462,42367,Australia,Entire home/apt,1,0,300,0,,,,f,1
15651784,42829,268,42561,Australia,Entire home/apt,1,1,120,1,10,8,10,t,1
16152732,42830,245,42585,Australia,Entire home/apt,2,3,1230,2,10,10,10,f,1
16241621,42830,122,42708,Australia,Private room,1.5,1,70,0,,,,f,1
6453938,42829,686,42143,Australia,Entire home/apt,1,1,135,1,,,,f,1
17028069,42829,279,42550,Australia,Entire home/apt,1,0,125,2,10,10,9,t,1
16305662,42829,222,42607,Australia,Entire home/apt,1,1,180,5,10,10,10,f,1
14406658,42829,1217,41612,Australia,Entire home/apt,1,1,200,51,9,10,9,t,1
3462179,42829,1206,41623,Australia,Private room,1,1,100,5,10,10,10,f,1
2718367,42829,1119,41710,Australia,Entire home/apt,1,1,149,126,10,10,10,t,1
17159239,42829,477,42352,Australia,Entire home/apt,1,1,125,0,,,,f,1
17224781,42829,66,42763,Australia,Entire home/apt,2,2,300,5,9,10,10,t,1
16634980,42829,1066,41763,Australia,Private room,1,1,105,0,,,,f,1
16446409,42830,693,42137,Australia,Entire home/apt,1,1,210,0,,,,f,1
16635022,42829,1225,41604,Australia,Entire home/apt,1,1,130,3,10,10,10,f,1
619474,42830,2007,40823,Australia,Entire home/apt,1,1,150,169,9,9,9,t,1
14210218,42829,553,42276,Australia,Private room,1,1,39,15,7,10,9,f,1
7764720,42829,619,42210,Australia,Entire home/apt,1,1,121,3,9,9,10,f,1
9032873,42829,1225,41604,Australia,Private room,1,1,70,0,,,,f,1
13662972,42829,352,42477,Australia,Private room,1,1,45,0,,,,f,1
15513375,42829,1487,41342,Australia,Entire home/apt,2.5,4,321,0,,,,f,1
9781034,42829,702,42127,Australia,Entire home/apt,1.5,2,275,9,10,10,10,f,1
14734583,42829,394,42435,Australia,Entire home/apt,1,2,296,19,10,10,9,f,1
14777089,42829,1760,41069,Australia,Entire home/apt,1,1,121,6,9,10,10,f,1
555783,42829,1744,41085,Australia,Entire home/apt,1,2,201,14,9,9,9,f,1
14777091,42829,219,42610,Australia,Private room,1,1,97,50,10,10,10,t,1
1014544,42829,1863,40966,Australia,Private room,1.5,1,98,48,10,10,10,f,1
16831818,42829,831,41998,Australia,Entire home/apt,2,2,198,18,10,10,10,t,1
17995762,42829,244,42585,Australia,Entire home/apt,1,1,159,0,,,,t,1
6454047,42829,1581,41248,Australia,Entire home/apt,1,1,189,1,6,8,6,f,1
14719007,42829,323,42506,Australia,Entire home/apt,1,1,110,1,8,10,10,f,1
5609458,42829,756,42073,Australia,Private room,1,1,100,0,,,,f,1
6928307,42829,1438,41391,Australia,Entire home/apt,2,2,150,6,9,10,10,f,1
14538115,42829,975,41854,Australia,Entire home/apt,1,1,130,3,10,10,10,f,1
6519569,42829,1615,41214,Australia,Entire home/apt,1.5,1,149,71,8,9,9,f,1
15259023,42829,446,42383,Australia,Private room,1,1,50,0,,,,f,1
16382870,42830,436,42394,Australia,Private room,1,1,110,0,,,,f,1
13424029,42829,435,42394,Australia,Entire home/apt,2,2,260,5,9,10,10,f,1
17878599,42829,769,42060,Australia,Private room,1,1,68,0,,,,f,1
13022596,42829,326,42503,Australia,Private room,2,1,300,0,,,,f,1
17159613,42829,56,42773,Australia,Private room,1,1,70,7,9,10,10,t,1
8705453,42829,548,42281,Australia,Entire home/apt,1,0,120,22,9,10,9,t,1
9885135,42829,861,41968,Australia,Entire home/apt,1,1,150,11,10,10,10,f,1
6519031,42830,682,42148,Australia,Private room,1,1,80,15,10,10,10,t,1
17332584,42830,108,42722,Australia,Private room,1,1,80,0,,,,f,1
16022346,42829,532,42297,Australia,Private room,2,1,69,3,10,9,10,f,1
5993432,42830,1738,41092,Australia,Entire home/apt,1,1,130,88,9,10,9,f,1
10058540,42829,1003,41826,Australia,Entire home/apt,1,1,130,1,10,,,f,1
7830350,42829,1033,41796,Australia,Private room,2,1,60,0,,,,f,1
15956224,42830,1086,41744,Australia,Entire home/apt,1,1,255,23,10,10,10,f,1
16373280,42829,184,42645,Australia,Private room,1,1,70,2,7,10,10,f,1
5339994,42829,784,42045,Australia,Entire home/apt,1,1,223,9,7,10,9,f,1
9599820,42829,894,41935,Australia,Entire home/apt,1,1,100,7,8,10,8,t,1
11107170,42829,422,42407,Australia,Entire home/apt,1,1,225,5,10,10,10,f,1
17880613,42829,1452,41377,Australia,Entire home/apt,1,1,100,0,,,,t,1
16766508,42829,187,42642,Australia,Entire home/apt,1,1,169,5,9,10,10,t,1
13424192,42829,989,41840,Australia,Entire home/apt,1,1,150,1,10,10,10,f,1
2152012,42829,1197,41632,Australia,Entire home/apt,1,1,200,26,8,10,9,f,1
17749559,42829,882,41947,Australia,Entire home/apt,1,1,168,0,,,,t,1
12310127,42829,692,42137,Australia,Entire home/apt,1,2,265,5,8,9,8,f,1
16546700,42829,1735,41094,Australia,Entire home/apt,1,1,300,0,,,,t,1
14809363,42830,219,42611,Australia,Entire home/apt,1.5,3,451,0,,,,t,1
14055701,42830,262,42568,Australia,Private room,1,1,63,23,9,10,10,f,1
12244634,42829,364,42465,Australia,Private room,1,1,89,0,,,,f,1
8763617,42829,1299,41530,Australia,Entire home/apt,1,1,100,11,9,10,9,f,1
14997147,42829,856,41973,Australia,Entire home/apt,1,0,150,8,9,10,9,f,1
16207477,42829,1090,41739,Australia,Entire home/apt,2.5,3,800,1,8,8,8,f,1
17684146,42829,1131,41698,Australia,Private room,1,1,175,2,10,10,10,t,1
16619949,42830,1513,41317,Australia,Private room,2,1,100,0,,,,t,1
1292602,42829,1384,41445,Australia,Entire home/apt,1,1,116,137,8,9,9,t,1
17464241,42829,999,41830,Australia,Entire home/apt,1,1,190,2,10,10,10,f,1
6215442,42829,1043,41786,Australia,Entire home/apt,1,1,300,0,,,,f,1
16087986,42829,493,42336,Australia,Entire home/apt,1,2,270,3,8,10,9,f,1
6582016,42830,1582,41248,Australia,Entire home/apt,1,1,156,0,,,,f,1
15891367,42829,146,42683,Australia,Entire home/apt,1,3,201,8,10,10,10,f,1
17225499,42829,297,42532,Australia,Private room,1,1,70,0,,,,t,1
513859,42829,2155,40674,Australia,Entire home/apt,1,1,99,3,6,10,7,f,1
9096715,42829,593,42236,Australia,Private room,1.5,1,60,3,6,6,5,f,1
16113462,42829,139,42690,Australia,Private room,1,1,80,2,8,10,10,f,1
16019104,42830,550,42280,Australia,Entire home/apt,1,2,250,0,,,,f,1
10934117,42829,550,42279,Australia,Entire home/apt,1,3,230,65,9,10,9,f,1
16152887,42829,1570,41259,Australia,Private room,1,1,50,0,,,,f,1
12113743,42829,713,42116,Australia,Entire home/apt,1,2,110,0,,,,f,1
16045934,42829,135,42694,Australia,Private room,1,1,60,0,,,,t,1
7788390,42829,604,42225,Australia,Entire home/apt,1,0,110,12,9,10,9,f,1
17405109,42830,42,42788,Australia,Private room,1,1,79,3,9,9,10,f,1
9828674,42830,930,41900,Australia,Private room,1,1,100,2,10,6,8,f,1
17684367,42829,337,42492,Australia,Private room,1,1,70,0,,,,f,1
15456134,42829,175,42654,Australia,Entire home/apt,1,1,141,1,10,,,t,1
9099164,42829,1232,41597,Australia,Private room,1,1,75,0,,,,f,1
13072704,42830,1149,41681,Australia,Private room,1,1,60,2,,,,t,1
17684366,42829,1338,41491,Australia,Private room,1,1,70,0,,,,f,1
16373701,42829,111,42718,Australia,Private room,1,1,74,0,,,,f,1
3659724,42829,1013,41816,Australia,Private room,1,1,85,1,10,10,8,f,1
10320891,42829,1666,41163,Australia,Entire home/apt,1,1,159,2,6,10,7,f,1
6250945,42829,702,42127,Australia,Entire home/apt,2,2,300,0,,,,f,1
4487510,42830,981,41849,Australia,Private room,1,1,75,50,9,10,9,f,1
14842889,42829,216,42613,Australia,Entire home/apt,1.5,2,220,15,9,9,9,f,1
17225758,42829,513,42316,Australia,Entire home/apt,1,0,112,2,10,10,10,t,1
14473250,42829,1051,41778,Australia,Entire home/apt,2,2,198,0,,,,f,1
4708409,42829,1492,41337,Australia,Entire home/apt,1,1,176,44,10,10,10,f,1
11172884,42829,1466,41363,Australia,Private room,1,1,85,22,10,10,10,f,1
11303978,42829,944,41885,Australia,Private room,1.5,1,55,7,7,9,8,f,1
16146206,42829,193,42636,Australia,Private room,1.5,1,80,0,,,,f,1
17946780,42829,1056,41773,Australia,Entire home/apt,1,0,125,0,,,,f,1
16677226,42830,993,41837,Australia,Private room,2,1,95,5,10,10,10,f,1
14997645,42829,954,41875,Australia,Entire home/apt,1,3,340,43,9,10,9,f,1
7919747,42829,1322,41507,Australia,Private room,1,1,58,38,10,10,10,t,1
15101767,42830,486,42344,Australia,Entire home/apt,2,1,187,0,,,,f,1
4560057,42829,978,41851,Australia,Entire home/apt,1,0,119,27,9,10,9,f,1
16022637,42829,850,41979,Australia,Entire home/apt,1,2,250,1,10,10,10,f,1
11458735,42829,1098,41731,Australia,Private room,1,1,309,0,,,,f,1
15301692,42829,188,42641,Australia,Private room,1,1,38,3,7,10,9,f,1
3964040,42829,1043,41786,Australia,Entire home/apt,1,1,250,1,8,10,8,f,1
11327691,42829,917,41912,Australia,Entire home/apt,1,1,116,6,9,10,10,f,1
12376261,42829,1313,41516,Australia,Entire home/apt,1,1,179,70,9,10,9,t,1
14342364,42829,1279,41550,Australia,Entire home/apt,1,1,125,0,,,,f,1
16373998,42829,111,42718,Australia,Entire home/apt,1,1,148,21,10,10,9,f,1
6651040,42829,1581,41248,Australia,Entire home/apt,1,1,166,2,9,10,10,f,1
16366914,42830,272,42558,Australia,Entire home/apt,1,1,399,0,,,,f,1
16046333,42829,527,42302,Australia,Entire home/apt,1,0,129,17,10,10,10,f,1
11244742,42829,605,42224,Australia,Private room,1,1,66,1,,,,f,1
17333443,42829,859,41970,Australia,Entire home/apt,1,0,111,0,,,,f,1
9206149,42830,981,41849,Australia,Private room,1,1,100,2,10,10,9,f,1
4583810,42829,871,41958,Australia,Entire home/apt,1,0,69,0,,,,f,1
13270226,42829,378,42451,Australia,Private room,2,1,29,0,,,,t,1
13752666,42829,280,42549,Australia,Private room,1,1,100,2,9,10,10,f,1
14031376,42829,406,42423,Australia,Entire home/apt,2,3,431,0,,,,f,1
16743642,42829,664,42165,Australia,Private room,1,1,85,5,8,10,8,f,1
16243039,42829,1447,41382,Australia,Private room,1,1,100,2,7,10,9,f,1
17946959,42829,1255,41574,Australia,Entire home/apt,1,1,110,0,,,,f,1
6454509,42829,1581,41248,Australia,Entire home/apt,1,1,170,3,8,10,9,f,1
6169666,42829,876,41953,Australia,Entire home/apt,2,1,200,9,9,10,10,f,1
9795026,42829,2104,40725,Australia,Entire home/apt,1,1,130,3,9,10,9,f,1
12835241,42829,477,42352,Australia,Entire home/apt,1,1,91,3,10,10,9,f,1
6651153,42829,1581,41248,Australia,Entire home/apt,1,1,161,3,8,9,8,f,1
17333508,42829,2301,40528,Australia,Private room,1,1,75,2,10,10,10,f,1
17726744,42829,1106,41723,Australia,Private room,1,1,80,0,,,,t,1
15301914,42829,405,42424,Australia,Entire home/apt,1,0,89,5,9,10,8,f,1
16416038,42829,1285,41544,Australia,Entire home/apt,1,1,128,6,10,10,10,f,1
818471,42829,1585,41244,Australia,Entire home/apt,1,1,315,20,9,10,9,f,1
15915460,42829,977,41852,Australia,Entire home/apt,1,1,280,0,,,,f,1
556348,42829,2022,40807,Australia,Entire home/apt,1,1,215,0,,,,f,1
9334865,42830,1739,41091,Australia,Entire home/apt,2,2,399,0,,,,f,1
12311006,42829,719,42110,Australia,Private room,1,1,63,4,7,10,10,t,1
11500873,42829,1110,41719,Australia,Entire home/apt,1,1,100,0,,,,f,1
13466968,42829,490,42339,Australia,Private room,1.5,1,85,0,,,,t,1
9886193,42829,1098,41731,Australia,Private room,1,1,141,0,,,,t,1
17464669,42829,37,42792,Australia,Entire home/apt,2,2,299,0,,,,t,1
4145041,42829,949,41880,Australia,Entire home/apt,1,1,145,39,9,10,9,f,1
10911125,42829,645,42184,Australia,Entire home/apt,2,2,219,20,10,10,10,f,1
15121530,42830,203,42627,Australia,Private room,1,1,74,1,10,10,10,f,1
11828631,42829,385,42444,Australia,Private room,1,1,41,2,10,10,10,f,1
14187939,42829,1051,41778,Australia,Entire home/apt,2,2,246,9,9,10,9,f,1
16046692,42829,458,42371,Australia,Shared room,1,1,60,5,7,10,9,f,1
13425253,42829,869,41960,Australia,Private room,2,1,64,0,,,,t,1
8617383,42829,681,42148,Australia,Entire home/apt,1,1,140,83,10,10,10,f,1
6019699,42829,761,42068,Australia,Entire home/apt,1,1,121,0,,,,t,1
9862593,42829,933,41896,Australia,Entire home/apt,1,2,229,2,9,10,9,f,1
2284144,42829,1213,41616,Australia,Entire home/apt,1,1,275,0,,,,f,1
6019710,42829,1704,41125,Australia,Entire home/apt,1,2,280,1,10,8,10,f,1
6651338,42829,1581,41248,Australia,Entire home/apt,1,1,161,4,6,8,6,f,1
17464783,42829,37,42792,Australia,Entire home/apt,1,1,299,0,,,,t,1
16350670,42829,1733,41096,Australia,Entire home/apt,1,1,320,2,10,10,10,f,1
7503324,42829,1646,41183,Australia,Private room,1.5,1,50,0,,,,f,1
5995948,42829,1421,41408,Australia,Private room,1,1,180,142,9,10,9,t,1
16046744,42829,665,42164,Australia,Entire home/apt,1,0,109,5,10,10,10,f,1
17530341,42829,1618,41211,Australia,Entire home/apt,1,1,130,1,10,10,10,f,1
6871716,42829,915,41914,Australia,Entire home/apt,1,1,215,9,10,10,10,f,1
15498732,42829,399,42430,Australia,Entire home/apt,1,1,250,1,4,8,8,f,1
16088559,42829,133,42696,Australia,Private room,1,1,222,0,,,,f,1
11262636,42829,1345,41484,Australia,Entire home/apt,2,2,200,5,10,10,10,f,1
15695352,42829,802,42027,Australia,Private room,1.5,1,90,1,2,10,2,f,1
2218678,42829,1493,41336,Australia,Private room,1,1,95,43,10,10,10,f,1
16547325,42829,1313,41516,Australia,Entire home/apt,2,2,1100,0,,,,f,1
6650317,42830,1582,41248,Australia,Entire home/apt,2,2,225,1,10,10,10,f,1
17226472,42829,51,42778,Australia,Private room,1,1,55,1,10,10,10,f,1
16743960,42829,189,42640,Australia,Entire home/apt,1,2,269,11,9,10,9,t,1
17836687,42829,2113,40716,Australia,Entire home/apt,1,0,160,0,,,,t,1
16678430,42829,125,42704,Australia,Shared room,1,1,80,1,8,10,8,f,1
6651432,42829,1581,41248,Australia,Entire home/apt,1,1,161,0,,,,f,1
6454822,42829,1581,41248,Australia,Entire home/apt,1,1,170,1,10,10,8,f,1
17033821,42829,1528,41301,Australia,Private room,1,1,55,1,10,10,10,f,1
5862046,42830,1553,41277,Australia,Entire home/apt,1,0,141,8,10,10,10,f,1
16547392,42829,1001,41828,Australia,Entire home/apt,1,1,125,3,8,9,9,f,1
6790798,42829,663,42166,Australia,Private room,1,1,55,1,10,10,8,f,1
15331992,42830,1089,41741,Australia,Entire home/apt,1,1,155,2,10,10,10,f,1
16678491,42829,540,42289,Australia,Private room,1,1,104,5,10,10,10,f,1
15692441,42830,620,42210,Australia,Entire home/apt,1,0,116,1,,,,t,1
17724933,42829,963,41866,Australia,Entire home/apt,1,1,201,0,,,,f,1
15850277,42829,149,42680,Australia,Entire home/apt,2,2,495,0,,,,f,1
16219748,42829,1029,41800,Australia,Entire home/apt,1,1,201,0,,,,f,1
267536,42829,2101,40728,Australia,Private room,1,1,75,29,10,9,9,f,1
11501167,42829,769,42060,Australia,Entire home/apt,1,0,160,9,10,10,10,f,1
12457236,42829,1916,40913,Australia,Private room,2,1,80,2,10,10,10,f,1
9666153,42829,1099,41730,Australia,Private room,2,1,89,7,9,9,9,t,1
8614722,42830,604,42226,Australia,Private room,1,1,185,0,,,,t,1
4459434,42829,1686,41143,Australia,Private room,1,1,100,90,9,10,9,f,1
15978299,42829,2028,40801,Australia,Entire home/apt,1,2,261,2,10,10,8,f,1
10388637,42829,455,42374,Australia,Shared room,2,1,69,0,,,,f,1
15063916,42829,201,42628,Australia,Private room,1,1,60,14,10,10,10,f,1
8509638,42830,1124,41706,Australia,Private room,1,1,95,13,10,10,10,f,1
13163387,42829,316,42513,Australia,Entire home/apt,1,1,166,3,10,9,9,t,1
13163389,42829,316,42513,Australia,Entire home/apt,1,2,290,4,9,9,9,t,1
15653768,42829,231,42598,Australia,Entire home/apt,1,1,250,21,10,10,9,f,1
11825972,42830,961,41869,Australia,Entire home/apt,1,2,191,4,10,10,10,f,1
777112,42829,1608,41221,Australia,Private room,1,1,60,1,6,10,6,f,1
11026375,42829,1736,41093,Australia,Entire home/apt,1,1,121,8,9,10,9,f,1
17947558,42829,1700,41129,Australia,Entire home/apt,1,1,150,0,,,,t,1
16291103,42829,117,42712,Australia,Private room,2,1,64,3,6,9,9,f,1
16809653,42829,78,42751,Australia,Private room,1,1,90,2,8,10,10,f,1
17750946,42829,766,42063,Australia,Private room,1,1,91,0,,,,t,1
18013119,42829,1794,41035,Australia,Private room,1,1,100,0,,,,f,1
835531,42829,1842,40987,Australia,Entire home/apt,1,0,98,19,9,10,9,f,1
16243619,42829,1631,41198,Australia,Entire home/apt,1.5,2,183,1,10,8,8,f,1
16178126,42829,627,42202,Australia,Private room,3,1,70,2,8,10,9,f,1
17530603,42829,943,41886,Australia,Private room,1,1,400,2,7,9,9,f,1
10345445,42829,456,42373,Australia,Private room,2,1,91,28,10,9,10,f,1
8641495,42829,553,42276,Australia,Entire home/apt,2,1,80,0,,,,f,1
777184,42829,1608,41221,Australia,Entire home/apt,1,0,180,98,9,10,9,f,1
16833517,42829,129,42700,Australia,Entire home/apt,1,2,225,9,6,10,8,t,1
17792774,42829,1659,41170,Australia,Private room,1,0,110,3,8,9,9,t,1
16112633,42829,2106,40723,Australia,Entire home/apt,1,1,219,0,,,,f,1
5700098,42830,749,42081,Australia,Private room,2,1,75,3,10,10,10,f,1
15761200,42829,681,42148,Australia,Private room,1,1,80,11,10,10,10,t,1
16416566,42829,108,42721,Australia,Private room,1,,110,0,,,,f,1
6455098,42829,1581,41248,Australia,Entire home/apt,1.5,1,181,0,,,,f,1
10935365,42829,1611,41218,Australia,Shared room,1,1,50,2,10,10,10,f,1
9928520,42829,1777,41052,Australia,Entire home/apt,1,1,270,4,10,10,10,f,1
4882272,42829,833,41996,Australia,Private room,1.5,1,75,0,,,,f,1
12615534,42829,609,42220,Australia,Private room,1,1,64,1,10,10,10,f,1
6020208,42829,1373,41456,Australia,Private room,1,1,50,0,,,,f,1
16220022,42829,1102,41727,Australia,Entire home/apt,1,1,100,1,10,10,8,f,1
5299357,42829,854,41975,Australia,Entire home/apt,2,2,399,19,10,10,9,t,1
17792888,42829,439,42390,Australia,Entire home/apt,1,1,90,0,,,,t,1
11590817,42829,2225,40604,Australia,Entire home/apt,1,1,95,8,9,10,9,f,1
7988159,42829,592,42237,Australia,Entire home/apt,1,1,180,41,10,9,9,f,1
9797536,42829,487,42342,Australia,Entire home/apt,1,1,75,6,10,10,10,f,1
15129777,42829,1620,41209,Australia,Entire home/apt,1,0,80,3,10,10,10,t,1
7831457,42829,1390,41439,Australia,Private room,1,1,80,17,9,10,9,f,1
449750,42829,1813,41016,Australia,Private room,1,1,150,162,9,10,9,f,1
9334795,42830,1496,41334,Australia,Entire home/apt,1,1,100,2,8,8,8,f,1
5364954,42829,1227,41602,Australia,Entire home/apt,1,1,110,1,,,,f,1
10476759,42829,702,42127,Australia,Private room,1,1,105,35,10,10,10,f,1
16964825,42829,1959,40870,Australia,Entire home/apt,1,2,191,5,10,10,10,f,1
4805682,42829,1375,41454,Australia,Entire home/apt,1,0,169,29,9,10,9,f,1
15761347,42829,420,42409,Australia,Private room,1,1,66,9,10,10,10,f,1
6455256,42829,1581,41248,Australia,Entire home/apt,1,0,130,0,,,,f,1
10476822,42829,815,42014,Australia,Private room,1,1,169,0,,,,f,1
16220134,42829,123,42706,Australia,Private room,3,1,41,1,8,10,8,t,1
3005749,42829,1672,41157,Australia,Entire home/apt,1,1,85,2,10,10,9,f,1
14843882,42829,375,42454,Australia,Entire home/apt,2,2,300,32,10,10,10,t,1
6020413,42829,1715,41114,Australia,Entire home/apt,1,1,420,6,10,10,10,f,1
10911736,42829,1179,41650,Australia,Private room,1,1,80,1,10,10,10,f,1
13426021,42829,418,42411,Australia,Entire home/apt,1,2,148,52,7,9,8,t,1
6586367,42829,1462,41367,Australia,Private room,1,1,66,3,9,9,9,f,1
9566775,42829,1369,41460,Australia,Entire home/apt,1,1,275,0,,,,f,1
14671566,42829,226,42603,Australia,Entire home/apt,1,1,200,1,,,,f,1
9756003,42829,1179,41650,Australia,Entire home/apt,1,1,91,4,10,10,10,f,1
8025415,42830,1084,41746,Australia,Entire home/apt,2,2,349,0,,,,f,1
13271416,42829,928,41901,Australia,Private room,1,1,55,4,9,10,9,f,1
6455331,42829,1581,41248,Australia,Entire home/apt,1,0,128,4,8,10,9,f,1
9957416,42830,1589,41241,Australia,Private room,1,1,59,2,10,9,9,f,1
16089157,42829,1333,41496,Australia,Private room,2,1,85,0,,,,t,1
17292697,42829,387,42442,Australia,Private room,1,1,70,2,10,10,8,f,1
17423794,42829,1777,41052,Australia,Entire home/apt,2,3,349,0,,,,f,1
11108435,42829,594,42235,Australia,Private room,1,1,80,5,6,10,6,f,1
11656611,42829,808,42021,Australia,Private room,1,1,85,16,10,10,10,f,1
3325967,42829,1077,41752,Australia,Entire home/apt,1,1,140,11,9,10,9,f,1
6455392,42829,1581,41248,Australia,Entire home/apt,1,1,180,1,,,,f,1
1286416,42829,1391,41438,Australia,Entire home/apt,2,1,420,5,10,10,10,f,1
16351337,42829,118,42711,Australia,Private room,1,1,69,10,10,10,10,f,1
14712951,42829,875,41954,Australia,Private room,1,1,60,11,9,10,9,f,1
13467776,42829,297,42532,Australia,Private room,1,1,56,1,4,8,8,f,1
15719888,42829,160,42669,Australia,Entire home/apt,2,4,300,1,10,10,8,f,1
1957332,42829,1232,41597,Australia,Private room,1,1,127,20,10,10,9,f,1
6979734,42829,1681,41148,Australia,Private room,0.5,1,149,0,,,,f,1
11394547,42829,841,41988,Australia,Entire home/apt,1,1,200,3,9,10,9,f,1
17161694,42829,1091,41738,Australia,Private room,1,1,100,2,10,10,10,t,1
2982035,42829,1097,41732,Australia,Entire home/apt,1,0,140,16,10,10,9,f,1
6455470,42829,1581,41248,Australia,Entire home/apt,1,1,172,0,,,,f,1
11892319,42829,567,42262,Australia,Entire home/apt,1,1,160,1,10,10,4,f,1
16416940,42829,561,42268,Australia,Private room,1,1,135,3,10,10,10,f,1
15171769,42829,1434,41395,Australia,Entire home/apt,1,1,149,2,10,10,10,f,1
13598913,42829,441,42388,Australia,Entire home/apt,1,2,250,7,7,10,7,f,1
9100858,42829,934,41895,Australia,Entire home/apt,2.5,3,349,1,10,10,10,f,1
16548041,42829,1715,41114,Australia,Entire home/apt,2,1,800,0,,,,f,1
10739265,42829,684,42145,Australia,Private room,1,1,70,15,9,9,9,f,1
17531082,42829,1431,41398,Australia,Private room,1,1,121,3,10,10,10,f,1
9797837,42829,508,42321,Australia,Private room,1,1,160,1,10,10,8,t,1
8356076,42829,975,41854,Australia,Entire home/apt,1,1,149,1,10,10,10,f,1
14671431,42829,1715,41114,Australia,Entire home/apt,2,2,495,0,,,,f,1
16220383,42829,805,42024,Australia,Entire home/apt,1,1,180,24,10,10,10,t,1
11656789,42829,467,42362,Australia,Entire home/apt,1,1,179,11,10,10,10,t,1
14450926,42829,514,42315,Australia,Private room,1,1,400,2,10,10,10,f,1
8954340,42829,572,42257,Australia,Entire home/apt,1,1,60,1,,,,f,1
8356072,42829,1573,41256,Australia,Private room,2,1,50,32,7,9,8,f,1
15958245,42829,745,42084,Australia,Entire home/apt,1,1,107,1,8,10,10,f,1
16768620,42829,636,42193,Australia,Private room,1.5,1,60,1,10,10,10,t,1
11460224,42829,405,42424,Australia,Shared room,4,1,35,0,,,,t,1
15958308,42829,972,41857,Australia,Private room,1,1,75,4,9,9,9,f,1
17465659,42829,1637,41192,Australia,Entire home/apt,1,2,176,0,,,,f,1
6650477,42830,1582,41248,Australia,Entire home/apt,2,2,280,4,9,9,9,f,1
11829573,42829,1426,41403,Australia,Entire home/apt,1,1,145,2,10,10,10,f,1
7790239,42829,1090,41739,Australia,Entire home/apt,1,0,141,2,9,10,9,f,1
14147273,42829,429,42400,Australia,Entire home/apt,2,3,349,28,9,10,9,f,1
6455603,42829,1581,41248,Australia,Entire home/apt,1,1,156,0,,,,f,1
16441039,42829,417,42412,Australia,Entire home/apt,1,3,399,1,10,10,10,f,1
14016180,42829,263,42566,Australia,Entire home/apt,1,1,180,32,9,9,9,t,1
15892819,42829,526,42303,Australia,Private room,1,1,97,17,10,10,10,f,1
1629891,42829,1306,41523,Australia,Private room,1,1,79,11,8,9,9,f,1
8356193,42829,713,42116,Australia,Entire home/apt,1,1,249,3,9,9,10,f,1
16085094,42830,134,42696,Australia,Entire home/apt,1,0,99,6,10,10,9,f,1
16178907,42829,378,42451,Australia,Entire home/apt,2.5,3,451,4,9,10,10,f,1
11954921,42829,379,42450,Australia,Entire home/apt,1,1,60,4,10,10,10,f,1
3596014,42829,1574,41255,Australia,Entire home/apt,1,1,156,44,9,10,9,f,1
6455664,42829,1581,41248,Australia,Entire home/apt,2,2,210,2,7,7,7,f,1
11895147,42829,1064,41765,Australia,Entire home/apt,1,1,269,77,9,10,9,t,1
5816827,42829,737,42092,Australia,Private room,1,1,135,6,10,10,9,f,1
15589120,42829,672,42157,Australia,Private room,1,1,120,2,9,10,9,f,1
17227521,42829,1680,41149,Australia,Private room,1,1,91,0,,,,f,1
6530351,42829,1581,41248,Australia,Entire home/apt,1,2,155,4,9,9,9,f,1
6390168,42829,692,42137,Australia,Shared room,1,1,35,0,,,,f,1
7790340,42829,1090,41739,Australia,Entire home/apt,1,1,135,0,,,,f,1
501038,42829,1774,41055,Australia,Entire home/apt,1,1,91,203,10,9,10,f,1
17793442,42829,818,42011,Australia,Entire home/apt,1,2,149,0,,,,f,1
3006222,42829,1344,41485,Australia,Entire home/apt,1,2,191,19,9,10,9,f,1
12812727,42829,793,42036,Australia,Private room,1,1,110,13,9,10,9,t,1
16642926,42829,1217,41612,Australia,Entire home/apt,1,1,166,19,10,9,9,t,1
17269191,42829,49,42780,Australia,Entire home/apt,2,3,347,3,10,10,9,t,1
15859394,42830,1720,41110,Australia,Private room,1,1,64,11,10,10,10,t,1
7027828,42830,900,41930,Australia,Entire home/apt,1,2,196,15,10,10,10,f,1
16286231,42829,195,42634,Australia,Entire home/apt,1,1,121,27,9,10,9,t,1
13562321,42830,1398,41432,Australia,Entire home/apt,1,1,162,20,8,10,8,f,1
8380988,42829,1288,41541,Australia,Private room,1.5,1,85,67,10,9,10,t,1
15630913,42829,909,41920,Australia,Entire home/apt,1,0,121,3,10,10,10,t,1
11698734,42829,404,42425,Australia,Entire home/apt,2,3,185,23,9,10,10,f,1
14516769,42829,1313,41516,Australia,Entire home/apt,1,0,164,54,9,10,9,t,1
5469846,42829,1106,41723,Australia,Entire home/apt,1,1,98,3,8,10,10,f,1
17269322,42829,1969,40860,Australia,Entire home/apt,1,1,249,1,10,10,10,t,1
7438903,42829,720,42109,Australia,Entire home/apt,1,1,125,1,8,8,6,t,1
16482914,42829,2038,40791,Australia,Private room,1,0,130,2,10,10,10,f,1
13468279,42829,2375,40454,Australia,Entire home/apt,2,2,143,5,8,9,8,f,1
16745047,42829,881,41948,Australia,Entire home/apt,1,0,149,13,10,10,10,f,1
16548477,42829,1925,40904,Australia,Entire home/apt,1,2,210,3,9,10,10,t,1
5732002,42830,746,42084,Australia,Entire home/apt,2,2,95,0,,,,f,1
3965595,42829,982,41847,Australia,Private room,1,1,100,0,,,,t,1
15565465,42829,1046,41783,Australia,Private room,1,1,89,1,10,10,10,f,1
4358813,42829,1001,41828,Australia,Private room,1,1,92,7,9,10,8,t,1
12812962,42829,338,42491,Australia,Entire home/apt,2,2,110,1,6,8,8,f,1
14925384,42829,527,42302,Australia,Entire home/apt,1,0,102,29,10,10,9,t,1
1016503,42829,1472,41357,Australia,Entire home/apt,1,1,132,5,9,10,9,f,1
6582437,42830,1582,41248,Australia,Entire home/apt,1,1,162,2,7,10,8,f,1
16220847,42829,280,42549,Australia,Private room,2,1,66,1,10,10,10,f,1
15424010,42829,1487,41342,Australia,Entire home/apt,1,1,120,25,9,9,10,f,1
2401268,42829,1291,41538,Australia,Entire home/apt,1,2,150,7,9,10,9,f,1
16417476,42829,497,42332,Australia,Private room,1,3,52,1,10,10,10,f,1
2327229,42829,1370,41459,Australia,Entire home/apt,1,1,135,77,9,9,10,f,1
9798359,42829,637,42192,Australia,Entire home/apt,1,1,176,1,10,10,10,f,1
4358889,42829,993,41836,Australia,Private room,2,1,69,10,7,10,8,f,1
16679670,42829,797,42032,Australia,Entire home/apt,1,1,109,6,9,10,9,t,1
3900144,42829,1775,41054,Australia,Entire home/apt,1,,210,47,9,10,9,f,1
17597175,42829,525,42304,Australia,Private room,2,1,55,1,,,,f,1
14844666,42829,1721,41108,Australia,Private room,1,1,138,26,10,10,10,f,1
9601784,42829,501,42328,Australia,Private room,1,1,80,79,10,9,9,f,1
16548631,42829,629,42200,Australia,Private room,1.5,1,56,1,10,10,10,f,1
10126101,42829,469,42360,Australia,Entire home/apt,1,0,128,26,8,10,9,f,1
9282628,42829,1413,41416,Australia,Private room,1,1,150,0,,,,f,1
12682014,42829,966,41863,Australia,Private room,1,1,48,5,8,9,10,f,1
6914854,42829,655,42174,Australia,Private room,1,1,75,34,10,10,10,f,1
10581689,42829,1728,41101,Australia,Private room,1,1,121,15,10,10,10,f,1
16089901,42829,693,42136,Australia,Private room,1,1,69,0,,,,f,1
6454611,42830,1582,41248,Australia,Entire home/apt,1,1,167,1,4,10,8,f,1
9667405,42829,1457,41372,Australia,Entire home/apt,1,1,160,16,9,9,8,f,1
8373169,42830,2130,40700,Australia,Entire home/apt,2,3,200,1,10,10,10,f,1
3769178,42829,1450,41379,Australia,Entire home/apt,2,3,160,4,8,9,9,f,1
5022943,42829,814,42015,Australia,Entire home/apt,1,1,155,8,10,10,10,f,1
16360677,42829,921,41908,Australia,Entire home/apt,2,3,554,9,10,10,10,f,1
14491328,42829,236,42593,Australia,Entire home/apt,2,2,245,27,8,9,8,f,1
17999084,42829,488,42341,Australia,Entire home/apt,1,1,150,0,,,,f,1
10191753,42829,1581,41248,Australia,Entire home/apt,1,1,161,1,10,10,10,f,1
11102500,42829,2120,40709,Australia,Entire home/apt,1,1,176,3,10,10,10,f,1
13363100,42829,1110,41719,Australia,Private room,1.5,1,90,2,9,10,9,f,1
14841590,42829,608,42221,Australia,Entire home/apt,1,1,125,6,9,8,10,f,1
7570343,42829,1218,41611,Australia,Entire home/apt,1,1,201,7,9,10,10,f,1
10484700,42829,1202,41627,Australia,Private room,3,1,55,1,10,10,10,f,1
14189498,42829,252,42577,Australia,Shared room,8,1,45,16,7,10,9,f,1
9995212,42829,1203,41626,Australia,Entire home/apt,1,1,281,0,,,,f,1
10396496,42829,461,42368,Australia,Private room,1,1,59,10,9,9,9,f,1
13365572,42830,2122,40708,Australia,Private room,1,1,141,0,,,,f,1
4883406,42829,42829,,Australia,Entire home/apt,1,2,197,105,10,10,9,t,1
7590691,42830,708,42122,Australia,Entire home/apt,1,0,91,24,10,10,10,f,1
17003445,42830,70,42760,Australia,Entire home/apt,1,1,100,1,10,10,10,f,1
15693563,42829,407,42422,Australia,Entire home/apt,1,2,450,3,9,10,8,f,1
17002280,42830,65,42765,Australia,Private room,1,1,75,1,10,10,10,t,1
14841612,42829,272,42557,Australia,Entire home/apt,2,2,311,23,10,10,10,t,1
17854983,42830,1249,41581,Australia,Shared room,1.5,1,35,0,,,,f,1
10057497,42829,1381,41448,Australia,Entire home/apt,1,1,130,10,10,10,10,f,1
15136320,42830,766,42064,Australia,Entire home/apt,1,2,399,1,2,10,10,f,1
5014795,42829,1974,40855,Australia,Entire home/apt,1,2,180,12,10,9,9,f,1
7439629,42829,1284,41545,Australia,Entire home/apt,1,1,140,11,9,9,9,f,1
12027151,42829,817,42012,Australia,Private room,1,1,60,3,5,9,9,f,1
4093513,42830,937,41893,Australia,Private room,2,1,60,0,,,,f,1
10254115,42829,462,42367,Australia,Shared room,2,1,90,1,2,2,2,f,1
15500580,42829,2043,40786,Australia,Private room,1,1,119,12,9,9,9,f,1
11568438,42829,913,41916,Australia,Entire home/apt,1,2,260,4,8,10,8,f,1
17466680,42829,789,42040,Australia,Entire home/apt,1,1,169,0,,,,f,1
17466682,42829,58,42771,Australia,Private room,2,2,60,0,,,,f,1
1341183,42829,1370,41459,Australia,Private room,1.5,1,90,220,9,10,9,f,1
11190498,42829,1737,41092,Australia,Entire home/apt,1,2,195,4,10,10,10,f,1
15566175,42829,253,42576,Australia,Entire home/apt,1,0,111,6,10,10,10,t,1
4106027,42830,935,41895,Australia,Entire home/apt,2,2,300,56,10,10,10,f,1
14283303,42830,260,42570,Australia,Entire home/apt,1,1,219,1,10,10,10,f,1
13006635,42829,327,42502,Australia,Entire home/apt,0,0,45,33,,,,f,1
10257790,42829,461,42368,Australia,Entire home/apt,1,1,300,0,,,,f,1
10061148,42829,473,42356,Australia,Entire home/apt,1,2,208,91,9,10,9,t,1
4157766,42830,1801,41029,Australia,Private room,1,1,85,158,9,10,9,f,1
16221618,42829,122,42707,Australia,Entire home/apt,1,2,250,0,,,,t,1
13993389,42829,265,42564,Australia,Private room,2,1,52,0,,,,f,1
17466827,42829,210,42619,Australia,Entire home/apt,1,0,107,3,9,10,10,f,1
11568582,42829,790,42039,Australia,Entire home/apt,1,1,168,45,,,,f,1
6418766,42830,690,42140,Australia,Private room,1,1,45,0,,,,f,1
10847725,42829,508,42321,Australia,Entire home/apt,1,0,90,4,5,9,8,f,1
16580060,42830,94,42736,Australia,Private room,1,1,60,1,8,10,10,t,1
17466877,42829,1069,41760,Australia,Entire home/apt,1,1,250,1,10,10,10,f,1
8619544,42829,1568,41261,Australia,Entire home/apt,2,2,495,0,,,,f,1
5408282,42829,42829,,Australia,Entire home/apt,1,0,72,0,,,,f,1
12617234,42829,647,42182,Australia,Entire home/apt,1,1,189,4,10,10,10,f,1
17690981,42830,23,42807,Australia,Private room,1.5,1,100,1,10,10,10,t,1
14714413,42829,358,42471,Australia,Entire home/apt,3,2,1500,0,,,,f,1
14030431,42829,1095,41734,Australia,Entire home/apt,1,1,250,2,10,10,10,f,1
17503841,42829,1004,41825,Australia,Private room,1,1,75,3,8,9,9,f,1
7207522,42830,1273,41557,Australia,Private room,1,1,75,53,10,10,10,f,1
9960981,42829,1327,41502,Australia,Private room,1,1,250,0,,,,t,1
15500904,42829,216,42613,Australia,Entire home/apt,2,2,186,11,10,10,10,t,1
3507854,42829,1004,41825,Australia,Private room,1,1,69,4,8,9,8,f,1
4425364,42829,1333,41496,Australia,Private room,1,1,60,22,10,10,10,f,1
9078409,42829,1070,41759,Australia,Entire home/apt,1,0,145,21,10,10,10,f,1
9411053,42829,42829,,Australia,Entire home/apt,2,3,400,40,9,10,10,f,1
13534892,42829,42829,,Australia,Private room,1,1,180,0,,,,f,1
16742229,42829,123,42706,Australia,Private room,2,1,135,0,,,,t,1
16302366,42829,42829,,Australia,Entire home/apt,1,1,130,4,10,10,10,f,1
9336684,42829,693,42136,Australia,Entire home/apt,1,0,90,5,6,8,8,f,1
4776730,42829,848,41981,Australia,Entire home/apt,2,3,184,0,,,,f,1
9238198,42830,520,42310,Australia,Private room,1.5,1,64,2,9,10,10,f,1
12547970,42830,497,42333,Australia,Private room,1,1,75,12,10,10,10,f,1
14972827,42829,1941,40888,Australia,Entire home/apt,1,1,229,14,9,9,8,t,1
13334215,42830,307,42523,Australia,Entire home/apt,1,2,120,4,10,10,10,f,1
9139918,42830,543,42287,Australia,Entire home/apt,1,3,200,0,,,,f,1
15660755,42830,939,41891,Australia,Private room,1,1,75,6,8,10,10,t,1
16381654,42830,680,42150,Australia,Private room,1.5,1,60,2,9,10,10,f,1
16873394,42829,856,41973,Australia,Private room,1,1,80,8,10,10,10,f,1
7607203,42830,1449,41381,Australia,Entire home/apt,1,1,200,0,,,,f,1
15369153,42829,959,41870,Australia,Private room,1,1,91,0,,,,f,1
12042406,42829,384,42445,Australia,Private room,1.5,1,80,2,10,9,10,f,1
12692174,42829,355,42474,Australia,Private room,1,1,70,5,9,10,8,f,1
4767777,42829,849,41980,Australia,Private room,1,1,116,0,,,,f,1
5166499,42829,853,41976,Australia,Entire home/apt,1,1,155,6,10,10,10,f,1
17449041,42829,1059,41770,Australia,Entire home/apt,2,2,230,0,,,,f,1
4691335,42829,970,41859,Australia,Entire home/apt,2,3,549,121,10,10,9,t,1
17630077,42829,341,42488,Australia,Entire home/apt,1.5,2,168,0,,,,t,1
11174937,42829,419,42410,Australia,Entire home/apt,1,0,76,1,6,10,8,f,1
10060839,42829,1090,41739,Australia,Entire home/apt,2,2,430,4,9,10,9,f,1
16221233,42829,1248,41581,Australia,Entire home/apt,1,2,300,2,6,8,8,t,1
15253684,42829,1155,41674,Australia,Entire home/apt,1,0,141,9,10,10,9,f,1
15959128,42829,141,42688,Australia,Entire home/apt,1,2,180,39,9,10,9,t,1
8947049,42829,535,42294,Australia,Private room,0,1,49,2,6,10,8,f,1
15107198,42829,956,41873,Australia,Private room,1,1,91,18,10,10,10,f,1
16418374,42829,1696,41133,Australia,Private room,1.5,1,160,0,,,,f,1
14321177,42829,696,42133,Australia,Private room,1,1,75,0,,,,f,1
11578282,42829,398,42431,Australia,Private room,1,1,91,25,10,10,10,t,1
17795592,42829,16,42813,Australia,Private room,1,1,120,1,8,10,10,f,1
7637525,42829,614,42215,Australia,Entire home/apt,1,1,60,1,6,6,6,t,1
7637225,42829,614,42215,Australia,Private room,1,1,100,0,,,,f,1
2000728,42829,1224,41605,Australia,Entire home/apt,5,2,600,0,,,,f,1
9996525,42829,477,42352,Australia,Entire home/apt,1,0,127,9,10,10,9,f,1
16419117,42829,611,42218,Australia,Private room,1,3,80,1,10,10,10,t,1
9497614,42829,504,42325,Australia,Entire home/apt,1,1,74,0,,,,f,1
9669025,42829,1505,41324,Australia,Entire home/apt,1.5,2,321,5,9,10,9,f,1
10914060,42829,1690,41139,Australia,Private room,2.5,1,78,0,,,,f,1
9865636,42829,1112,41717,Australia,Private room,1,1,85,1,10,10,10,f,1
17926587,42829,1905,40924,Australia,Private room,1,1,105,0,,,,t,1
16091106,42829,1239,41590,Australia,Entire home/apt,1,1,300,0,,,,f,1
3639689,42829,990,41839,Australia,Entire home/apt,1,1,235,82,10,10,10,f,1
3573929,42829,997,41832,Australia,Entire home/apt,1,1,187,1,10,8,10,f,1
17270809,42829,630,42199,Australia,Entire home/apt,1,2,198,0,,,,f,1
17336501,42829,77,42752,Australia,Entire home/apt,1,0,104,0,,,,f,1
15370614,42829,286,42543,Australia,Private room,1,1,105,36,10,10,10,t,1
15763953,42829,1185,41644,Australia,Entire home/apt,1,1,200,7,10,10,9,f,1
6785363,42829,1220,41609,Australia,Private room,1,1,75,0,,,,f,1
15764827,42829,155,42674,Australia,Private room,1,1,105,0,,,,f,1
5999550,42829,1047,41782,Australia,Private room,1.5,1,91,115,10,10,10,f,1
16419439,42829,196,42633,Australia,Entire home/apt,1,1,110,1,6,10,10,f,1
3312633,42829,1026,41803,Australia,Entire home/apt,1,0,91,1,10,10,10,f,1
4033554,42829,1002,41827,Australia,Entire home/apt,1,2,259,110,10,9,9,f,1
5933904,42829,728,42101,Australia,Entire home/apt,1,1,125,0,,,,t,1
11832417,42829,1805,41024,Australia,Entire home/apt,2,2,250,8,9,10,9,f,1
5933948,42829,728,42101,Australia,Entire home/apt,1,1,130,4,9,9,10,f,1
9079436,42829,1729,41100,Australia,Entire home/apt,1,1,180,12,10,10,10,f,1
17927190,42829,1064,41765,Australia,Entire home/apt,2,2,328,0,,,,f,1
16288794,42829,882,41947,Australia,Private room,1,1,64,2,9,10,9,f,1
15960997,42829,183,42646,Australia,Private room,2,1,120,10,10,10,10,t,1
13208906,42829,1581,41248,Australia,Entire home/apt,1,1,177,1,10,10,10,f,1
16812982,42829,236,42593,Australia,Entire home/apt,2,2,420,3,9,10,10,f,1
15961129,42829,764,42065,Australia,Entire home/apt,1,1,159,2,4,7,4,t,1
232782,42829,2051,40778,Australia,Entire home/apt,1,1,250,15,9,10,9,f,1
16813345,42829,1058,41771,Australia,Entire home/apt,1,1,110,3,10,10,10,f,1
17175171,42829,459,42370,Australia,Private room,1,1,141,4,10,10,10,f,1
14716315,42829,728,42101,Australia,Private room,1,1,250,5,10,10,10,f,1
15634732,42829,1088,41741,Australia,Private room,1,1,100,1,10,10,10,f,1
4034397,42829,943,41886,Australia,Entire home/apt,1,0,141,2,9,9,9,f,1
2919787,42829,1918,40911,Australia,Entire home/apt,1,1,139,140,10,10,10,f,1
2526860,42829,1167,41662,Australia,Private room,1,1,120,1,10,10,10,f,1
7311235,42829,727,42102,Australia,Private room,1,1,60,0,,,,f,1
15773121,42829,1777,41052,Australia,Entire home/apt,2,3,225,4,9,10,9,f,1
17797004,42829,15,42814,Australia,Entire home/apt,1,1,96,0,,,,f,1
11833868,42829,385,42444,Australia,Entire home/apt,1,2,349,25,9,10,10,t,1
6394000,42829,718,42111,Australia,Entire home/apt,1,1,91,0,,,,f,1
14653498,42829,456,42373,Australia,Private room,1,1,150,1,10,10,10,t,1
9998246,42829,477,42352,Australia,Entire home/apt,1,0,131,0,,,,f,1
560608,42829,1742,41087,Australia,Entire home/apt,1,1,91,10,9,8,9,f,1
9735882,42829,1422,41407,Australia,Private room,1,1,60,2,8,10,10,f,1
11704233,42829,391,42438,Australia,Private room,2,1,104,9,10,10,10,f,1
13537651,42829,331,42498,Australia,Private room,1,1,70,0,,,,t,1
9080994,42829,527,42302,Australia,Entire home/apt,1,0,91,27,10,10,10,t,1
11439833,42829,1346,41483,Australia,Entire home/apt,1,1,109,4,10,10,10,f,1
15044083,42829,509,42320,Australia,Private room,1.5,1,110,27,10,10,9,f,1
8360494,42829,931,41898,Australia,Entire home/apt,1,0,130,3,9,8,8,f,1
10194892,42829,464,42365,Australia,Entire home/apt,1,1,95,1,8,10,8,t,1
9552587,42829,1342,41487,Australia,Entire home/apt,1,1,200,1,10,10,10,f,1
17076422,42829,61,42768,Australia,Entire home/apt,2,1,250,0,,,,f,1
15044813,42829,208,42621,Australia,Private room,0,1,116,0,,,,f,1
11243924,42829,1370,41459,Australia,Entire home/apt,2,2,148,1,10,10,10,f,1
17535684,42829,1268,41561,Australia,Private room,1,,91,0,,,,f,1
16551896,42829,391,42438,Australia,Entire home/apt,2,3,194,13,9,10,9,t,1
13865368,42829,720,42109,Australia,Private room,1.5,1,68,6,9,10,10,f,1
16355750,42829,950,41879,Australia,Entire home/apt,2,2,200,5,10,10,10,f,1
12687280,42829,822,42007,Australia,Entire home/apt,1,1,160,5,10,10,10,f,1
7586506,42829,616,42213,Australia,Private room,1,1,130,89,9,10,9,f,1
16289772,42829,406,42423,Australia,Entire home/apt,2,2,349,0,,,,f,1
11899099,42829,909,41920,Australia,Entire home/apt,2,2,300,48,9,10,9,t,1
10392246,42829,1234,41595,Australia,Entire home/apt,1,1,145,0,,,,f,1
13144308,42829,769,42060,Australia,Entire home/apt,1,1,110,10,10,10,10,f,1
13210230,42829,905,41924,Australia,Private room,1,1,66,0,,,,f,1
16355108,42829,1064,41765,Australia,Entire home/apt,1,1,179,1,10,10,8,f,1
691570,42829,1685,41144,Australia,Entire home/apt,1,1,150,2,10,9,8,f,1
14454145,42829,1185,41644,Australia,Private room,1,1,91,14,10,9,10,f,1
5672994,42829,779,42050,Australia,Entire home/apt,1,2,191,14,9,10,9,f,1
9867300,42829,483,42346,Australia,Entire home/apt,2,2,210,1,10,10,8,f,1
3970969,42829,952,41877,Australia,Entire home/apt,2,3,575,0,,,,f,1
8431636,42829,2574,40255,Australia,Private room,1,1,99,5,10,10,10,f,1
15044681,42829,204,42625,Australia,Private room,1,1,92,7,10,10,10,t,1
17011425,42829,407,42422,Australia,Entire home/apt,1,1,125,12,10,10,10,t,1
13701976,42829,1297,41532,Australia,Entire home/apt,1.5,2,200,11,10,10,10,f,1
9868730,42829,483,42346,Australia,Private room,1,1,50,0,,,,f,1
10195817,42829,1581,41248,Australia,Entire home/apt,1,1,156,2,9,10,10,f,1
14718277,42829,1295,41534,Australia,Private room,1,1,75,2,8,10,9,f,1
6982327,42829,1099,41730,Australia,Entire home/apt,1,1,110,2,6,9,4,f,1
5281106,42829,1584,41245,Australia,Entire home/apt,1,1,349,0,,,,f,1
4297967,42829,943,41886,Australia,Entire home/apt,1,1,300,0,,,,f,1
14128140,42829,1650,41179,Australia,Entire home/apt,1,0,70,0,,,,f,1
6264152,42829,1581,41248,Australia,Entire home/apt,1,2,171,2,8,10,8,f,1
4526998,42829,1127,41702,Australia,Private room,2,1,60,3,10,9,9,f,1
5608922,42829,1263,41566,Australia,Entire home/apt,2,2,424,16,10,9,9,f,1
6853416,42829,659,42170,Australia,Entire home/apt,1,2,250,6,10,10,9,f,1
15635825,42829,623,42206,Australia,Entire home/apt,2,2,200,1,10,10,10,f,1
9868683,42829,1057,41772,Australia,Entire home/apt,2,2,240,0,,,,f,1
15439336,42829,1032,41797,Australia,Private room,1,1,110,6,9,10,9,t,1
6264334,42829,1581,41248,Australia,Entire home/apt,1,1,171,2,9,10,8,f,1
15536958,42829,586,42243,Australia,Shared room,1,1,32,4,10,10,10,t,1
16684435,42829,1135,41694,Australia,Private room,1,1,75,0,,,,t,1
8361342,42829,842,41987,Australia,Entire home/apt,1,1,159,49,10,10,10,f,1
11441680,42829,406,42423,Australia,Entire home/apt,1,1,219,6,9,9,10,f,1
4298003,42829,975,41854,Australia,Entire home/apt,1,1,148,16,8,9,8,f,1
6395390,42829,939,41890,Australia,Entire home/apt,1,1,130,1,10,8,10,f,1
9016024,42829,775,42054,Australia,Entire home/apt,1,0,145,0,,,,f,1
11572392,42829,399,42430,Australia,Entire home/apt,2,2,301,46,10,10,10,t,1
13932464,42829,969,41860,Australia,Private room,2,1,50,0,,,,t,1
15046682,42829,1100,41729,Australia,Private room,1,1,43,3,9,10,10,f,1
10524597,42829,1084,41745,Australia,Private room,1,1,85,8,10,9,10,t,1
9869120,42829,572,42257,Australia,Private room,1,1,85,1,8,10,10,f,1
7116447,42829,643,42186,Australia,Entire home/apt,1,1,150,3,8,9,9,f,1
10196931,42829,919,41910,Australia,Entire home/apt,2,1,460,0,,,,f,1
14325596,42829,244,42585,Australia,Private room,1,1,110,24,10,10,10,t,1
17995831,42829,244,42585,Australia,Entire home/apt,2,3,394,0,,,,f,1
13943752,42829,2245,40584,Australia,Private room,1,1,141,21,10,10,10,t,1
12293985,42829,467,42362,Australia,Entire home/apt,1,1,180,14,9,10,9,t,1
12633144,42829,466,42363,Australia,Private room,2,1,42,0,,,,f,1
16914496,42829,347,42482,Australia,Private room,1,1,60,0,,,,t,1
15472835,42829,174,42655,Australia,Entire home/apt,1,0,60,1,10,10,10,f,1
6265023,42829,1581,41248,Australia,Entire home/apt,1,1,135,2,10,6,7,f,1
11638712,42829,418,42411,Australia,Entire home/apt,1,0,120,88,8,9,8,t,1
15504919,42829,1264,41565,Australia,Private room,1.5,3,70,1,8,10,8,f,1
14391469,42829,864,41965,Australia,Entire home/apt,2,2,298,65,10,10,10,t,1
4561042,42829,874,41955,Australia,Entire home/apt,2,2,250,129,9,10,9,f,1
12196133,42829,393,42436,Australia,Shared room,3,1,34,6,8,9,10,f,1
3971033,42829,1583,41246,Australia,Private room,1,1,70,10,10,10,10,f,1
2660425,42829,2204,40625,Australia,Entire home/apt,1,1,160,7,9,9,9,f,1
6854176,42829,1043,41786,Australia,Entire home/apt,2,3,399,2,10,10,8,f,1
15046372,42829,208,42621,Australia,Private room,1,1,145,0,,,,f,1
10601394,42829,445,42384,Australia,Private room,1,1,55,6,8,10,10,f,1
14751295,42829,898,41931,Australia,Private room,1,1,100,0,,,,f,1
759343,42829,1631,41198,Australia,Entire home/apt,1,3,300,5,8,9,9,f,1
17536886,42829,37,42792,Australia,Entire home/apt,1,0,109,7,9,10,8,t,1
3053303,42829,1090,41739,Australia,Entire home/apt,1.5,1,200,4,6,10,8,f,1
4888444,42829,832,41997,Australia,Private room,0,1,42,1,10,10,10,f,1
14489597,42829,334,42495,Australia,Entire home/apt,1,1,250,5,10,10,9,f,1
11311097,42829,412,42417,Australia,Private room,1,1,91,4,6,10,8,t,1
15276023,42829,2019,40810,Australia,Entire home/apt,1,0,141,14,8,10,9,t,1
15440129,42829,176,42653,Australia,Private room,1,1,70,22,8,10,9,f,1
13178994,42829,321,42508,Australia,Entire home/apt,1,1,189,10,9,9,9,f,1
2397896,42829,1144,41685,Australia,Entire home/apt,1.5,2,250,2,10,10,9,f,1
4167442,42829,925,41904,Australia,Entire home/apt,1,2,93,0,,,,f,1
16324619,42829,115,42714,Australia,Entire home/apt,1,2,225,1,6,10,10,f,1
4462862,42829,913,41916,Australia,Entire home/apt,1,3,250,1,,,,t,1
4823162,42829,1289,41540,Australia,Entire home/apt,1,1,137,67,8,9,8,t,1
17930018,42829,294,42535,Australia,Private room,1,1,85,0,,,,f,1
13997859,42829,804,42025,Australia,Entire home/apt,1.5,1,130,1,10,,,f,1
11573716,42829,765,42064,Australia,Entire home/apt,1,1,100,10,8,8,9,f,1
15593279,42829,780,42049,Australia,Private room,2,1,169,17,9,10,9,f,1
5675923,42829,958,41871,Australia,Entire home/apt,1,1,145,7,9,10,10,t,1
12655535,42829,652,42177,Australia,Entire home/apt,2,2,198,33,9,10,9,t,1
16369069,42829,111,42718,Australia,Entire home/apt,1,1,150,0,,,,t,1
6822992,42829,1533,41296,Australia,Entire home/apt,2,1,141,4,10,10,10,f,1
12556815,42829,492,42337,Australia,Private room,1,1,135,8,10,10,10,t,1
12688512,42829,623,42206,Australia,Shared room,1,1,46,0,,,,f,1
9018551,42829,1493,41336,Australia,Entire home/apt,1,1,180,1,10,10,10,f,1
15975629,42829,783,42046,Australia,Entire home/apt,2,2,225,1,6,10,8,t,1
16817368,42829,287,42542,Australia,Entire home/apt,1,2,200,6,10,10,10,f,1
14654707,42829,1264,41565,Australia,Private room,1,1,300,3,7,10,9,f,1
13769975,42829,1126,41703,Australia,Entire home/apt,1,2,200,19,10,9,9,t,1
17112349,42829,1271,41558,Australia,Entire home/apt,1,1,150,1,10,10,10,f,1
11148586,42829,1925,40904,Australia,Entire home/apt,2,2,180,17,10,10,10,f,1
3054913,42829,1691,41138,Australia,Entire home/apt,1,2,130,2,9,9,8,f,1
12557623,42829,590,42239,Australia,Entire home/apt,1,1,91,36,10,10,10,f,1
17735047,42829,967,41862,Australia,Private room,1,1,75,0,,,,t,1
14130641,42829,944,41885,Australia,Private room,1,1,60,0,,,,f,1
1547664,42829,1324,41505,Australia,Entire home/apt,1,0,116,174,10,9,10,f,1
14720577,42829,2123,40706,Australia,Private room,1,1,110,14,10,10,10,f,1
12230213,42829,468,42361,Australia,Private room,1,1,125,23,10,10,10,f,1
7052876,42829,1007,41822,Australia,Entire home/apt,1,1,141,6,9,10,9,t,1
10198609,42829,1415,41414,Australia,Entire home/apt,1,2,191,17,8,9,9,f,1
11573780,42829,1859,40970,Australia,Private room,2,1,89,1,10,10,8,t,1
17145431,42829,827,42002,Australia,Private room,1,1,100,11,9,9,9,f,1
11705971,42829,604,42225,Australia,Entire home/apt,2,1,200,9,10,10,10,f,1
16916091,42829,347,42482,Australia,Private room,1,1,38,1,8,10,10,t,1
16326281,42829,393,42436,Australia,Shared room,3,1,29,5,9,9,9,f,1
17800903,42829,841,41988,Australia,Entire home/apt,1,0,230,0,,,,t,1
1942044,42829,1235,41594,Australia,Entire home/apt,1,0,300,6,10,10,9,f,1
9215728,42829,1890,40939,Australia,Entire home/apt,1,2,150,13,10,10,10,f,1
17014515,42829,1405,41424,Australia,Entire home/apt,1.5,2,198,4,10,10,10,t,1
16162550,42829,193,42636,Australia,Entire home/apt,1,1,238,33,10,10,9,t,1
17014570,42829,543,42286,Australia,Private room,1,1,70,3,10,9,8,t,1
12012516,42829,1313,41516,Australia,Entire home/apt,1,0,169,91,10,10,9,t,1
6266675,42829,1581,41248,Australia,Entire home/apt,1,1,171,1,10,10,10,f,1
7446340,42829,625,42204,Australia,Entire home/apt,1,2,349,9,9,10,8,f,1
9281368,42829,1585,41244,Australia,Entire home/apt,1,1,143,2,10,10,10,f,1
16490379,42829,1189,41640,Australia,Private room,2,1,50,1,,,,t,1
16490389,42829,1057,41772,Australia,Entire home/apt,1,1,159,2,10,10,8,f,1
1744793,42829,1352,41477,Australia,Private room,1,1,75,10,9,10,9,f,1
6266799,42829,1581,41248,Australia,Entire home/apt,1,1,162,3,9,9,9,f,1
4857787,42829,837,41992,Australia,Private room,1,1,110,17,9,10,9,f,1
15975858,42829,851,41978,Australia,Private room,1,1,91,2,10,10,10,f,1
12296206,42829,380,42449,Australia,Private room,2,1,50,1,10,8,10,f,1
2433069,42829,1183,41646,Australia,Private room,1,1,145,1,10,10,10,f,1
14983339,42829,208,42621,Australia,Private room,0,1,91,0,,,,f,1
12689569,42829,1313,41516,Australia,Entire home/apt,1,1,124,54,8,9,9,t,1
11641023,42829,1098,41731,Australia,Entire home/apt,1,1,180,3,10,10,10,t,1
16818403,42829,347,42482,Australia,Private room,1,1,55,10,7,9,9,t,1
4825345,42829,2002,40827,Australia,Entire home/apt,2,2,219,2,9,8,8,f,1
9412901,42829,1365,41464,Australia,Entire home/apt,1,1,150,9,10,9,9,f,1
13900500,42829,292,42537,Australia,Private room,0,1,120,16,9,9,9,f,1
8297190,42829,1310,41519,Australia,Private room,1,1,50,0,,,,f,1
10459851,42829,708,42121,Australia,Entire home/apt,1,2,200,80,9,10,9,f,1
10000851,42829,1281,41548,Australia,Entire home/apt,1,1,150,3,8,,,f,1
17867158,42829,1553,41276,Australia,Private room,2,1,50,1,10,10,10,f,1
16916889,42829,347,42482,Australia,Private room,1,1,60,1,10,10,10,t,1
11379099,42829,409,42420,Australia,Entire home/apt,2,2,100,2,7,8,9,f,1
6855520,42829,2321,40508,Australia,Private room,1,1,84,0,,,,f,1
6267500,42829,1581,41248,Australia,Entire home/apt,1,1,151,0,,,,f,1
10527831,42829,449,42380,Australia,Private room,1,1,45,0,,,,f,1
15115141,42829,618,42211,Australia,Private room,1,1,250,1,6,8,6,f,1
9217006,42829,714,42115,Australia,Entire home/apt,1,1,296,1,10,10,10,f,1
6530474,42829,1581,41248,Australia,Entire home/apt,1,2,177,2,9,10,8,f,1
15772011,42829,1715,41114,Australia,Entire home/apt,2,3,2500,0,,,,f,1
4434297,42829,1456,41373,Australia,Entire home/apt,1,1,250,0,,,,t,1
8172888,42829,837,41992,Australia,Entire home/apt,2,2,700,0,,,,f,1
9221874,42829,520,42309,Australia,Entire home/apt,1,2,198,1,10,10,10,f,1
13300985,42829,534,42295,Australia,Private room,1,1,72,0,,,,f,1
5096308,42829,1588,41241,Australia,Private room,1,1,120,8,9,10,9,f,1
9815129,42829,1370,41459,Australia,Entire home/apt,1,1,385,3,10,10,9,f,1
18008091,42829,1065,41764,Australia,Entire home/apt,1,1,160,0,,,,f,1
4868499,42829,836,41993,Australia,Entire home/apt,1,1,184,1,10,10,10,f,1
15551014,42829,169,42660,Australia,Entire home/apt,2,3,321,14,9,10,9,t,1
10079369,42829,472,42357,Australia,Entire home/apt,1,1,145,1,10,10,10,f,1
9686595,42829,510,42319,Australia,Entire home/apt,3,2,800,0,,,,t,1
512386,42829,1782,41047,Australia,Entire home/apt,1,1,120,24,7,9,8,f,1
1768995,42830,2020,40810,Australia,Entire home/apt,2.5,2,900,0,,,,f,1
949950,42830,1794,41036,Australia,Entire home/apt,1,1,188,11,9,9,8,f,1
9757331,42829,490,42339,Australia,Entire home/apt,1,2,180,0,,,,f,1
9217566,42829,971,41858,Australia,Private room,1,1,70,0,,,,f,1
15117318,42829,1769,41060,Australia,Private room,1,1,70,9,10,10,9,f,1
16755697,42829,1074,41755,Australia,Private room,2,2,99,0,,,,f,1
16901979,42829,448,42381,Australia,Entire home/apt,1,2,100,0,,,,t,1
16100293,42829,526,42303,Australia,Entire home/apt,1,1,200,0,,,,f,1
17017736,42829,137,42692,Australia,Entire home/apt,1,1,355,2,9,10,8,t,1
12906986,42829,1720,41109,Australia,Entire home/apt,1,1,95,0,,,,f,1
12954494,42829,330,42499,Australia,Entire home/apt,2,2,180,3,10,9,9,f,1
8760182,42829,553,42276,Australia,Private room,1,1,64,1,10,10,8,f,1
18000738,42829,3,42826,Australia,Private room,1,1,250,0,,,,t,1
4632614,42829,1169,41660,Australia,Private room,1,1,55,0,,,,f,1
17739794,42829,956,41873,Australia,Private room,1,1,67,0,,,,f,1
6926304,42829,1060,41769,Australia,Private room,2,1,91,60,9,10,9,f,1
16232455,42829,692,42137,Australia,Entire home/apt,1,1,403,0,,,,f,1
8957936,42829,1038,41791,Australia,Entire home/apt,2,2,225,3,9,10,10,f,1
4239348,42829,1176,41653,Australia,Entire home/apt,1,1,64,1,10,10,10,f,1
12694182,42829,1780,41049,Australia,Private room,1,1,72,5,10,10,10,f,1
4239330,42829,916,41913,Australia,Entire home/apt,1,1,125,15,9,9,9,f,1
839485,42829,1574,41255,Australia,Entire home/apt,1,1,160,112,9,10,9,f,1
16678818,42830,403,42427,Australia,Private room,1,1,79,0,,,,f,1
14876551,42830,564,42266,Australia,Entire home/apt,2,1,215,5,10,10,10,t,1
11108123,42830,668,42162,Australia,Private room,1,1,70,24,10,10,10,f,1
4835710,42830,1206,41624,Australia,Entire home/apt,1,1,148,31,9,10,9,f,1
1769186,42830,1780,41050,Australia,Entire home/apt,1,1,150,43,8,9,8,f,1
8955985,42830,536,42294,Australia,Entire home/apt,1,0,106,4,10,9,8,f,1
16198248,42830,666,42164,Australia,Entire home/apt,1,0,120,3,10,10,10,f,1
4193875,42830,923,41907,Australia,Entire home/apt,1,2,148,1,10,10,10,f,1
3013514,42830,2096,40734,Australia,Entire home/apt,1,1,141,177,8,9,9,f,1
4848582,42830,1287,41543,Australia,Private room,1,1,120,0,,,,f,1
850815,42830,1570,41260,Australia,Entire home/apt,2,2,300,58,9,10,9,f,1
9698145,42830,1724,41106,Australia,Entire home/apt,1,1,292,60,10,10,10,t,1
6683442,42830,796,42034,Australia,Entire home/apt,2,3,198,2,10,9,10,f,1
1833752,42830,1568,41262,Australia,Entire home/apt,1,1,145,9,10,10,9,f,1
10114178,42830,591,42239,Australia,Entire home/apt,1,1,259,19,10,10,10,f,1
7536639,42830,1340,41490,Australia,Entire home/apt,1.5,1,230,88,10,10,10,f,1
1703862,42830,1310,41520,Australia,Entire home/apt,1.5,3,451,6,10,10,10,f,1
8583807,42830,1208,41622,Australia,Entire home/apt,1,0,210,49,10,10,10,f,1
16054916,42830,697,42133,Australia,Private room,1,1,75,18,9,10,9,f,1
12843587,42830,393,42437,Australia,Private room,2,1,260,0,,,,f,1
4979153,42830,820,42010,Australia,Private room,1,1,95,92,10,10,10,f,1
3013026,42830,1061,41769,Australia,Entire home/apt,1,1,141,162,9,10,9,f,1
16579033,42830,436,42394,Australia,Entire home/apt,1,0,85,14,9,10,9,t,1
4390150,42830,1304,41526,Australia,Entire home/apt,2,3,300,0,,,,f,1
3713571,42830,1029,41801,Australia,Entire home/apt,1.5,3,374,148,9,10,9,f,1
11195597,42830,1340,41490,Australia,Entire home/apt,1,2,209,49,9,10,9,f,1
9961329,42830,479,42351,Australia,Entire home/apt,1,2,189,1,,,,f,1
4979783,42830,831,41999,Australia,Private room,2,1,49,110,7,9,8,f,1
16841789,42830,1592,41238,Australia,Private room,1,1,75,7,9,9,9,f,1
16383836,42830,187,42643,Australia,Private room,1,1,121,0,,,,t,1
1852715,42830,1281,41549,Australia,Entire home/apt,2,2,200,120,10,10,9,f,1
11991054,42830,1707,41123,Australia,Entire home/apt,1,1,85,7,8,10,9,f,1
8681463,42830,551,42279,Australia,Entire home/apt,1,1,159,2,7,10,7,t,1
16087002,42830,255,42575,Australia,Private room,1,1,150,1,,,,f,1
9566132,42830,501,42329,Australia,Entire home/apt,2,2,150,1,10,10,10,f,1
3209107,42830,1044,41786,Australia,Entire home/apt,1,1,200,7,8,10,9,f,1
2029458,42830,2163,40667,Australia,Private room,1,1,100,3,9,10,10,f,1
11533803,42830,673,42157,Australia,Entire home/apt,1,1,200,42,9,10,9,t,1
12387474,42830,497,42333,Australia,Entire home/apt,1,1,120,0,,,,f,1
9633682,42830,498,42332,Australia,Entire home/apt,1.5,1,166,3,10,10,9,f,1
15859036,42830,150,42680,Australia,Entire home/apt,1,1,179,0,,,,f,1
13367117,42830,1390,41440,Australia,Private room,1,1,79,1,10,8,10,f,1
16446766,42830,487,42343,Australia,Private room,1,1,71,0,,,,f,1
16872734,42830,1284,41546,Australia,Private room,1,1,75,0,,,,f,1
10581248,42830,447,42383,Australia,Entire home/apt,1,0,150,65,10,10,9,t,1
10273224,42830,998,41832,Australia,Entire home/apt,1,1,276,0,,,,f,1
17429743,42830,280,42550,Australia,Private room,1,1,129,2,10,10,10,f,1
7664827,42830,910,41920,Australia,Entire home/apt,1,1,219,86,10,10,9,t,1
16446688,42830,138,42692,Australia,Entire home/apt,1,0,99,25,9,10,9,f,1
10024139,42830,2045,40785,Australia,Entire home/apt,1.5,2,169,6,7,10,8,f,1
3241125,42830,1200,41630,Australia,Private room,1,1,100,12,7,10,9,f,1
14906529,42830,1682,41148,Australia,Private room,2.5,1,91,8,10,10,10,f,1
9453079,42830,865,41965,Australia,Private room,1,1,80,9,10,10,10,f,1
2028670,42830,1513,41317,Australia,Entire home/apt,1,2,491,9,8,9,9,f,1
7468770,42830,624,42206,Australia,Entire home/apt,1,1,130,35,10,10,9,f,1
9065741,42830,530,42300,Australia,Entire home/apt,2,2,166,0,,,,f,1
9980505,42830,694,42136,Australia,Private room,1,1,80,0,,,,f,1
13596847,42830,836,41994,Australia,Private room,1,1,50,37,8,9,9,f,1
17798166,42830,974,41856,Australia,Private room,1,2,70,0,,,,f,1
9304192,42830,1572,41258,Australia,Entire home/apt,3.5,4,399,0,,,,f,1
16774250,42830,1213,41617,Australia,Private room,1,1,87,7,10,10,10,f,1
11170887,42830,1566,41264,Australia,Private room,1,1,80,15,10,10,10,f,1
1108119,42830,1441,41389,Australia,Entire home/apt,1,1,150,23,10,10,10,f,1
16544652,42830,1802,41028,Australia,Private room,1,1,95,0,,,,f,1
17593212,42830,1513,41317,Australia,Entire home/apt,1,1,169,0,,,,t,1
3784168,42830,1486,41344,Australia,Entire home/apt,2,4,250,2,10,10,10,f,1
4944701,42830,1656,41174,Australia,Entire home/apt,1.5,4,150,0,,,,f,1
2489813,42830,1823,41007,Australia,Entire home/apt,2.5,4,600,28,10,10,10,f,1
750274,42830,1648,41182,Australia,Entire home/apt,1.5,2,321,220,9,10,9,f,1
6582998,42830,1582,41248,Australia,Entire home/apt,2,2,330,3,9,9,9,f,1
15693618,42830,519,42311,Australia,Private room,1,1,67,17,8,9,10,f,1
15103753,42830,945,41885,Australia,Private room,1.5,1,67,7,8,10,9,f,1
12056309,42830,1555,41275,Australia,Entire home/apt,1.5,4,256,3,9,9,9,f,1
1504965,42830,2039,40791,Australia,Entire home/apt,1,2,219,43,10,10,9,f,1
16512589,42830,1314,41516,Australia,Entire home/apt,1,1,173,26,9,10,9,t,1
16184913,42830,392,42438,Australia,Entire home/apt,1,2,194,25,9,10,9,t,1
9827914,42830,486,42344,Australia,Entire home/apt,2,2,250,2,9,10,10,f,1
12939941,42830,634,42196,Australia,Entire home/apt,1,2,250,56,10,10,9,f,1
16164956,42830,190,42640,Australia,Entire home/apt,2,2,250,20,8,9,9,t,1
12841508,42830,1606,41224,Australia,Entire home/apt,1.5,1,160,7,9,10,10,f,1
1077685,42830,1885,40945,Australia,Entire home/apt,1,1,219,31,10,10,9,f,1
9925038,42830,1419,41411,Australia,Entire home/apt,1,0,89,17,10,10,10,f,1
9597359,42830,544,42286,Australia,Entire home/apt,1,0,130,4,9,10,8,f,1
9793937,42830,489,42341,Australia,Private room,1,1,120,1,8,10,10,f,1
11596151,42830,521,42309,Australia,Entire home/apt,1,1,501,6,10,10,9,f,1
2160280,42830,1473,41357,Australia,Entire home/apt,1,2,179,4,10,10,9,f,1
15398542,42830,200,42630,Australia,Entire home/apt,1,1,135,11,10,10,9,t,1
9696868,42830,2269,40561,Australia,Entire home/apt,2,1,145,0,,,,f,1
9204744,42830,708,42122,Australia,Entire home/apt,2,2,229,84,8,10,9,t,1
13530122,42830,920,41910,Australia,Entire home/apt,1,0,120,61,10,10,10,f,1
10089473,42830,473,42357,Australia,Entire home/apt,1,0,120,17,8,10,9,t,1
4617156,42830,868,41962,Australia,Entire home/apt,1.5,2,290,91,10,10,10,f,1
8025015,42830,1058,41772,Australia,Entire home/apt,1.5,2,260,2,10,10,9,f,1
15875571,42830,1582,41248,Australia,Entire home/apt,1,2,252,5,10,10,10,f,1
9204079,42830,645,42185,Australia,Private room,2,1,50,3,,,,f,1
13758765,42830,520,42310,Australia,Private room,2,1,100,5,10,9,10,t,1
8417553,42830,795,42035,Australia,Private room,1,1,78,54,10,10,10,f,1
14872806,42830,854,41976,Australia,Entire home/apt,1,1,113,3,9,10,9,f,1
5763156,42830,1919,40911,Australia,Entire home/apt,1,1,159,107,10,10,10,f,1
7925874,42830,1334,41496,Australia,Entire home/apt,1,1,300,2,10,10,9,f,1
17559663,42830,663,42167,Australia,Private room,1,1,70,0,,,,f,1
1626812,42830,1488,41342,Australia,Private room,2.5,1,100,0,,,,f,1
16294802,42830,225,42605,Australia,Entire home/apt,1,1,169,17,10,10,9,t,1
358077,42830,1867,40963,Australia,Entire home/apt,1,2,158,6,6,10,9,f,1
8745633,42830,868,41962,Australia,Private room,3.5,1,70,6,9,10,9,f,1
16234810,42830,901,41929,Australia,Entire home/apt,1.5,1,130,4,10,10,10,f,1
815745,42830,1587,41243,Australia,Entire home/apt,1,1,180,3,8,10,8,f,1
7204901,42830,1803,41027,Australia,Entire home/apt,1,1,166,11,10,9,9,f,1
15134684,42830,246,42584,Australia,Private room,1,1,219,0,,,,f,1
12906435,42830,754,42076,Australia,Entire home/apt,2,2,150,5,9,10,10,f,1
2879387,42830,1076,41754,Australia,Private room,1,1,126,0,,,,t,1
3043220,42830,1471,41359,Australia,Entire home/apt,1,1,116,2,9,10,10,f,1
15574994,42830,168,42662,Australia,Private room,1,1,60,1,4,10,8,f,1
9760467,42830,490,42340,Australia,Entire home/apt,2,2,399,0,,,,f,1
6417537,42830,690,42140,Australia,Entire home/apt,1,1,91,5,9,10,10,f,1
1862655,42830,1253,41577,Australia,Entire home/apt,1,2,225,158,10,9,9,t,1
14969892,42830,631,42199,Australia,Entire home/apt,1,3,300,27,10,10,10,f,1
14937125,42830,1052,41778,Australia,Entire home/apt,1,0,138,0,,,,f,1
8360069,42830,642,42188,Australia,Private room,2,1,64,0,,,,f,1
846696,42830,1571,41259,Australia,Entire home/apt,1,0,95,255,8,9,9,f,1
16837611,42830,348,42482,Australia,Private room,1,1,55,8,6,9,8,t,1
5696426,42830,750,42080,Australia,Entire home/apt,1,0,116,16,9,8,8,f,1
17141469,42830,1314,41516,Australia,Entire home/apt,1,1,169,10,9,10,9,t,1
4477367,42830,1364,41466,Australia,Private room,1,1,84,89,10,10,9,f,1
15902451,42830,147,42683,Australia,Entire home/apt,1,2,160,11,9,10,9,f,1
11725142,42830,598,42232,Australia,Private room,1,1,99,1,10,8,10,f,1
7006523,42830,806,42024,Australia,Private room,1,1,60,9,10,10,10,f,1
4183198,42830,1011,41819,Australia,Private room,1.5,1,99,5,9,10,10,f,1
16312611,42830,408,42422,Australia,Entire home/apt,1,0,200,3,10,10,10,f,1
16444900,42830,2549,40281,Australia,Private room,1,1,100,1,8,8,10,f,1
15134099,42830,197,42633,Australia,Private room,1,1,50,7,7,9,9,f,1
781631,42830,1849,40981,Australia,Private room,1,1,85,27,9,10,9,f,1
6548808,42830,692,42138,Australia,Entire home/apt,1,1,120,0,,,,f,1
9758793,42830,2434,40396,Australia,Private room,1.5,1,39,4,7,10,9,f,1
16740065,42830,922,41908,Australia,Private room,2,1,109,6,10,10,10,f,1
3994417,42830,950,41880,Australia,Entire home/apt,1,1,145,101,9,10,9,f,1
9891376,42830,483,42347,Australia,Entire home/apt,2,2,160,5,9,10,10,t,1
7464749,42830,690,42140,Australia,Private room,2,1,91,29,9,10,10,f,1
5499674,42830,1043,41787,Australia,Entire home/apt,1,1,130,12,8,9,9,f,1
16182022,42830,1289,41541,Australia,Entire home/apt,1,1,250,0,,,,t,1
4739536,42830,1701,41129,Australia,Private room,1,1,85,1,10,8,8,f,1
10021497,42830,478,42352,Australia,Private room,1,1,64,1,2,6,4,f,1
6547302,42830,1582,41248,Australia,Entire home/apt,1,0,171,3,10,10,10,f,1
15000914,42829,1608,41221,Australia,Private room,3,1,85,19,10,10,10,f,1
7890243,42829,597,42232,Australia,Private room,1,1,95,71,9,10,9,t,1
16442642,42829,1057,41772,Australia,Entire home/apt,1,1,169,0,,,,f,1
14083322,42829,653,42176,Australia,Private room,1,1,35,1,10,10,10,t,1
4449436,42829,1280,41549,Australia,Entire home/apt,1,2,275,3,9,9,9,f,1
9757807,42829,707,42122,Australia,Entire home/apt,2,3,368,0,,,,f,1
13758113,42830,280,42550,Australia,Entire home/apt,1,0,125,23,10,9,9,t,1
4615818,42830,2411,40419,Australia,Entire home/apt,1,1,200,16,8,10,9,f,1
2747988,42830,2358,40472,Australia,Entire home/apt,2,2,600,0,,,,f,1
16246982,42830,387,42443,Australia,Private room,1.5,1,141,0,,,,t,1
6940854,42830,1365,41465,Australia,Entire home/apt,1,1,160,17,7,9,8,t,1
14788293,42830,580,42250,Australia,Private room,1,1,70,2,8,9,7,f,1
15721526,42829,1659,41170,Australia,Entire home/apt,1,0,125,28,10,10,9,t,1
16442290,42829,117,42712,Australia,Entire home/apt,2,2,300,2,8,10,9,f,1
8053637,42829,1226,41603,Australia,Entire home/apt,3,4,480,39,9,10,9,f,1
2876248,42829,2038,40791,Australia,Entire home/apt,1,0,141,36,10,10,9,f,1
4776738,42829,1036,41793,Australia,Entire home/apt,1,1,141,91,10,10,10,t,1
16769849,42829,269,42560,Australia,Private room,1,1,70,3,8,8,8,f,1
6481574,42830,686,42144,Australia,Private room,1,1,120,0,,,,f,1
16246417,42830,508,42322,Australia,Entire home/apt,3,3,501,0,,,,f,1
6415970,42830,691,42139,Australia,Private room,2,1,80,0,,,,f,1
17098327,42830,798,42032,Australia,Entire home/apt,2,1,290,0,,,,f,1
13887053,42830,741,42089,Australia,Private room,1,1,51,0,,,,f,1
2614827,42830,2039,40791,Australia,Private room,1,1,130,28,10,10,9,f,1
11462172,42830,407,42423,Australia,Entire home/apt,2,2,328,20,10,10,9,f,1
5367239,42830,779,42051,Australia,Private room,1,1,85,1,10,10,10,f,1
15590837,42829,586,42243,Australia,Private room,1,1,150,1,8,8,8,f,1
2089676,42829,1204,41625,Australia,Entire home/apt,1,1,130,2,,,,f,1
4317894,42829,906,41923,Australia,Entire home/apt,1,0,130,0,,,,f,1
6939104,42829,654,42175,Australia,Private room,1,1,64,5,8,8,9,f,1
7332298,42829,2124,40705,Australia,Entire home/apt,1,2,150,1,10,10,10,f,1
4968513,42829,1177,41652,Australia,Private room,0,1,62,4,6,5,3,f,1
14999903,42829,803,42026,Australia,Entire home/apt,1,1,120,19,10,10,10,f,1
3334374,42829,1028,41801,Australia,Private room,1,1,60,0,,,,f,1
10479232,42830,1092,41738,Australia,Entire home/apt,1,0,125,39,10,10,10,f,1
2483963,42830,1402,41428,Australia,Entire home/apt,1,2,105,0,,,,f,1
15443579,42830,828,42002,Australia,Private room,2.5,1,55,5,10,10,10,f,1
4186298,42829,949,41880,Australia,Entire home/apt,1,0,145,60,9,10,9,f,1
4775885,42829,848,41981,Australia,Entire home/apt,1.5,1,80,3,10,8,8,f,1
9887581,42829,1286,41543,Australia,Entire home/apt,1,0,109,21,8,10,8,f,1
13360945,42829,1693,41136,Australia,Entire home/apt,1.5,2,150,5,10,10,10,f,1
6217498,42829,713,42116,Australia,Private room,1,1,80,20,9,10,9,f,1
11460324,42829,1052,41777,Australia,Entire home/apt,1,0,70,22,9,10,10,f,1
5104286,42829,1223,41606,Australia,Private room,1,1,60,1,10,10,8,f,1
13689460,42829,378,42451,Australia,Private room,1.5,1,99,51,9,10,9,f,1
2679339,42829,1379,41450,Australia,Entire home/apt,1,2,200,104,9,10,9,f,1
15524424,42829,496,42333,Australia,Private room,1,1,66,10,7,10,8,t,1
4350510,42829,1032,41797,Australia,Private room,1,1,80,39,8,10,9,t,1
14875120,42829,213,42616,Australia,Entire home/apt,1,1,200,8,8,10,8,f,1
12574209,42829,402,42427,Australia,Private room,1.5,1,75,1,8,10,10,f,1
9157195,42829,1045,41784,Australia,Entire home/apt,1,0,138,37,10,10,9,f,1
5299436,42829,800,42029,Australia,Entire home/apt,1,1,183,1,10,10,6,f,1
8446007,42829,910,41919,Australia,Entire home/apt,1,0,120,1,10,10,10,f,1
11657181,42829,1090,41739,Australia,Entire home/apt,1,1,130,0,,,,f,1
15916204,42829,1168,41661,Australia,Entire home/apt,1,1,250,1,8,10,10,f,1
3783193,42829,1658,41171,Australia,Entire home/apt,1,2,200,28,10,10,9,f,1
1104887,42829,1442,41387,Australia,Entire home/apt,1,1,148,90,10,10,10,f,1
16178151,42829,601,42228,Australia,Entire home/apt,1,1,100,2,10,10,10,t,1
8379312,42829,568,42261,Australia,Private room,1,1,53,0,,,,f,1
16177959,42829,447,42382,Australia,Entire home/apt,2,2,150,0,,,,f,1
17816342,42829,1031,41798,Australia,Private room,2.5,1,60,0,,,,f,1
6020683,42829,1715,41114,Australia,Entire home/apt,1,2,420,12,10,10,10,f,1
7920386,42829,936,41893,Australia,Private room,1,1,91,3,9,10,10,f,1
4709107,42829,1585,41244,Australia,Entire home/apt,1,2,315,13,8,10,9,f,1
17226486,42829,667,42162,Australia,Private room,2,1,200,0,,,,f,1
16666367,42829,439,42390,Australia,Entire home/apt,2,3,200,1,8,10,10,f,1
11854804,42829,384,42445,Australia,Entire home/apt,1,1,130,8,9,10,10,f,1
7461291,42829,2222,40607,Australia,Entire home/apt,1,0,200,4,5,7,6,f,1
4708716,42829,856,41973,Australia,Entire home/apt,1,1,175,0,,,,f,1
14864094,42829,559,42270,Australia,Entire home/apt,1,0,158,24,10,10,10,f,1
5298389,42829,1933,40896,Australia,Private room,1.5,1,80,4,10,9,10,f,1
6707383,42829,911,41918,Australia,Entire home/apt,1,2,225,12,9,10,9,f,1
16898212,42829,1148,41681,Australia,Private room,1,1,120,5,10,10,9,f,1
15000587,42829,549,42280,Australia,Entire home/apt,2,2,265,45,9,10,9,t,1
16579345,42829,244,42585,Australia,Entire home/apt,1,1,196,7,8,10,8,t,1
13883256,42829,509,42320,Australia,Private room,1,1,91,3,8,10,9,f,1
15849079,42829,1043,41786,Australia,Entire home/apt,1,2,200,1,8,8,8,f,1
11851347,42829,651,42178,Australia,Entire home/apt,2,3,420,0,,,,f,1
840838,42829,1581,41248,Australia,Entire home/apt,1,1,155,4,10,9,9,f,1
17224768,42829,317,42512,Australia,Private room,1,1,75,5,7,10,9,f,1
15651873,42829,1136,41693,Australia,Entire home/apt,1,2,399,2,9,10,8,f,1
3855089,42829,966,41863,Australia,Private room,1,1,60,6,9,9,9,f,1
9097926,42829,2113,40716,Australia,Entire home/apt,1,1,116,76,10,10,9,f,1
17945288,42829,763,42066,Australia,Entire home/apt,1,2,131,0,,,,f,1
14996152,42829,325,42504,Australia,Private room,3,1,198,2,9,10,10,f,1
15848102,42829,150,42679,Australia,Entire home/apt,2.5,3,750,2,10,10,10,t,1
9753237,42829,613,42216,Australia,Entire home/apt,1,4,600,0,,,,f,1
16634505,42829,467,42362,Australia,Entire home/apt,1,1,159,4,10,10,9,t,1
13816454,42829,1254,41575,Australia,Private room,1.5,1,70,0,,,,f,1
10146413,42829,646,42183,Australia,Private room,1,1,60,2,10,8,8,f,1
15586807,42829,431,42398,Australia,Private room,1,1,166,5,9,10,8,t,1
14144914,42829,534,42295,Australia,Entire home/apt,0,2,137,0,,,,f,1
6870314,42829,658,42171,Australia,Private room,1,1,70,9,10,10,10,f,1
3069228,42829,1054,41775,Australia,Private room,1,1,91,0,,,,f,1
15847990,42829,1118,41711,Australia,Entire home/apt,2,2,349,4,8,9,9,f,1
5231072,42829,1640,41189,Australia,Private room,1,1,49,11,10,10,10,f,1
17945058,42829,690,42139,Australia,Private room,1,1,60,0,,,,f,1
16830937,42829,236,42593,Australia,Entire home/apt,2,2,290,1,10,8,10,f,1
5415668,42829,838,41991,Australia,Entire home/apt,1,2,290,2,10,10,10,f,1
15454525,42829,575,42254,Australia,Private room,1,1,200,0,,,,f,1
16372002,42829,111,42718,Australia,Private room,2,1,179,0,,,,f,1
12890055,42829,1015,41814,Australia,Entire home/apt,1,2,100,1,4,10,10,f,1
12177659,42829,368,42461,Australia,Private room,1,1,53,1,8,8,10,f,1
381091,42829,1850,40979,Australia,Entire home/apt,1,1,148,215,10,10,10,f,1
18008700,42829,743,42086,Australia,Entire home/apt,1,1,160,0,,,,f,1
16044141,42829,649,42180,Australia,Entire home/apt,1,1,219,1,8,10,10,f,1
8835165,42829,799,42030,Australia,Entire home/apt,1,0,81,50,9,10,9,f,1
14078051,42829,1051,41778,Australia,Entire home/apt,2,2,191,7,8,9,9,f,1
17223771,42829,52,42777,Australia,Entire home/apt,1,1,180,2,10,10,10,f,1
5632007,42829,1105,41724,Australia,Entire home/apt,2,2,399,0,,,,f,1
10997833,42829,1619,41210,Australia,Entire home/apt,1,1,120,14,9,9,9,t,1
8835150,42829,1411,41418,Australia,Entire home/apt,1,1,109,0,,,,f,1
14405698,42829,240,42589,Australia,Entire home/apt,1,1,198,12,9,10,9,f,1
11259959,42829,1281,41548,Australia,Private room,1,1,50,6,8,10,9,f,1
14077977,42829,1051,41778,Australia,Entire home/apt,1,1,183,0,,,,f,1
18010106,42829,3,42826,Australia,Private room,1,1,62,0,,,,f,1
5328871,42829,783,42046,Australia,Entire home/apt,1,3,296,2,10,10,9,f,1
4968376,42829,821,42008,Australia,Private room,1,1,95,38,10,10,10,f,1
17682366,42829,1145,41684,Australia,Private room,1,1,130,0,,,,f,1
10342329,42829,1001,41828,Australia,Entire home/apt,1,1,100,5,9,8,9,f,1
15585206,42829,408,42421,Australia,Entire home/apt,2,2,180,1,8,8,8,f,1
15639196,42829,303,42526,Australia,Entire home/apt,2.5,2,150,1,8,8,10,f,1
10047389,42829,1155,41674,Australia,Entire home/apt,1,1,125,15,9,10,10,f,1
16273304,42829,735,42094,Australia,Entire home/apt,1,1,200,0,,,,f,1
16830354,42829,331,42498,Australia,Entire home/apt,2,2,275,1,,,,f,1
16174985,42829,1138,41691,Australia,Private room,1,1,91,0,,,,f,1
17780620,42829,534,42295,Australia,Entire home/apt,1,2,148,0,,,,t,1
9621384,42829,497,42332,Australia,Private room,1,1,100,0,,,,f,1
5492606,42829,1256,41573,Australia,Private room,1.5,1,60,0,,,,f,1
3395421,42829,1017,41812,Australia,Entire home/apt,1.5,1,158,82,9,10,9,f,1
8867131,42829,1288,41541,Australia,Private room,1.5,1,85,35,10,10,10,t,1
13815648,42829,594,42235,Australia,Private room,1,1,80,10,7,10,7,f,1
4379160,42829,2963,39866,Australia,Entire home/apt,1,1,150,17,10,10,9,f,1
15847962,42829,1394,41435,Australia,Entire home/apt,1,1,150,1,10,10,10,f,1
13947394,42829,1285,41544,Australia,Entire home/apt,1,1,55,1,10,10,10,f,1
17348692,42829,661,42168,Australia,Entire home/apt,1,1,120,1,10,10,6,f,1
17420790,42829,269,42560,Australia,Private room,1,1,105,0,,,,f,1
15748956,42829,483,42346,Australia,Private room,2.5,1,120,0,,,,f,1
9097040,42829,832,41997,Australia,Entire home/apt,2,2,250,0,,,,t,1
17420092,42829,374,42455,Australia,Entire home/apt,1,1,166,3,10,9,9,f,1
15060807,42829,208,42621,Australia,Private room,0,1,116,0,,,,f,1
16043829,42829,1104,41725,Australia,Private room,1,1,150,1,10,10,10,f,1
15060746,42829,569,42260,Australia,Entire home/apt,1,0,141,3,10,9,9,f,1
16371461,42829,630,42199,Australia,Entire home/apt,2,4,399,1,8,10,10,f,1
15060713,42829,867,41962,Australia,Entire home/apt,1,1,120,2,10,10,10,f,1
18009839,42829,814,42015,Australia,Entire home/apt,2,2,150,0,,,,t,1
4377893,42829,1226,41603,Australia,Private room,1,1,158,3,10,10,9,f,1
8310481,42829,1271,41558,Australia,Entire home/apt,1,1,142,19,10,10,10,f,1
315059,42829,2000,40829,Australia,Private room,1,1,110,28,9,10,9,f,1
15912609,42829,145,42684,Australia,Entire home/apt,1,1,139,18,9,10,9,f,1
11783847,42829,1135,41694,Australia,Private room,1,1,78,3,10,8,9,f,1
14077606,42829,954,41875,Australia,Private room,2,1,39,1,10,10,10,f,1
14864022,42829,698,42131,Australia,Entire home/apt,1,2,180,0,,,,f,1
13553273,42829,593,42236,Australia,Private room,2,1,70,0,,,,f,1
14995061,42829,206,42623,Australia,Entire home/apt,1,1,91,0,,,,f,1
17911397,42829,674,42155,Australia,Entire home/apt,1,1,130,0,,,,f,1
17813064,42829,15,42814,Australia,Entire home/apt,1,1,180,0,,,,f,1
10997305,42829,910,41919,Australia,Entire home/apt,1,2,250,2,10,10,10,f,1
14274094,42829,1204,41625,Australia,Entire home/apt,1,2,250,53,8,10,9,t,1
16502305,42829,1659,41170,Australia,Entire home/apt,1,0,150,15,10,9,9,t,1
3657253,42829,989,41840,Australia,Private room,1,1,64,14,9,9,9,f,1
9817623,42829,707,42122,Australia,Private room,1,1,89,13,8,10,8,f,1
16371194,42829,184,42645,Australia,Shared room,1,1,35,6,8,9,8,t,1
10210814,42829,1262,41567,Australia,Entire home/apt,2.5,3,380,0,,,,f,1
8703465,42829,1122,41707,Australia,Private room,1,1,85,4,10,10,10,f,1
12570075,42829,1941,40888,Australia,Private room,3,1,59,20,8,9,7,t,1
115256,42829,2574,40255,Australia,Private room,2,1,75,96,10,10,10,t,1
14733494,42829,940,41889,Australia,Entire home/apt,1,1,141,24,8,9,9,f,1
3133625,42829,1048,41781,Australia,Entire home/apt,1,1,100,1,10,10,10,f,1
4182199,42829,924,41905,Australia,Entire home/apt,2,2,240,5,10,10,10,f,1
3132786,42829,1047,41782,Australia,Entire home/apt,2.5,4,200,5,8,9,9,f,1
446570,42829,1813,41016,Australia,Private room,1,1,139,143,9,10,9,f,1
17670855,42829,1640,41189,Australia,Entire home/apt,1,1,148,0,,,,t,1
8704148,42829,1119,41710,Australia,Entire home/apt,1,0,130,25,9,10,9,f,1
9811875,42829,1709,41120,Australia,Private room,1.5,1,74,17,9,10,9,t,1
15257035,42829,261,42568,Australia,Entire home/apt,1,0,125,15,10,10,9,f,1
15453648,42829,516,42313,Australia,Entire home/apt,1,2,200,5,8,10,10,f,1
16338373,42829,298,42531,Australia,Private room,1,1,150,0,,,,f,1
15256932,42829,189,42640,Australia,Entire home/apt,1,1,135,3,8,8,6,t,1
249158,42829,1995,40834,Australia,Entire home/apt,1,1,150,37,9,9,9,t,1
17026373,42829,970,41859,Australia,Private room,1.5,1,30,8,10,10,10,t,1
18009406,42829,142,42687,Australia,Private room,1,1,68,0,,,,t,1
11259195,42829,1401,41428,Australia,Entire home/apt,1,2,175,3,9,10,9,f,1
16829658,42829,1433,41396,Australia,Shared room,1,1,85,19,10,10,10,f,1
16502056,42829,100,42729,Australia,Private room,1,1,100,3,10,9,9,f,1
9719084,42829,1093,41736,Australia,Entire home/apt,1,1,116,0,,,,f,1
17779999,42829,2021,40808,Australia,Entire home/apt,1,1,100,0,,,,f,1
6928258,42829,653,42176,Australia,Private room,1,1,55,37,9,10,9,t,1
9161949,42829,570,42259,Australia,Private room,1,1,79,95,7,9,8,t,1
14601473,42829,252,42577,Australia,Private room,1,1,70,4,8,10,8,f,1
7195871,42829,677,42152,Australia,Private room,1,1,60,2,10,10,10,f,1
8834250,42829,1104,41725,Australia,Private room,1,1,80,27,10,9,9,f,1
3886235,42829,1710,41119,Australia,Private room,1.5,1,100,130,10,10,10,f,1
3853511,42829,1253,41576,Australia,Entire home/apt,2,1,141,0,,,,f,1
15453358,42829,190,42639,Australia,Entire home/apt,1,1,200,0,,,,t,1
17353900,42829,886,41943,Australia,Entire home/apt,1.5,1,96,0,,,,t,1
15846563,42829,643,42186,Australia,Private room,1.5,1,74,19,9,9,9,f,1
4856182,42829,838,41991,Australia,Entire home/apt,1,2,200,1,10,10,10,t,1
7392452,42829,627,42202,Australia,Private room,1,1,95,17,9,10,10,f,1
3722391,42829,981,41848,Australia,Entire home/apt,1,1,75,21,9,10,9,t,1
9686164,42829,971,41858,Australia,Entire home/apt,1,1,109,0,,,,f,1
10482767,42829,1929,40900,Australia,Entire home/apt,1,1,130,8,10,10,9,f,1
5164150,42829,42829,,Australia,Entire home/apt,1,1,155,59,9,9,9,t,1
969742,42829,1493,41336,Australia,Entire home/apt,2,2,250,255,8,10,9,f,1
6547432,42829,1581,41248,Australia,Entire home/apt,1,1,167,0,,,,f,1
17812562,42829,25,42804,Australia,Entire home/apt,1,1,120,0,,,,f,1
9260803,42829,570,42259,Australia,Private room,1,1,99,87,8,9,8,t,1
11063067,42829,1380,41449,Australia,Entire home/apt,1,2,198,23,10,10,10,f,1
1101567,42829,2724,40105,Australia,Private room,2,1,91,56,9,9,10,f,1
4694654,42829,1683,41146,Australia,Entire home/apt,2,3,335,65,9,9,9,t,1
16370769,42829,765,42064,Australia,Entire home/apt,1,1,230,0,,,,f,1
17812528,42829,15,42814,Australia,Private room,1.5,1,99,0,,,,t,1
16272353,42829,594,42235,Australia,Entire home/apt,1,1,129,9,9,10,10,t,1
14994380,42829,206,42623,Australia,Entire home/apt,1,3,225,21,7,9,8,t,1
13552563,42829,292,42537,Australia,Private room,1,1,80,44,10,10,10,f,1
17157050,42829,614,42215,Australia,Entire home/apt,1,2,189,15,10,10,10,f,1
9620397,42829,513,42316,Australia,Entire home/apt,1,0,125,38,9,10,9,f,1
5491603,42829,959,41870,Australia,Entire home/apt,1,0,60,21,9,10,10,f,1
15453028,42829,176,42653,Australia,Entire home/apt,1.5,1,155,11,10,10,10,f,1
9718654,42829,491,42338,Australia,Private room,2,1,72,0,,,,t,1
17681239,42829,573,42256,Australia,Private room,1,1,50,0,,,,f,1
18008905,42829,489,42340,Australia,Entire home/apt,1,1,100,0,,,,f,1
12766345,42829,1027,41802,Australia,Entire home/apt,1,1,145,1,10,10,10,f,1
14732048,42829,350,42479,Australia,Private room,1,1,75,61,9,10,10,f,1
15649574,42829,1003,41826,Australia,Shared room,1,1,49,1,,,,t,1
14732060,42829,2038,40791,Australia,Entire home/apt,1,1,160,10,10,10,9,f,1
3721998,42829,2375,40454,Australia,Entire home/apt,1,2,180,2,10,7,10,f,1
17812228,42829,600,42229,Australia,Entire home/apt,1,1,160,0,,,,f,1
8374989,42829,1821,41008,Australia,Private room,1,1,79,38,10,10,10,f,1
13279696,42829,1842,40987,Australia,Entire home/apt,1,0,96,0,,,,f,1
15060086,42829,208,42621,Australia,Private room,0,1,166,0,,,,f,1
9685691,42829,692,42137,Australia,Entire home/apt,1,0,145,2,6,8,6,f,1
4312484,42829,906,41923,Australia,Entire home/apt,1.5,1,219,17,8,10,9,f,1
13148740,42829,569,42260,Australia,Entire home/apt,1,1,250,3,8,9,8,f,1
13421973,42829,527,42302,Australia,Private room,1,1,75,3,9,10,9,f,1
15060357,42829,989,41840,Australia,Private room,1,1,80,4,10,10,10,f,1
9096579,42829,527,42302,Australia,Entire home/apt,1,1,200,1,2,6,4,f,1
14798192,42829,472,42357,Australia,Private room,1,1,89,2,10,10,9,f,1
17288556,42829,58,42771,Australia,Private room,1,1,58,0,,,,t,1
12241579,42829,467,42362,Australia,Entire home/apt,1,1,169,18,9,10,9,t,1
3197590,42829,1425,41404,Australia,Entire home/apt,1,0,169,37,10,10,10,f,1
2147609,42829,1725,41104,Australia,Private room,1,1,100,17,9,10,10,f,1
7390473,42829,931,41898,Australia,Private room,1,1,70,1,10,10,10,f,1
9159885,42829,567,42262,Australia,Private room,1,1,75,9,9,10,10,t,1
13944010,42829,1342,41487,Australia,Entire home/apt,1,1,105,0,,,,f,1
17482937,42829,493,42336,Australia,Private room,1,1,120,8,10,10,10,t,1
9684148,42829,608,42221,Australia,Entire home/apt,1,0,78,2,8,10,7,f,1
15451311,42829,1421,41408,Australia,Private room,1,1,70,9,9,10,10,t,1
17286305,42829,302,42527,Australia,Private room,1,1,70,2,7,10,5,f,1
9323651,42829,905,41924,Australia,Private room,1,1,63,1,10,10,10,f,1
15975537,42829,1695,41134,Australia,Entire home/apt,1,1,160,2,10,9,9,f,1
7521385,42829,997,41832,Australia,Entire home/apt,1,1,120,3,9,10,9,f,1
2278444,42829,1782,41047,Australia,Private room,1.5,1,85,116,9,10,9,f,1
16073812,42829,476,42353,Australia,Entire home/apt,1,0,200,3,9,10,9,f,1
17286229,42829,544,42285,Australia,Private room,1,1,60,0,,,,f,1
12764214,42829,1747,41082,Australia,Private room,1.5,1,70,1,10,10,10,f,1
14140453,42829,1495,41334,Australia,Entire home/apt,2,2,219,42,10,10,10,f,1
9225248,42829,1079,41750,Australia,Private room,1,1,89,17,10,10,10,f,1
5981209,42829,1581,41248,Australia,Entire home/apt,1,1,167,1,8,10,8,f,1
17286143,42829,485,42344,Australia,Entire home/apt,1,1,113,4,10,10,10,f,1
11191292,42829,1737,41092,Australia,Private room,1,1,87,4,10,10,10,f,1
6442023,42829,688,42141,Australia,Entire home/apt,1,1,223,9,10,9,9,f,1
5163979,42829,800,42029,Australia,Private room,1,1,95,122,10,9,9,f,1
4606941,42829,1717,41112,Australia,Entire home/apt,2,3,451,34,10,10,9,f,1
13943780,42829,1043,41786,Australia,Entire home/apt,1,1,250,0,,,,f,1
17351627,42829,877,41952,Australia,Entire home/apt,1,1,150,3,8,10,10,f,1
13943698,42829,418,42411,Australia,Entire home/apt,1,0,110,20,10,10,10,f,1
2540419,42829,1120,41709,Australia,Private room,1,1,91,2,10,10,10,t,1
16040812,42829,136,42693,Australia,Entire home/apt,1,1,215,1,10,10,10,f,1
6886695,42829,1573,41256,Australia,Private room,1,1,80,1,8,6,4,f,1
5751561,42829,2124,40705,Australia,Entire home/apt,1,1,130,143,10,10,9,t,1
1196815,42829,1412,41417,Australia,Private room,1,1,95,133,9,10,9,f,1
17285939,42829,1558,41271,Australia,Private room,2,,68,1,8,10,10,f,1
10928950,42829,431,42398,Australia,Entire home/apt,2,2,198,0,,,,f,1
16761644,42829,81,42748,Australia,Entire home/apt,1,1,160,2,10,10,10,f,1
9782035,42829,1042,41787,Australia,Entire home/apt,1,0,129,3,9,10,10,f,1
7062288,42829,1591,41238,Australia,Private room,1,1,45,0,,,,f,1
17613562,42829,75,42754,Australia,Entire home/apt,2,3,250,0,,,,f,1
4702893,42829,856,41973,Australia,Entire home/apt,1,1,74,3,10,10,10,f,1
5620391,42829,1173,41656,Australia,Private room,1,1,64,16,10,10,10,f,1
16564907,42829,1363,41466,Australia,Private room,1,1,148,1,10,10,10,t,1
5620366,42829,755,42074,Australia,Entire home/apt,2,3,399,45,9,9,9,f,1
9942469,42829,480,42349,Australia,Shared room,2,1,250,1,,,,f,1
1100380,42829,1443,41386,Australia,Entire home/apt,1,1,169,12,9,10,9,f,1
10209863,42829,464,42365,Australia,Entire home/apt,1,1,100,2,10,10,10,t,1
3131976,42829,1047,41782,Australia,Entire home/apt,2,2,160,4,9,10,9,f,1
8571456,42829,802,42027,Australia,Private room,1,1,95,4,9,9,9,f,1
1165868,42829,1807,41022,Australia,Entire home/apt,1,1,141,22,10,10,10,f,1
5786168,42829,1277,41552,Australia,Private room,1,1,89,1,6,10,10,f,1
9685531,42829,493,42336,Australia,Private room,1,1,130,2,9,9,9,t,1
16370204,42829,111,42718,Australia,Entire home/apt,1,2,120,1,8,8,8,f,1
3656216,42829,989,41840,Australia,Entire home/apt,1,1,135,8,8,9,9,f,1
15485449,42829,1035,41794,Australia,Entire home/apt,1,1,194,0,,,,f,1
16861691,42829,469,42360,Australia,Entire home/apt,1,1,200,2,9,10,6,t,1
16304621,42829,1580,41249,Australia,Entire home/apt,1,1,109,0,,,,f,1
10340840,42829,705,42124,Australia,Entire home/apt,1,1,250,1,10,10,10,f,1
3721686,42829,981,41848,Australia,Private room,1,1,169,25,10,10,10,f,1
9259483,42829,1713,41116,Australia,Entire home/apt,1.5,2,600,4,10,10,10,f,1
2673102,42829,1102,41727,Australia,Entire home/apt,1,1,120,20,10,10,10,f,1
8490060,42829,1397,41432,Australia,Entire home/apt,1,2,275,18,8,9,8,f,1
6146477,42829,711,42118,Australia,Entire home/apt,1,1,200,2,10,10,10,f,1
5884301,42829,1088,41741,Australia,Entire home/apt,2,4,445,76,10,10,9,t,1
7162229,42829,1216,41613,Australia,Entire home/apt,1,1,85,3,10,10,10,f,1
9095545,42829,985,41844,Australia,Entire home/apt,1,1,135,3,9,10,10,f,1
4606311,42829,870,41959,Australia,Private room,1,1,60,7,9,9,9,f,1
7227707,42829,1313,41516,Australia,Private room,3,1,91,1,10,10,8,f,1
15845680,42829,1169,41660,Australia,Entire home/apt,1,1,250,2,8,6,8,f,1
11127016,42829,940,41889,Australia,Private room,1,2,59,38,10,10,10,f,1
10864887,42829,483,42346,Australia,Private room,1,1,92,5,10,9,10,f,1
5196011,42829,796,42033,Australia,Entire home/apt,1,1,150,28,9,9,9,f,1
16304321,42829,789,42040,Australia,Entire home/apt,2.5,3,445,22,9,10,9,t,1
17516705,42829,95,42734,Australia,Entire home/apt,1,0,120,4,10,10,10,t,1
1165383,42829,1421,41408,Australia,Private room,1,1,180,212,9,10,9,t,1
8636561,42829,618,42211,Australia,Entire home/apt,1,1,129,14,9,10,9,f,1
15648916,42829,1345,41484,Australia,Private room,1,1,100,3,10,9,10,f,1
9816151,42829,486,42343,Australia,Entire home/apt,1,0,154,71,10,10,9,t,1
5097569,42829,816,42013,Australia,Private room,1,1,99,4,10,9,9,f,1
16369749,42829,428,42401,Australia,Entire home/apt,1,2,130,1,8,10,8,t,1
12372062,42829,594,42235,Australia,Entire home/apt,2,3,800,0,,,,f,1
5895861,42829,1355,41474,Australia,Private room,1,1,60,1,10,10,10,f,1
16304169,42829,116,42713,Australia,Entire home/apt,1,1,175,14,10,10,10,f,1
9991854,42829,854,41975,Australia,Private room,1,1,60,15,7,9,8,f,1
16304134,42829,356,42473,Australia,Private room,1.5,1,49,1,10,10,10,f,1
12917491,42829,375,42454,Australia,Entire home/apt,1,0,120,12,9,9,8,f,1
15222779,42829,770,42059,Australia,Entire home/apt,1,0,110,1,10,10,10,f,1
7808853,42829,1178,41651,Australia,Private room,1,1,100,44,10,10,10,t,1
10996729,42829,428,42401,Australia,Private room,1,1,120,19,8,10,9,t,1
11913182,42829,381,42448,Australia,Entire home/apt,1,1,110,0,,,,f,1
8636380,42829,1818,41011,Australia,Entire home/apt,1,1,118,1,,,,f,1
6736529,42829,1700,41129,Australia,Private room,1.5,1,75,2,9,10,9,f,1
15846014,42829,1204,41625,Australia,Entire home/apt,1,1,185,32,9,9,8,t,1
5491278,42829,2685,40144,Australia,Entire home/apt,1,0,116,119,9,10,9,f,1
379498,42829,1863,40966,Australia,Entire home/apt,1.5,2,300,25,9,10,9,f,1
14633574,42829,916,41913,Australia,Private room,1,1,145,3,9,9,10,t,1
11126725,42829,594,42235,Australia,Private room,1,1,120,5,9,10,9,f,1
2082765,42829,2876,39953,Australia,Entire home/apt,1,1,180,10,9,10,9,f,1
9815988,42829,1441,41388,Australia,Private room,1,1,78,1,10,10,10,f,1
13027238,42829,325,42504,Australia,Private room,1,1,169,29,9,10,9,f,1
17319836,42829,364,42465,Australia,Private room,1,1,91,7,10,10,10,f,1
7653254,42829,612,42217,Australia,Private room,1,1,175,4,10,10,10,f,1
16893789,42829,759,42070,Australia,Entire home/apt,1,1,275,0,,,,f,1
9684791,42829,494,42335,Australia,Entire home/apt,1,1,150,1,10,10,10,f,1
14698186,42829,1715,41114,Australia,Entire home/apt,1,0,290,3,9,10,9,f,1
16434886,42829,106,42723,Australia,Private room,1,1,105,2,10,10,9,f,1
3917500,42829,974,41855,Australia,Entire home/apt,1,1,141,26,10,10,10,f,1
16369336,42829,111,42718,Australia,Entire home/apt,1,1,145,7,9,10,10,t,1
17286827,42829,77,42752,Australia,Private room,2,3,80,1,10,10,10,t,1
4802208,42829,1689,41140,Australia,Entire home/apt,1,0,120,18,7,10,8,f,1
16303768,42829,390,42439,Australia,Private room,1,1,102,1,10,10,10,t,1
10929804,42829,431,42398,Australia,Shared room,1,1,66,0,,,,f,1
5195337,42829,797,42032,Australia,Private room,1,1,80,115,10,10,10,f,1
9684540,42829,494,42335,Australia,Private room,1,1,110,19,8,10,9,f,1
3655214,42829,989,41840,Australia,Private room,1,1,95,1,8,10,8,f,1
10679935,42829,1845,40984,Australia,Entire home/apt,1,1,160,38,10,10,9,t,1
6267142,42829,1581,41248,Australia,Entire home/apt,1,1,171,2,8,10,8,f,1
15484444,42829,1204,41625,Australia,Entire home/apt,1,0,105,3,10,10,10,f,1
15255069,42829,972,41857,Australia,Private room,1,1,42,4,9,9,9,t,1
2999833,42829,1208,41621,Australia,Entire home/apt,1,1,169,6,10,10,10,t,1
2672126,42829,1102,41727,Australia,Entire home/apt,2,2,180,1,8,8,8,f,1
16795132,42829,804,42025,Australia,Private room,1,1,59,8,9,9,9,f,1
15844849,42829,418,42411,Australia,Entire home/apt,1,1,129,24,9,10,9,t,1
9618927,42829,573,42256,Australia,Private room,1,1,105,2,10,10,10,f,1
9979376,42829,1519,41310,Australia,Private room,1,1,70,0,,,,f,1
6800857,42829,1342,41487,Australia,Entire home/apt,2,3,349,23,10,10,10,f,1
10503593,42829,1319,41510,Australia,Private room,1,1,75,87,9,10,10,f,1
9827909,42829,1459,41370,Australia,Entire home/apt,1,1,95,1,8,10,10,f,1
13256023,42829,311,42518,Australia,Private room,1,1,79,7,10,10,9,f,1
4834631,42829,1424,41405,Australia,Private room,1.5,1,64,22,10,10,10,f,1
4769080,42829,1278,41551,Australia,Entire home/apt,2,2,250,5,7,10,8,f,1
15844657,42829,728,42101,Australia,Entire home/apt,2.5,3,650,0,,,,f,1
16511813,42829,226,42603,Australia,Private room,1,3,84,5,7,9,8,t,1
8372854,42829,1528,41301,Australia,Entire home/apt,1,2,150,1,10,10,10,f,1
9683560,42829,1639,41190,Australia,Entire home/apt,1,2,346,0,,,,f,1
6998800,42829,655,42174,Australia,Private room,1.5,1,109,1,8,10,8,f,1
16564787,42829,95,42734,Australia,Private room,1,1,70,10,10,10,10,f,1
16532017,42829,175,42654,Australia,Private room,1,1,100,1,10,10,6,f,1
16564781,42829,95,42734,Australia,Private room,1,1,100,0,,,,f,1
16368164,42829,495,42334,Australia,Private room,1,1,75,2,10,9,9,f,1
5751283,42829,743,42086,Australia,Entire home/apt,2.5,3,545,95,9,10,9,t,1
3523101,42829,1002,41827,Australia,Entire home/apt,2,2,290,9,10,10,9,f,1
16695810,42829,360,42469,Australia,Private room,1,1,64,0,,,,t,1
12632568,42829,345,42484,Australia,Private room,1,1,67,5,10,9,10,f,1
639470,42829,2000,40829,Australia,Entire home/apt,1,2,215,2,9,10,10,f,1
5423575,42829,773,42056,Australia,Entire home/apt,1,1,112,0,,,,f,1
5980583,42829,1581,41248,Australia,Entire home/apt,2,2,225,1,8,8,8,f,1
5980535,42829,1581,41248,Australia,Entire home/apt,2,2,194,1,10,10,8,f,1
12632432,42829,740,42089,Australia,Entire home/apt,1,1,95,1,10,10,10,f,1
13451627,42829,334,42495,Australia,Entire home/apt,2,2,309,0,,,,f,1
17351004,42829,1726,41103,Australia,Entire home/apt,1,1,155,0,,,,f,1
10076503,42829,932,41897,Australia,Private room,1,1,101,14,9,9,10,f,1
17613106,42829,925,41904,Australia,Private room,1,1,74,1,10,10,10,t,1
10141999,42829,469,42360,Australia,Private room,1.5,1,49,1,,,,t,1
17547569,42829,31,42798,Australia,Private room,1,1,43,0,,,,t,1
9814300,42829,486,42343,Australia,Entire home/apt,2,2,300,1,10,10,10,f,1
7194180,42829,850,41979,Australia,Private room,2.5,1,55,1,8,10,8,f,1
11978312,42829,378,42451,Australia,Private room,2,1,39,1,8,10,10,f,1
17253337,42829,516,42313,Australia,Private room,1,1,120,0,,,,f,1
5030830,42829,814,42015,Australia,Entire home/apt,1,0,120,63,10,9,10,f,1
5817266,42829,737,42092,Australia,Entire home/apt,1,0,150,1,4,10,10,f,1
9159581,42829,707,42122,Australia,Entire home/apt,2,2,229,61,9,10,9,t,1
6603003,42829,2489,40340,Australia,Entire home/apt,1,0,150,2,10,10,10,f,1
9814170,42829,692,42137,Australia,Entire home/apt,2,2,275,10,9,10,9,f,1
6504599,42829,683,42146,Australia,Entire home/apt,1,1,175,12,10,10,10,f,1
9683087,42829,1414,41415,Australia,Entire home/apt,1,2,250,29,8,9,9,t,1
9093248,42829,974,41855,Australia,Private room,1,1,250,0,,,,t,1
13484115,42829,1595,41234,Australia,Private room,1,1,120,39,10,10,10,f,1
17809503,42829,1335,41494,Australia,Private room,2,,67,0,,,,f,1
15646753,42829,204,42625,Australia,Private room,1,1,150,1,10,10,8,f,1
4112358,42829,1073,41756,Australia,Private room,1,1,114,26,10,10,10,f,1
12238747,42829,394,42435,Australia,Entire home/apt,1,2,290,37,10,10,9,f,1
9420711,42829,520,42309,Australia,Shared room,1,1,39,0,,,,f,1
11050984,42829,458,42371,Australia,Entire home/apt,1.5,3,219,18,9,10,9,t,1
17350517,42829,224,42605,Australia,Entire home/apt,1,1,227,2,9,10,9,t,1
13418348,42829,1307,41522,Australia,Entire home/apt,1,1,100,1,10,10,10,f,1
15974985,42829,1108,41721,Australia,Private room,1.5,1,89,3,9,10,9,f,1
16302658,42829,120,42709,Australia,Entire home/apt,1,1,160,21,9,10,8,t,1
7421755,42829,1322,41507,Australia,Private room,1,1,75,35,9,10,10,t,1
5611489,42829,756,42073,Australia,Entire home/apt,1,1,100,2,8,9,8,f,1
2867004,42829,1077,41752,Australia,Entire home/apt,1,1,150,0,,,,f,1
2211585,42829,1176,41653,Australia,Private room,1,1,130,139,9,10,10,f,1
15646517,42829,549,42280,Australia,Entire home/apt,2,4,200,11,8,9,9,f,1
9944701,42829,1404,41425,Australia,Private room,1.5,1,130,33,9,10,9,f,1
12689338,42829,1313,41516,Australia,Entire home/apt,1,1,124,61,8,9,9,t,1
4898368,42829,830,41999,Australia,Private room,2,1,43,134,7,10,8,f,1
9354832,42829,607,42222,Australia,Entire home/apt,1,1,197,0,,,,f,1
2702926,42829,1098,41731,Australia,Private room,1,1,185,6,9,10,9,f,1
17546828,42829,417,42412,Australia,Private room,1.5,1,120,0,,,,t,1
3980873,42829,1364,41465,Australia,Entire home/apt,3.5,4,537,4,7,9,7,f,1
4439559,42829,1358,41471,Australia,Entire home/apt,1,0,95,168,9,9,9,f,1
8764978,42829,856,41973,Australia,Entire home/apt,1,1,130,7,7,8,8,f,1
7061024,42829,645,42184,Australia,Entire home/apt,1,1,116,25,10,10,10,f,1
6201263,42829,1573,41256,Australia,Private room,2,1,55,39,8,10,9,f,1
9944610,42829,1716,41113,Australia,Private room,1,1,100,0,,,,f,1
4505099,42829,881,41948,Australia,Private room,1,1,80,16,10,9,9,t,1
17284611,42829,48,42781,Australia,Private room,1,1,75,3,8,8,8,t,1
17546737,42829,1590,41239,Australia,Entire home/apt,1,0,700,0,,,,t,1
15121894,42829,1075,41754,Australia,Private room,1,1,130,15,10,10,9,f,1
9682412,42829,817,42012,Australia,Private room,2,1,80,7,10,9,10,f,1
6405588,42829,1742,41087,Australia,Entire home/apt,1,1,141,0,,,,f,1
14597578,42829,427,42402,Australia,Entire home/apt,1,1,189,32,10,10,9,t,1
5750219,42829,744,42085,Australia,Entire home/apt,1,2,219,13,9,9,9,f,1
2899401,42829,1209,41620,Australia,Private room,1,1,99,8,9,10,10,t,1
5750198,42829,1364,41465,Australia,Entire home/apt,1,1,250,13,8,9,8,f,1
15318458,42829,1060,41769,Australia,Entire home/apt,1,1,100,0,,,,f,1
10665341,42829,1508,41321,Australia,Entire home/apt,1,0,110,81,9,10,10,f,1
7060893,42829,1165,41664,Australia,Private room,1,1,50,0,,,,f,1
10535120,42829,448,42381,Australia,Private room,1,1,85,2,9,10,8,f,1
4702406,42829,1780,41049,Australia,Entire home/apt,2,1,395,2,10,10,10,f,1
8044730,42829,1057,41772,Australia,Entire home/apt,1,2,239,2,7,10,7,f,1
6996116,42829,1401,41428,Australia,Private room,1,1,91,84,10,10,10,f,1
9223554,42829,854,41975,Australia,Private room,1,1,150,9,10,10,10,f,1
14204291,42829,653,42176,Australia,Entire home/apt,1,1,47,1,10,10,10,f,1
12696944,42829,343,42486,Australia,Private room,1,1,300,1,,,,t,1
6274392,42829,1573,41256,Australia,Private room,2,1,50,50,7,9,8,t,1
17546499,42829,688,42141,Australia,Private room,1,2,109,0,,,,t,1
11517135,42829,401,42428,Australia,Entire home/apt,1,1,210,0,,,,f,1
2210997,42829,1177,41652,Australia,Shared room,1,1,72,3,9,9,9,f,1
8961152,42829,534,42295,Australia,Private room,1,1,99,135,9,10,9,t,1
310414,42829,1910,40919,Australia,Private room,1,1,100,85,10,10,9,f,1
9371141,42829,512,42317,Australia,Entire home/apt,2,3,200,1,6,10,10,f,1
11517044,42829,1732,41097,Australia,Entire home/apt,1,1,210,22,9,10,9,f,1
9616501,42829,1675,41154,Australia,Private room,1,1,150,3,9,10,9,f,1
8961126,42829,989,41840,Australia,Entire home/apt,1,1,250,1,10,10,8,f,1
17284185,42829,436,42393,Australia,Private room,1,1,100,3,10,10,10,f,1
17546316,42829,1064,41765,Australia,Entire home/apt,2,2,349,6,10,10,10,f,1
7715899,42829,893,41936,Australia,Entire home/apt,1,2,230,40,9,10,9,t,1
17742915,42829,31,42798,Australia,Private room,1,1,120,2,7,9,8,t,1
16432184,42829,1166,41663,Australia,Entire home/apt,1,0,150,12,8,10,8,t,1
637986,42829,1812,41017,Australia,Entire home/apt,2,2,250,12,10,10,9,f,1
8829966,42829,997,41832,Australia,Private room,0.5,1,70,5,9,9,9,f,1
16432105,42829,240,42589,Australia,Entire home/apt,1,0,250,1,10,10,10,f,1
14597070,42829,594,42235,Australia,Entire home/apt,1,0,155,24,10,10,10,t,1
16366557,42829,1144,41685,Australia,Entire home/apt,1,1,191,6,9,10,9,t,1
16812670,42829,1229,41600,Australia,Entire home/apt,1,1,145,10,9,10,9,t,1
11976474,42829,1666,41163,Australia,Entire home/apt,1,1,100,2,10,10,10,f,1
3522326,42829,1115,41714,Australia,Entire home/apt,2,2,459,3,9,10,10,f,1
6340333,42829,1398,41431,Australia,Private room,1,1,60,62,10,10,10,f,1
13549289,42829,366,42463,Australia,Private room,2,1,39,0,,,,f,1
5947105,42829,1585,41244,Australia,Entire home/apt,1,1,218,3,10,10,9,f,1
15515308,42829,247,42582,Australia,Shared room,1,1,24,0,,,,f,1
11728035,42829,925,41904,Australia,Entire home/apt,2,2,180,3,9,10,10,f,1
9812937,42829,1079,41750,Australia,Entire home/apt,1,1,200,4,10,10,10,f,1
122699,42829,2336,40493,Australia,Private room,1,1,88,28,10,9,10,f,1
4766604,42829,1289,41540,Australia,Entire home/apt,1,1,92,101,9,9,9,t,1
5815223,42829,1829,41000,Australia,Entire home/apt,1,1,148,2,6,10,8,f,1
15638307,42829,623,42206,Australia,Private room,1,1,212,1,10,10,8,f,1
8829639,42829,715,42114,Australia,Entire home/apt,1,2,99,2,10,10,10,f,1
16169613,42829,1265,41564,Australia,Private room,1,1,197,0,,,,t,1
2407046,42829,1148,41681,Australia,Entire home/apt,2,2,349,5,10,10,10,f,1
17611397,42829,405,42424,Australia,Private room,1,1,91,1,10,10,10,f,1
8239719,42829,1359,41470,Australia,Entire home/apt,1,1,166,1,10,10,8,f,1
7846499,42829,600,42229,Australia,Private room,1,1,79,1,10,10,10,f,1
15572749,42829,1099,41730,Australia,Entire home/apt,2,2,309,1,10,8,10,f,1
14924329,42829,441,42388,Australia,Entire home/apt,1,0,139,53,9,10,9,t,1
17480235,42829,985,41844,Australia,Private room,1,1,91,0,,,,f,1
703003,42829,1659,41170,Australia,Entire home/apt,2,2,189,30,9,10,9,t,1
7584284,42829,1476,41353,Australia,Entire home/apt,1,1,221,19,9,10,9,f,1
6528770,42829,681,42148,Australia,Entire home/apt,1,1,100,2,10,10,10,f,1
10074604,42829,622,42207,Australia,Private room,1,1,80,1,8,8,8,f,1
13941225,42829,268,42561,Australia,Private room,1,1,200,0,,,,f,1
14924249,42829,885,41944,Australia,Shared room,1,1,29,7,10,10,10,f,1
9759975,42829,959,41870,Australia,Entire home/apt,1,1,160,79,9,10,9,f,1
9616717,42829,617,42212,Australia,Private room,1,1,102,29,9,10,9,f,1
16432406,42829,1313,41516,Australia,Entire home/apt,1,0,124,20,9,10,9,t,1
7093522,42829,1613,41216,Australia,Private room,1,1,95,0,,,,f,1
11123983,42829,426,42403,Australia,Shared room,1,1,38,14,8,9,8,f,1
8632711,42829,553,42276,Australia,Entire home/apt,1,1,155,0,,,,f,1
1897774,42829,1598,41231,Australia,Entire home/apt,1,1,120,93,9,9,9,f,1
16169294,42829,1707,41122,Australia,Entire home/apt,1,1,105,1,10,10,10,f,1
10074410,42829,1037,41792,Australia,Private room,2,1,50,3,8,9,9,f,1
7387390,42829,1652,41177,Australia,Entire home/apt,2,2,150,6,8,10,10,f,1
14268658,42829,1302,41527,Australia,Entire home/apt,1,0,130,1,8,10,8,f,1
7059639,42829,2422,40407,Australia,Entire home/apt,1,2,180,9,8,10,9,f,1
16365753,42829,1780,41049,Australia,Entire home/apt,1,1,198,8,10,10,10,f,1
9051847,42829,546,42283,Australia,Entire home/apt,1,1,116,37,9,9,9,t,1
10074280,42829,598,42231,Australia,Private room,1,1,657,0,,,,f,1
11640512,42829,1218,41611,Australia,Entire home/apt,2.5,2,280,4,10,9,10,f,1
9615444,42829,1043,41786,Australia,Entire home/apt,1,1,200,0,,,,f,1
12367927,42829,358,42471,Australia,Entire home/apt,2,2,296,45,10,10,10,t,1
16431168,42829,106,42723,Australia,Entire home/apt,1,1,145,9,10,10,10,t,1
2027798,42829,2085,40744,Australia,Entire home/apt,1,2,194,81,9,9,9,t,1
14269344,42829,899,41930,Australia,Entire home/apt,1,1,120,4,10,10,10,f,1
9157521,42829,1507,41322,Australia,Entire home/apt,2,2,219,0,,,,f,1
4185909,42829,1521,41308,Australia,Entire home/apt,1,1,159,136,10,10,10,f,1
2079579,42829,1482,41347,Australia,Entire home/apt,1,1,160,0,,,,f,1
8960811,42829,534,42295,Australia,Private room,1,1,99,140,9,10,10,t,1
13889500,42829,532,42297,Australia,Private room,1,1,75,0,,,,t,1
10624818,42829,1065,41764,Australia,Entire home/apt,2,2,200,61,8,9,9,f,1
8370990,42829,569,42260,Australia,Entire home/apt,1,0,198,7,10,10,9,f,1
15776554,42829,335,42494,Australia,Entire home/apt,1,0,192,1,10,10,10,f,1
3579696,42829,997,41832,Australia,Entire home/apt,2,2,200,4,10,10,10,f,1
4766487,42829,976,41853,Australia,Entire home/apt,1,1,175,4,10,10,10,t,1
15121165,42829,690,42139,Australia,Private room,1,1,63,0,,,,f,1
11400318,42829,407,42422,Australia,Entire home/apt,1,2,120,3,10,9,9,f,1
10861302,42829,917,41912,Australia,Entire home/apt,1,1,150,4,6,9,8,t,1
4504305,42829,1344,41485,Australia,Entire home/apt,1,1,120,7,9,10,8,f,1
2079449,42829,1991,40838,Australia,Entire home/apt,1,2,180,75,8,9,8,f,1
3586074,42829,996,41833,Australia,Shared room,1,1,120,4,7,10,10,f,1
10867042,42829,518,42311,Australia,Private room,1,1,150,1,10,8,8,f,1
17287509,42829,48,42781,Australia,Entire home/apt,1,1,95,3,10,10,10,f,1
7780348,42829,631,42198,Australia,Entire home/apt,1,1,189,12,10,9,9,f,1
16234043,42829,464,42365,Australia,Private room,1,1,95,0,,,,f,1
12957219,42829,690,42139,Australia,Entire home/apt,1,1,110,57,10,10,10,f,1
9697788,42829,1188,41641,Australia,Entire home/apt,1,2,185,2,10,10,10,f,1
9156102,42829,570,42259,Australia,Private room,1,1,99,96,8,9,9,t,1
4503074,42829,882,41947,Australia,Entire home/apt,1,0,150,1,,,,f,1
11154941,42829,2156,40673,Australia,Private room,1.5,1,32,1,10,10,10,f,1
4175354,42829,1385,41444,Australia,Entire home/apt,1,1,108,8,8,10,9,f,1
14857702,42829,215,42614,Australia,Entire home/apt,1,0,108,32,9,10,10,t,1
4568503,42829,1553,41276,Australia,Private room,1,1,100,16,10,10,9,f,1
12972956,42829,364,42465,Australia,Private room,1,1,41,2,10,8,10,f,1
10270078,42829,1280,41549,Australia,Private room,1,1,59,0,,,,f,1
13808994,42829,1705,41124,Australia,Private room,2,1,99,54,10,10,10,f,1
13481300,42829,329,42500,Australia,Entire home/apt,1,1,109,86,10,10,9,t,1
17544564,42829,614,42215,Australia,Entire home/apt,2.5,2,198,2,10,10,10,f,1
17347940,42829,1632,41197,Australia,Entire home/apt,1,2,250,4,10,10,10,f,1
16430425,42829,1126,41703,Australia,Entire home/apt,1,2,300,5,10,10,10,f,1
7314996,42829,853,41976,Australia,Entire home/apt,1,1,191,2,10,10,10,f,1
9942314,42829,1343,41486,Australia,Entire home/apt,1,2,179,0,,,,f,1
16430356,42829,723,42106,Australia,Entire home/apt,1,2,194,14,9,10,9,t,1
13415685,42829,897,41932,Australia,Private room,1,1,88,6,9,10,9,f,1
14076307,42829,260,42569,Australia,Entire home/apt,1,1,101,1,10,10,10,f,1
13579603,42829,290,42539,Australia,Private room,1,1,50,1,10,10,10,f,1
11515138,42829,891,41938,Australia,Private room,1,1,99,6,10,10,10,f,1
2667767,42829,1102,41727,Australia,Private room,1,1,91,3,8,10,10,f,1
9614579,42829,1214,41615,Australia,Private room,1,1,85,10,10,9,9,f,1
2340068,42829,1436,41393,Australia,Private room,1,1,109,46,10,10,9,f,1
1815619,42829,1264,41565,Australia,Entire home/apt,1,0,120,212,9,9,9,f,1
16692404,42829,574,42255,Australia,Private room,1,1,91,9,10,10,10,f,1
1700719,42829,1732,41097,Australia,Private room,1,1,89,16,9,9,9,f,1
11187345,42829,575,42254,Australia,Entire home/apt,1,1,850,2,9,9,10,f,1
17937515,42829,42829,,Australia,Entire home/apt,1,1,139,0,,,,t,1
2012252,42829,1221,41608,Australia,Entire home/apt,1,2,300,5,10,10,10,f,1
12956751,42829,1048,41781,Australia,Entire home/apt,1,1,180,3,9,10,9,t,1
16299073,42829,129,42700,Australia,Entire home/apt,2,3,300,12,8,8,8,t,1
9352238,42829,1405,41424,Australia,Entire home/apt,2,2,191,1,10,10,10,f,1
14267436,42829,638,42191,Australia,Private room,1,1,58,0,,,,f,1
5551123,42829,1043,41786,Australia,Entire home/apt,2,2,399,0,,,,f,1
16429969,42829,504,42325,Australia,Private room,1,1,85,8,10,10,10,f,1
4371289,42829,1328,41501,Australia,Entire home/apt,1,0,135,65,10,10,10,t,1
4567941,42829,1398,41431,Australia,Entire home/apt,2.5,4,250,8,10,10,10,f,1
16167776,42829,536,42293,Australia,Private room,2,1,60,4,10,10,10,f,1
837775,42829,1575,41254,Australia,Entire home/apt,1,1,150,2,9,10,8,f,1
15972221,42829,141,42688,Australia,Entire home/apt,2,4,420,0,,,,t,1
15758309,42829,158,42671,Australia,Entire home/apt,1.5,2,300,7,9,10,10,t,1
7518033,42829,1859,40970,Australia,Private room,2,1,50,11,9,10,9,f,1
7059277,42829,1329,41500,Australia,Entire home/apt,1,1,95,0,,,,f,1
2012984,42829,1653,41176,Australia,Private room,1,1,60,40,9,10,9,t,1
11777836,42829,388,42441,Australia,Private room,1.5,1,35,2,4,9,7,f,1
4568867,42829,1599,41230,Australia,Entire home/apt,1.5,2,250,1,8,10,6,f,1
11974409,42829,549,42280,Australia,Entire home/apt,1,1,169,72,8,9,9,t,1
3585821,42829,997,41832,Australia,Entire home/apt,1,1,139,9,10,10,10,f,1
15102936,42829,1537,41292,Australia,Private room,2,1,70,0,,,,f,1
9204694,42829,830,41999,Australia,Entire home/apt,1,1,87,10,10,10,10,t,1
8042238,42829,947,41882,Australia,Entire home/apt,1,1,180,7,10,10,10,f,1
15578868,42829,1181,41648,Australia,Private room,1,1,50,0,,,,f,1
6338278,42829,695,42134,Australia,Entire home/apt,1,2,185,3,10,10,10,f,1
6534880,42829,680,42149,Australia,Private room,2,1,210,21,9,10,9,f,1
9811681,42829,1668,41161,Australia,Entire home/apt,1,1,175,2,9,10,10,f,1
8599263,42829,554,42275,Australia,Private room,1,1,50,0,,,,f,1
16365233,42829,929,41900,Australia,Entire home/apt,1,1,399,1,10,10,6,t,1
6665884,42829,671,42158,Australia,Entire home/apt,1.5,1,141,58,10,10,9,f,1
5224098,42829,1029,41800,Australia,Entire home/apt,1,1,75,13,10,10,10,f,1
5224079,42829,1185,41644,Australia,Entire home/apt,2,2,160,59,9,9,9,f,1
1685109,42829,1294,41535,Australia,Entire home/apt,1,2,250,57,10,10,10,f,1
7026296,42829,648,42181,Australia,Entire home/apt,1.5,1,80,1,10,10,8,f,1
15775332,42829,1632,41197,Australia,Entire home/apt,2,3,280,24,10,10,9,f,1
9811542,42829,487,42342,Australia,Private room,1.5,1,64,17,8,10,9,f,1
7845440,42829,600,42229,Australia,Private room,2,1,80,0,,,,f,1
16446389,42829,1098,41731,Australia,Entire home/apt,1,1,255,2,9,10,9,f,1
12890967,42829,334,42495,Australia,Entire home/apt,1,1,250,10,8,10,8,f,1
16418957,42829,107,42722,Australia,Entire home/apt,1,1,205,1,10,10,10,t,1
5223228,42829,793,42036,Australia,Entire home/apt,1,1,260,49,9,10,9,t,1
6569084,42829,1177,41652,Australia,Private room,1,1,300,1,,,,f,1
17609537,42829,28,42801,Australia,Private room,4,1,80,2,10,10,10,f,1
12497341,42829,351,42478,Australia,Entire home/apt,1,1,91,0,,,,f,1
6926743,42829,1997,40832,Australia,Entire home/apt,2,2,175,3,9,9,9,f,1
11645325,42829,394,42435,Australia,Entire home/apt,1,1,191,8,10,10,9,f,1
12497257,42829,2172,40657,Australia,Entire home/apt,1,1,85,47,9,10,9,f,1
9220459,42829,519,42310,Australia,Entire home/apt,1,1,80,5,8,10,9,f,1
16691533,42829,86,42743,Australia,Entire home/apt,1,0,179,14,10,10,8,t,1
8106301,42829,1205,41624,Australia,Entire home/apt,2,2,296,0,,,,f,1
4370728,42829,1624,41205,Australia,Entire home/apt,1,1,118,12,8,10,9,f,1
6926580,42829,707,42122,Australia,Private room,1,1,89,102,9,10,9,t,1
5288212,42829,787,42042,Australia,Entire home/apt,1,1,160,1,6,10,8,f,1
9351421,42829,513,42316,Australia,Entire home/apt,1,1,169,3,9,10,10,f,1
17079676,42829,121,42708,Australia,Private room,1,1,118,4,9,10,10,f,1
11972844,42829,379,42450,Australia,Private room,1,1,280,0,,,,f,1
4698283,42829,1570,41259,Australia,Entire home/apt,1,0,105,146,9,10,9,f,1
16101554,42829,428,42401,Australia,Entire home/apt,1,1,191,2,9,9,7,f,1
10395611,42829,1413,41416,Australia,Private room,1,1,75,5,10,10,10,f,1
9156574,42829,597,42232,Australia,Private room,1,1,95,59,10,9,10,t,1
4503516,42829,1035,41794,Australia,Entire home/apt,1,2,200,15,9,10,9,f,1
1161169,42829,1424,41405,Australia,Private room,1.5,1,141,6,7,10,8,f,1
9222105,42829,880,41949,Australia,Entire home/apt,2,2,325,0,,,,f,1
15972281,42829,859,41970,Australia,Entire home/apt,1,1,250,1,10,10,8,f,1
1226644,42829,1402,41427,Australia,Entire home/apt,1,1,110,74,9,10,10,t,1
6338462,42829,695,42134,Australia,Entire home/apt,1,2,120,12,9,9,10,f,1
16168859,42829,126,42703,Australia,Entire home/apt,1,1,120,9,10,10,10,f,1
5355343,42829,936,41893,Australia,Private room,1,1,99,157,9,10,9,t,1
11974547,42829,594,42235,Australia,Private room,1,1,120,1,4,10,4,f,1
3585936,42829,1530,41299,Australia,Entire home/apt,1,1,110,8,10,10,10,f,1
15316866,42829,206,42623,Australia,Entire home/apt,1,2,230,19,9,10,9,t,1
17479560,42829,1733,41096,Australia,Private room,1,1,120,1,10,10,10,f,1
6665435,42829,862,41967,Australia,Private room,1,1,120,34,10,10,9,f,1
17608565,42829,807,42022,Australia,Private room,1,1,200,1,10,10,10,f,1
13676397,42829,284,42545,Australia,Entire home/apt,2.5,2,100,1,,,,t,1
6926136,42829,1005,41824,Australia,Private room,1,1,81,55,9,10,9,t,1
15707983,42829,159,42670,Australia,Private room,1.5,1,60,5,10,10,10,f,1
10268470,42829,461,42368,Australia,Entire home/apt,1,2,198,0,,,,f,1
6008534,42829,854,41975,Australia,Entire home/apt,2,2,222,167,9,10,9,f,1
16690975,42829,1402,41427,Australia,Private room,1,1,89,0,,,,f,1
13283045,42829,780,42049,Australia,Private room,1,1,250,0,,,,f,1
6860508,42829,664,42165,Australia,Private room,1,1,120,0,,,,f,1
2042994,42829,1215,41614,Australia,Entire home/apt,1,0,80,40,8,9,9,f,1
11323339,42829,1090,41739,Australia,Entire home/apt,1,1,200,2,8,10,10,f,1
7271029,42829,1461,41368,Australia,Entire home/apt,1,1,240,2,9,9,9,f,1
765623,42829,1615,41214,Australia,Entire home/apt,1,2,180,6,10,8,9,f,1
15150763,42829,195,42634,Australia,Private room,1.5,1,60,6,9,10,9,f,1
10595983,42829,446,42383,Australia,Entire home/apt,1,2,180,0,,,,f,1
9940564,42829,854,41975,Australia,Private room,1,1,64,29,7,9,8,f,1
15511132,42829,859,41970,Australia,Entire home/apt,2.5,2,349,0,,,,f,1
12234303,42829,370,42459,Australia,Entire home/apt,1,1,104,14,9,9,9,t,1
2731584,42829,1658,41171,Australia,Entire home/apt,,,160,0,,,,f,1
2339516,42829,1570,41259,Australia,Entire home/apt,1,0,105,176,9,10,9,f,1
15119095,42829,269,42560,Australia,Private room,1,1,105,9,9,10,10,f,1
16233200,42829,1766,41063,Australia,Entire home/apt,1,2,250,3,8,10,9,f,1
9351906,42829,525,42304,Australia,Private room,2,1,64,3,3,8,5,f,1
9810655,42829,1196,41633,Australia,Private room,1,1,105,0,,,,f,1
16364244,42829,879,41950,Australia,Entire home/apt,1,1,200,3,9,10,9,f,1
12972834,42829,733,42096,Australia,Entire home/apt,1,1,91,1,10,10,10,f,1
9614028,42829,1214,41615,Australia,Entire home/apt,1,2,150,18,9,9,10,f,1
14856867,42829,418,42411,Australia,Entire home/apt,1,0,109,30,8,10,9,t,1
16102054,42829,639,42190,Australia,Entire home/apt,1,1,150,10,9,10,9,f,1
15441341,42829,758,42071,Australia,Entire home/apt,2,3,300,32,9,10,9,f,1
9810531,42829,487,42342,Australia,Private room,2,1,79,56,10,10,10,f,1
9810515,42829,692,42137,Australia,Entire home/apt,1,2,296,7,8,9,9,f,1
16036420,42829,473,42356,Australia,Private room,1,1,60,0,,,,f,1
17549406,42829,751,42078,Australia,Entire home/apt,1,1,100,0,,,,f,1
16364076,42829,1723,41106,Australia,Entire home/apt,1,1,244,17,9,10,9,t,1
6238763,42829,720,42109,Australia,Private room,3.5,1,64,20,9,10,9,t,1
6926861,42829,841,41988,Australia,Private room,2,1,60,2,7,8,8,f,1
8171992,42829,719,42110,Australia,Private room,1,1,100,1,8,10,8,f,1
15053261,42829,652,42177,Australia,Entire home/apt,2,2,200,14,9,9,9,t,1
10531280,42829,448,42381,Australia,Private room,1,1,28,4,6,10,9,f,1
11644052,42829,714,42115,Australia,Private room,1,1,101,20,10,9,10,f,1
16166042,42829,128,42701,Australia,Private room,1,1,85,1,10,10,10,f,1
4959339,42829,830,41999,Australia,Private room,2,1,42,103,7,9,8,f,1
9743495,42829,2906,39923,Australia,Private room,1,1,110,20,10,10,9,f,1
15248510,42829,835,41994,Australia,Private room,1,1,64,13,8,9,9,f,1
4435002,42829,1433,41396,Australia,Entire home/apt,1.5,2,279,87,9,10,9,t,1
1629368,42829,1307,41522,Australia,Entire home/apt,1,1,200,34,10,10,9,t,1
16231501,42829,1354,41475,Australia,Entire home/apt,3,4,551,2,9,10,10,f,1
10398788,42829,454,42375,Australia,Entire home/apt,2,2,191,6,9,10,9,f,1
6007850,42829,1402,41427,Australia,Private room,1,1,60,0,,,,f,1
15313542,42829,393,42436,Australia,Entire home/apt,2,2,349,1,8,10,10,f,1
13349313,42829,304,42525,Australia,Entire home/apt,2,0,394,0,,,,f,1
6531710,42829,1581,41248,Australia,Entire home/apt,2,2,217,0,,,,f,1
16165480,42829,1364,41465,Australia,Entire home/apt,2,3,311,0,,,,f,1
6790245,42829,1294,41535,Australia,Private room,1,1,200,1,10,10,8,f,1
15378996,42829,318,42511,Australia,Private room,1,1,83,8,10,10,10,f,1
16755246,42829,82,42747,Australia,Private room,1,2,100,1,6,8,4,t,1
9349663,42829,1147,41682,Australia,Private room,1,1,76,1,2,10,6,f,1
7776789,42829,604,42225,Australia,Private room,1,1,100,1,2,10,2,f,1
14526900,42829,1037,41792,Australia,Entire home/apt,1,1,125,22,10,10,9,f,1
9612755,42829,708,42121,Australia,Entire home/apt,1.5,3,480,42,9,10,9,t,1
9350614,42829,1090,41739,Australia,Entire home/apt,1,2,219,16,8,10,9,f,1
10726862,42829,440,42389,Australia,Private room,1,1,99,0,,,,f,1
13086137,42829,334,42495,Australia,Entire home/apt,1,1,229,22,8,10,9,f,1
9219511,42829,568,42261,Australia,Entire home/apt,1,0,180,3,5,9,8,f,1
1944996,42829,1302,41527,Australia,Entire home/apt,1,0,130,18,10,10,9,f,1
7712099,42829,609,42220,Australia,Entire home/apt,1,1,75,22,9,10,9,f,1
2075993,42829,1430,41399,Australia,Entire home/apt,1,1,150,5,10,9,8,f,1
16559446,42829,513,42316,Australia,Entire home/apt,2,2,275,9,10,10,10,t,1
16887125,42829,950,41879,Australia,Private room,1,1,64,6,10,10,10,f,1
9481553,42829,764,42065,Australia,Private room,2,1,50,2,8,10,8,f,1
11447589,42829,545,42284,Australia,Entire home/apt,1,2,198,28,8,10,9,f,1
4682288,42829,1832,40997,Australia,Private room,1,1,102,1,2,6,6,f,1
13020425,42829,334,42495,Australia,Entire home/apt,1,2,339,14,8,10,9,f,1
15903996,42829,517,42312,Australia,Entire home/apt,2,3,300,12,10,10,10,t,1
9481459,42829,617,42212,Australia,Entire home/apt,1,0,92,71,8,10,8,t,1
10274687,42829,644,42185,Australia,Entire home/apt,2,2,300,0,,,,f,1
6663408,42829,707,42122,Australia,Private room,1,1,95,48,9,9,8,f,1
9219320,42829,1737,41092,Australia,Entire home/apt,1,1,551,1,4,10,4,f,1
9284841,42829,735,42094,Australia,Entire home/apt,1,1,150,0,,,,f,1
13610187,42829,288,42541,Australia,Private room,1,1,50,1,10,10,10,f,1
4583830,42829,1358,41471,Australia,Entire home/apt,1,1,110,9,9,10,10,f,1
13871469,42829,2162,40667,Australia,Private room,1,1,60,1,10,10,10,f,1
6531430,42829,1581,41248,Australia,Entire home/apt,2,2,285,8,8,10,9,f,1
11970913,42829,637,42192,Australia,Private room,1,1,58,1,4,6,6,f,1
17213609,42829,198,42631,Australia,Private room,1,1,80,1,10,10,8,f,1
16492686,42829,618,42211,Australia,Entire home/apt,1,1,125,4,10,10,10,t,1
12953737,42829,330,42499,Australia,Private room,0.5,1,70,0,,,,f,1
13019271,42829,1341,41488,Australia,Entire home/apt,2,2,150,0,,,,f,1
837312,42829,2133,40696,Australia,Entire home/apt,1,2,150,0,,,,f,1
15364456,42829,212,42617,Australia,Entire home/apt,2.5,3,501,0,,,,f,1
7252067,42829,635,42194,Australia,Entire home/apt,2,2,175,9,10,9,9,f,1
17934417,42829,1646,41183,Australia,Entire home/apt,1,2,180,0,,,,f,1
7776330,42829,1115,41714,Australia,Entire home/apt,1,1,240,1,10,10,10,f,1
16099399,42829,1294,41535,Australia,Private room,1,1,110,5,10,10,10,f,1
13740058,42829,280,42549,Australia,Private room,2,1,67,11,10,10,10,f,1
15968283,42829,652,42177,Australia,Entire home/apt,2,2,200,12,10,10,9,t,1
10397695,42829,1498,41331,Australia,Private room,1.5,1,64,7,9,10,9,f,1
16426993,42829,573,42256,Australia,Entire home/apt,2,3,252,0,,,,t,1
17344468,42829,270,42559,Australia,Private room,1,1,91,0,,,,f,1
760815,42829,2204,40625,Australia,Entire home/apt,1,1,100,8,7,9,7,f,1
11480581,42829,404,42425,Australia,Private room,1,1,79,39,10,10,10,f,1
8695275,42829,1178,41651,Australia,Entire home/apt,2,2,250,4,10,10,9,f,1
9349911,42829,513,42316,Australia,Entire home/apt,1,0,130,51,10,10,10,f,1
9546528,42829,502,42327,Australia,Entire home/apt,1,1,130,26,9,9,9,t,1
3713812,42829,2222,40607,Australia,Entire home/apt,1,1,110,1,10,10,10,f,1
9415438,42829,510,42319,Australia,Private room,1,1,141,1,10,10,10,f,1
17148678,42829,213,42616,Australia,Entire home/apt,1,1,120,5,8,8,9,f,1
5347995,42829,1609,41220,Australia,Entire home/apt,1,1,169,20,9,10,10,f,1
16231171,42829,1410,41419,Australia,Entire home/apt,1,1,130,6,10,10,10,f,1
9153269,42829,1670,41159,Australia,Private room,1,1,75,2,10,10,10,f,1
14330588,42829,418,42411,Australia,Entire home/apt,1,0,129,55,9,10,9,t,1
14330610,42829,296,42533,Australia,Private room,1,1,50,0,,,,f,1
14774738,42829,1073,41756,Australia,Entire home/apt,1,1,148,2,10,10,10,f,1
14920386,42829,1051,41778,Australia,Entire home/apt,1,0,177,1,10,8,6,f,1
15248046,42829,652,42177,Australia,Entire home/apt,2,2,230,18,10,10,10,t,1
17672038,42829,1206,41623,Australia,Entire home/apt,2.5,3,399,0,,,,f,1
14788435,42829,1308,41521,Australia,Private room,1,1,50,0,,,,f,1
9414295,42829,1028,41801,Australia,Private room,1,1,75,6,10,10,10,f,1
4826766,42829,1224,41605,Australia,Private room,1,1,60,1,10,10,10,f,1
16298258,42829,189,42640,Australia,Entire home/apt,1,2,399,18,10,10,9,t,1
11282020,42829,414,42415,Australia,Private room,3,1,50,2,5,7,6,f,1
16426583,42829,107,42722,Australia,Entire home/apt,1,1,109,5,8,9,8,f,1
17344077,42829,47,42782,Australia,Entire home/apt,1,1,148,1,10,10,10,t,1
16492100,42829,393,42436,Australia,Shared room,3,1,34,0,,,,f,1
5416524,42829,1373,41456,Australia,Entire home/apt,1,1,198,0,,,,f,1
4541537,42829,1985,40844,Australia,Shared room,1,1,45,4,9,10,10,f,1
17868351,42829,743,42086,Australia,Private room,1,1,70,0,,,,f,1
5086130,42829,808,42021,Australia,Private room,0.5,1,95,2,8,9,8,f,1
5875244,42829,947,41882,Australia,Entire home/apt,1,1,180,0,,,,f,1
8660527,42829,1668,41161,Australia,Private room,1,1,89,0,,,,f,1
3319338,42829,1585,41244,Australia,Entire home/apt,1,1,150,1,10,10,10,f,1
4105725,42829,1030,41799,Australia,Entire home/apt,1,1,116,93,9,10,10,f,1
10003975,42829,476,42353,Australia,Private room,1.5,1,79,1,10,8,10,f,1
2434554,42829,1138,41691,Australia,Entire home/apt,1,1,349,5,10,10,10,f,1
4433371,42829,974,41855,Australia,Private room,1,1,75,32,10,10,10,f,1
11642333,42829,1216,41613,Australia,Private room,1,1,75,21,10,10,10,f,1
8529379,42829,559,42270,Australia,Entire home/apt,1,1,311,1,10,10,10,f,1
16164329,42829,773,42056,Australia,Private room,2,1,74,0,,,,f,1
17671639,42829,161,42668,Australia,Entire home/apt,1,1,120,3,10,10,10,t,1
2991569,42829,1128,41701,Australia,Private room,1,1,50,6,9,9,9,f,1
7054781,42829,1090,41739,Australia,Entire home/apt,1,1,200,4,9,9,9,f,1
8889782,42829,552,42277,Australia,Entire home/apt,1,1,180,0,,,,f,1
10397095,42829,454,42375,Australia,Entire home/apt,2,2,169,2,9,10,9,f,1
6006174,42829,787,42042,Australia,Entire home/apt,1,1,150,1,10,10,10,f,1
7054719,42829,980,41849,Australia,Entire home/apt,1,0,130,60,9,10,9,f,1
13084998,42829,610,42219,Australia,Private room,2,1,45,0,,,,f,1
6596881,42829,1595,41234,Australia,Entire home/apt,1,0,116,80,10,9,9,f,1
3975473,42829,1226,41603,Australia,Entire home/apt,1,1,125,6,10,10,9,f,1
2140396,42829,1222,41607,Australia,Entire home/apt,1,1,175,10,9,10,10,f,1
15706312,42829,1954,40875,Australia,Entire home/apt,1.5,1,250,4,9,10,10,f,1
13019324,42829,1282,41547,Australia,Private room,1,1,150,2,9,10,9,f,1
4106426,42829,933,41896,Australia,Private room,1,1,130,0,,,,f,1
15574207,42829,168,42661,Australia,Private room,1,1,150,7,8,9,8,t,1
1778871,42829,1605,41224,Australia,Entire home/apt,2,3,300,11,10,10,10,f,1
17835179,42829,13,42816,Australia,Private room,1,1,118,0,,,,t,1
2401411,42829,1146,41683,Australia,Entire home/apt,1,1,150,112,10,10,10,f,1
6530200,42829,1581,41248,Australia,Entire home/apt,2,2,219,3,9,9,9,f,1
6005897,42829,1111,41718,Australia,Private room,1,1,50,1,10,10,10,f,1
9577573,42829,793,42036,Australia,Entire home/apt,1,1,194,2,10,10,10,f,1
15705171,42829,1445,41384,Australia,Entire home/apt,1,1,135,4,10,10,10,f,1
8690522,42829,707,42122,Australia,Private room,1,1,81,67,9,9,8,t,1
13214759,42829,313,42516,Australia,Entire home/apt,1,1,175,2,10,9,10,f,1
2139127,42829,1719,41110,Australia,Entire home/apt,1,1,120,3,10,10,9,f,1
5415930,42829,773,42056,Australia,Private room,1,1,60,0,,,,f,1
14787556,42829,749,42080,Australia,Private room,1,1,60,3,9,9,10,f,1
5645273,42829,756,42073,Australia,Entire home/apt,1,0,130,0,,,,f,1
1975244,42829,1261,41568,Australia,Entire home/apt,1,1,349,3,9,10,10,f,1
1024938,42829,1470,41359,Australia,Entire home/apt,1,1,150,27,10,10,10,f,1
10167189,42829,467,42362,Australia,Private room,1.5,1,55,1,6,8,6,f,1
15115152,42829,567,42262,Australia,Private room,1,1,75,0,,,,f,1
15378254,42829,181,42648,Australia,Entire home/apt,2,2,155,1,,,,t,1
3909405,42829,1626,41203,Australia,Entire home/apt,1,1,120,14,8,10,9,f,1
304835,42829,2417,40412,Australia,Entire home/apt,1,1,139,175,9,10,9,t,1
8726293,42829,1573,41256,Australia,Private room,2,1,60,1,6,8,6,f,1
6530827,42829,1581,41248,Australia,Entire home/apt,2,2,187,0,,,,f,1
16361215,42829,167,42662,Australia,Entire home/apt,1,0,109,12,8,10,9,f,1
12232424,42829,693,42136,Australia,Entire home/apt,2,2,180,3,9,9,9,f,1
15705843,42829,940,41889,Australia,Entire home/apt,2,2,200,2,10,10,10,f,1
11380455,42829,1056,41773,Australia,Private room,1,1,80,0,,,,f,1
771702,42829,1663,41166,Australia,Private room,2,1,91,34,9,10,9,f,1
16099001,42829,132,42697,Australia,Entire home/apt,2,2,225,28,10,10,10,f,1
15574682,42829,167,42662,Australia,Entire home/apt,1,0,120,27,8,10,9,f,1
17737385,42829,505,42324,Australia,Shared room,2,1,32,0,,,,f,1
16032650,42829,1377,41452,Australia,Entire home/apt,1,3,399,1,10,8,6,f,1
3842943,42829,1090,41739,Australia,Entire home/apt,1,1,191,6,10,10,9,f,1
17736585,42829,1100,41729,Australia,Entire home/apt,2,2,141,0,,,,f,1
7185268,42829,1387,41442,Australia,Private room,1,1,45,2,9,10,10,f,1
17703785,42829,752,42077,Australia,Private room,1,1,80,2,10,10,10,f,1
4694772,42829,858,41971,Australia,Private room,1,1,79,62,10,10,10,f,1
16622359,42829,90,42739,Australia,Entire home/apt,1,2,191,0,,,,f,1
14525179,42829,671,42158,Australia,Private room,2,1,64,11,10,10,10,f,1
16491269,42829,582,42247,Australia,Entire home/apt,1,1,198,5,8,9,8,t,1
17998573,42829,244,42585,Australia,Entire home/apt,1,1,265,0,,,,t,1
9618897,42829,497,42332,Australia,Entire home/apt,1,1,160,0,,,,f,1
13214435,42829,559,42270,Australia,Private room,1,1,79,2,9,10,9,f,1
16229081,42829,333,42496,Australia,Entire home/apt,1,2,179,5,10,9,10,f,1
17933000,42829,7,42822,Australia,Entire home/apt,1,1,130,0,,,,f,1
4366994,42829,899,41930,Australia,Private room,1,1,45,82,8,9,9,t,1
9478842,42829,1779,41050,Australia,Entire home/apt,1,1,139,4,10,10,10,f,1
6202036,42829,707,42122,Australia,Private room,1,1,80,0,,,,f,1
12296860,42829,393,42436,Australia,Shared room,2,1,29,13,8,9,9,f,1
14918312,42829,890,41939,Australia,Entire home/apt,1,2,280,15,10,10,10,f,1
13738657,42829,894,41935,Australia,Private room,1,1,92,0,,,,t,1
17212046,42829,811,42018,Australia,Entire home/apt,1.5,2,198,0,,,,f,1
6267526,42829,701,42128,Australia,Private room,1,1,95,44,10,10,10,f,1
15245956,42829,1743,41086,Australia,Entire home/apt,3,3,399,1,8,10,8,f,1
3842663,42829,968,41861,Australia,Entire home/apt,1,1,150,35,10,10,10,f,1
6583081,42829,1581,41248,Australia,Entire home/apt,1,1,162,3,10,10,10,f,1
17670749,42829,23,42806,Australia,Entire home/apt,1,1,110,0,,,,t,1
9280266,42829,1350,41479,Australia,Entire home/apt,1,0,141,63,10,10,10,f,1
4760148,42829,1552,41277,Australia,Entire home/apt,1,0,349,0,,,,f,1
16511073,42829,101,42728,Australia,Shared room,1,1,102,1,,,,f,1
14524993,42829,869,41960,Australia,Entire home/apt,1,2,900,0,,,,f,1
13083998,42829,1897,40932,Australia,Private room,1,1,89,17,9,10,9,f,1
15181152,42829,421,42408,Australia,Private room,1,1,70,2,,,,f,1
13083981,42829,2305,40524,Australia,Private room,1,1,100,36,10,10,10,f,1
7447845,42829,1014,41815,Australia,Entire home/apt,2,2,130,0,,,,f,1
17868023,42829,11,42818,Australia,Entire home/apt,1,1,191,0,,,,f,1
15309693,42829,1719,41110,Australia,Entire home/apt,1,2,296,5,10,9,9,f,1
16796079,42829,804,42025,Australia,Private room,1,1,70,9,10,10,10,f,1
16786641,42829,859,41970,Australia,Entire home/apt,1,0,138,0,,,,t,1
11870706,42829,512,42317,Australia,Entire home/apt,1,1,180,32,9,10,9,t,1
6267377,42829,1581,41248,Australia,Entire home/apt,1,1,185,4,8,10,8,f,1
14721507,42829,1171,41658,Australia,Entire home/apt,1,2,289,26,10,10,10,f,1
12032750,42829,1313,41516,Australia,Entire home/apt,1,0,164,62,9,10,9,t,1
9422193,42829,521,42308,Australia,Private room,1,1,60,5,9,8,9,f,1
2859369,42829,1638,41191,Australia,Private room,1,1,88,6,10,10,10,f,1
15638787,42829,164,42665,Australia,Entire home/apt,1,2,169,29,7,10,9,t,1
16163036,42829,317,42512,Australia,Entire home/apt,1,1,300,0,,,,f,1
4759766,42829,1297,41532,Australia,Entire home/apt,2,2,145,9,10,10,10,f,1
17932468,42829,1994,40835,Australia,Private room,1,1,120,0,,,,t,1
13083496,42829,1051,41778,Australia,Entire home/apt,1,1,164,0,,,,f,1
16589669,42829,123,42706,Australia,Private room,1,1,68,0,,,,f,1
14918462,42829,1051,41778,Australia,Entire home/apt,2,2,218,8,10,10,10,f,1
4236091,42829,1770,41059,Australia,Private room,1,1,95,12,10,10,10,f,1
15835945,42829,261,42568,Australia,Private room,1,1,68,3,9,10,10,f,1
17309863,42829,249,42580,Australia,Shared room,1,1,20,0,,,,f,1
15835294,42829,1382,41447,Australia,Entire home/apt,1,2,349,0,,,,t,1
17211545,42829,994,41835,Australia,Private room,1,1,150,0,,,,f,1
3907022,42829,1585,41244,Australia,Entire home/apt,1,1,180,0,,,,f,1
3513799,42829,1004,41825,Australia,Entire home/apt,1,0,120,10,10,10,10,f,1
16489895,42829,754,42075,Australia,Private room,1,1,80,15,10,10,10,t,1
15048058,42829,208,42621,Australia,Private room,0,1,166,0,,,,f,1
16358695,42829,393,42436,Australia,Shared room,3,1,29,4,8,9,9,f,1
14327061,42829,681,42148,Australia,Private room,1,1,80,2,10,10,9,f,1
5348612,42829,780,42049,Australia,Entire home/apt,1,1,93,1,4,10,8,f,1
11705578,42829,1520,41309,Australia,Entire home/apt,2,2,185,1,10,10,10,f,1
15637732,42829,1386,41443,Australia,Entire home/apt,2,3,551,1,10,10,10,f,1
4760015,42829,1477,41352,Australia,Entire home/apt,1,2,280,1,8,8,8,f,1
9084005,42829,527,42302,Australia,Private room,2,1,70,2,9,10,9,f,1
3972183,42829,971,41858,Australia,Private room,1,1,78,44,10,10,10,f,1
16948114,42829,353,42476,Australia,Private room,1,1,91,0,,,,f,1
6265737,42829,1581,41248,Australia,Entire home/apt,2,2,250,4,6,9,6,f,1
7404189,42829,1090,41739,Australia,Entire home/apt,1,0,100,6,10,10,10,t,1
1350519,42829,1401,41428,Australia,Entire home/apt,1,2,250,2,10,10,10,f,1
9870161,42829,824,42005,Australia,Private room,1,1,70,3,10,10,10,f,1
9870125,42829,1863,40966,Australia,Private room,1,1,68,2,8,10,10,f,1
15735469,42829,176,42653,Australia,Private room,1.5,1,110,2,7,10,10,f,1
11705007,42829,925,41904,Australia,Private room,1,1,95,0,,,,f,1
16292521,42829,407,42422,Australia,Entire home/apt,1,1,169,8,10,10,10,f,1
14654119,42829,935,41894,Australia,Entire home/apt,1,1,100,0,,,,f,1
6560407,42829,698,42131,Australia,Private room,1,1,176,2,9,10,10,f,1
5085833,42829,1533,41296,Australia,Private room,2,1,110,18,10,10,10,f,1
6331011,42829,696,42133,Australia,Entire home/apt,1,1,191,2,10,10,10,f,1
4825186,42829,940,41889,Australia,Entire home/apt,1,1,169,2,10,10,10,f,1
4759609,42829,1897,40932,Australia,Entire home/apt,1,1,169,58,10,10,10,t,1
6266910,42829,1581,41248,Australia,Entire home/apt,1,1,171,1,10,10,10,f,1
8429573,42829,919,41910,Australia,Private room,1,1,110,2,10,10,10,f,1
7905275,42829,1594,41235,Australia,Entire home/apt,1,1,120,4,9,10,9,f,1
15835099,42829,1200,41629,Australia,Entire home/apt,1,1,169,0,,,,f,1
15835075,42829,778,42051,Australia,Private room,1,1,71,6,9,8,8,f,1
8953757,42829,2101,40728,Australia,Entire home/apt,1,1,180,14,10,10,10,f,1
15703943,42829,192,42637,Australia,Private room,1,1,80,8,10,10,10,f,1
17002466,42829,853,41976,Australia,Private room,1,1,80,0,,,,f,1
10395339,42829,940,41889,Australia,Private room,1,1,99,14,9,10,9,f,1
17997510,42829,157,42672,Australia,Entire home/apt,1,1,180,0,,,,t,1
10952384,42829,429,42400,Australia,Shared room,1,1,30,0,,,,t,1
9346686,42829,513,42316,Australia,Entire home/apt,1,1,93,50,10,10,10,f,1
14589565,42829,230,42599,Australia,Private room,1,1,51,0,,,,f,1
9477710,42829,1786,41043,Australia,Entire home/apt,1,1,141,0,,,,f,1
5477707,42829,913,41916,Australia,Entire home/apt,1,1,250,3,10,9,8,t,1
9379347,42829,520,42309,Australia,Private room,1,1,75,3,9,9,9,f,1
2278652,42829,1165,41664,Australia,Private room,1,1,59,46,10,10,10,f,1
9739738,42829,490,42339,Australia,Private room,1,1,64,0,,,,f,1
17144445,42829,482,42347,Australia,Entire home/apt,2,2,300,0,,,,t,1
14654076,42829,1483,41346,Australia,Private room,1,1,50,0,,,,f,1
6265439,42829,1581,41248,Australia,Entire home/apt,1,1,191,1,10,8,10,f,1
7270105,42829,802,42027,Australia,Entire home/apt,1,1,198,17,7,10,9,f,1
16292074,42829,582,42247,Australia,Private room,1,1,120,0,,,,f,1
8001733,42829,1816,41013,Australia,Entire home/apt,1,1,99,7,10,9,10,f,1
16898420,42829,600,42229,Australia,Private room,1,1,95,6,10,10,10,f,1
17897671,42829,9,42820,Australia,Private room,1.5,1,64,0,,,,f,1
17995940,42829,630,42199,Australia,Private room,1,1,55,0,,,,t,1
2005359,42829,1222,41607,Australia,Entire home/apt,1,1,180,4,10,10,10,f,1
5773438,42829,742,42087,Australia,Private room,1,1,100,0,,,,f,1
16619631,42829,1192,41637,Australia,Private room,2,3,88,9,10,10,10,f,1
15046696,42829,260,42569,Australia,Entire home/apt,1,1,230,4,10,10,10,f,1
16357380,42829,186,42643,Australia,Shared room,1,1,110,1,6,8,6,t,1
9412398,42829,1396,41433,Australia,Private room,1.5,1,85,24,9,10,9,f,1
9477936,42829,1183,41646,Australia,Entire home/apt,1,2,194,1,10,8,10,f,1
16031523,42829,138,42691,Australia,Entire home/apt,2,1,141,18,8,10,9,t,1
17571625,42829,733,42096,Australia,Entire home/apt,1,1,95,0,,,,f,1
16031526,42829,1924,40905,Australia,Entire home/apt,1,2,162,2,8,9,10,f,1
18030352,42829,1300,41529,Australia,Private room,1,1,100,0,,,,t,1
9215747,42829,520,42309,Australia,Entire home/apt,1,0,150,1,10,10,,f,1
7445557,42829,624,42205,Australia,Entire home/apt,2,3,349,0,,,,f,1
17275871,42829,1076,41753,Australia,Entire home/apt,1,1,120,0,,,,t,1
13999035,42829,1288,41541,Australia,Entire home/apt,2,3,200,0,,,,f,1
6200238,42829,1066,41763,Australia,Entire home/apt,2.5,2,160,3,8,10,10,t,1
13735928,42829,630,42199,Australia,Private room,1,1,80,0,,,,f,1
1578731,42829,1318,41511,Australia,Entire home/apt,1,1,130,42,9,9,9,f,1
16357077,42829,1275,41554,Australia,Private room,1.5,1,99,0,,,,f,1
11933324,42829,731,42098,Australia,Private room,1.5,1,60,4,9,10,10,f,1
17482686,42829,1122,41707,Australia,Entire home/apt,2,2,300,0,,,,t,1
11441715,42829,1003,41826,Australia,Entire home/apt,1,0,194,0,,,,f,1
16356893,42829,1546,41283,Australia,Private room,3,1,100,4,9,10,10,f,1
9203878,42829,520,42309,Australia,Entire home/apt,2,2,200,1,10,10,10,f,1
7182594,42829,938,41891,Australia,Entire home/apt,1,0,145,31,9,9,9,f,1
9868809,42829,598,42231,Australia,Entire home/apt,2,2,150,3,10,10,10,f,1
13145580,42829,1495,41334,Australia,Entire home/apt,2,2,250,48,10,10,10,f,1
1808929,42829,1439,41390,Australia,Entire home/apt,1,1,180,32,9,9,9,f,1
9738786,42829,631,42198,Australia,Entire home/apt,2,3,219,2,7,10,10,f,1
6855178,42829,2423,40406,Australia,Private room,1,1,80,18,10,10,10,f,1
17177100,42829,1043,41786,Australia,Entire home/apt,1,0,200,0,,,,f,1
4626925,42829,1829,41000,Australia,Private room,1.5,1,70,107,9,10,9,t,1
6265347,42829,1581,41248,Australia,Entire home/apt,1,1,171,9,8,9,8,f,1
17013245,42829,676,42153,Australia,Entire home/apt,1,0,58,0,,,,t,1
14555636,42829,1155,41674,Australia,Entire home/apt,1,1,155,16,9,10,9,f,1
6134179,42829,1484,41345,Australia,Entire home/apt,1,0,120,22,9,10,10,f,1
5511629,42829,1244,41585,Australia,Private room,1,1,75,0,,,,f,1
9476548,42829,770,42059,Australia,Entire home/apt,1,1,127,0,,,,f,1
10525089,42829,1204,41625,Australia,Entire home/apt,2,2,238,103,9,10,10,t,1
17799610,42829,15,42814,Australia,Entire home/apt,1,1,135,0,,,,f,1
3053968,42829,1055,41774,Australia,Private room,1,1,50,1,4,8,6,f,1
17832327,42829,130,42699,Australia,Private room,2,1,45,0,,,,f,1
891252,42829,1538,41291,Australia,Private room,1,1,74,33,10,10,10,f,1
5282128,42829,959,41870,Australia,Entire home/apt,1,1,160,99,9,10,9,f,1
16357703,42829,209,42620,Australia,Private room,1,1,50,8,8,9,8,f,1
9410881,42829,847,41982,Australia,Private room,2,1,91,0,,,,f,1
10885424,42829,959,41870,Australia,Entire home/apt,1,0,110,0,,,,f,1
15440160,42829,1461,41368,Australia,Entire home/apt,1,2,222,4,10,10,10,t,1
7247344,42829,763,42066,Australia,Entire home/apt,1.5,2,200,5,10,10,10,t,1
9999840,42829,940,41889,Australia,Private room,1.5,1,70,16,8,10,9,f,1
13735316,42829,382,42447,Australia,Private room,1,1,45,0,,,,f,1
7902528,42829,1749,41080,Australia,Private room,1,1,60,2,10,10,9,f,1
2594094,42829,1681,41148,Australia,Private room,1,1,68,24,10,10,10,f,1
9671999,42829,976,41853,Australia,Private room,1,1,110,0,,,,f,1
8820019,42829,628,42201,Australia,Entire home/apt,1,1,141,5,10,10,9,f,1
6144901,42829,838,41991,Australia,Entire home/apt,1,1,141,1,8,8,8,f,1
16946424,42829,509,42320,Australia,Entire home/apt,2,2,349,8,9,9,9,t,1
13735148,42829,595,42234,Australia,Entire home/apt,1,1,141,5,10,10,10,f,1
13341890,42829,2598,40231,Australia,Entire home/apt,1,1,127,15,9,9,10,f,1
1807553,42829,1270,41559,Australia,Entire home/apt,1,1,200,3,10,10,10,t,1
14128270,42829,256,42573,Australia,Private room,1,1,120,5,10,9,9,f,1
17799748,42829,15,42814,Australia,Entire home/apt,1,1,135,0,,,,f,1
6265411,42829,1581,41248,Australia,Entire home/apt,1,1,187,0,,,,f,1
17078216,42829,392,42437,Australia,Entire home/apt,1,1,349,10,9,10,10,t,1
11442090,42829,406,42423,Australia,Entire home/apt,1,0,200,15,10,10,10,f,1
17143682,42829,1313,41516,Australia,Entire home/apt,1,1,179,16,10,10,9,t,1
13703028,42829,600,42229,Australia,Entire home/apt,2,3,300,17,10,10,10,f,1
5707609,42829,786,42043,Australia,Entire home/apt,1,1,180,4,10,10,10,t,1
5740310,42829,1846,40983,Australia,Private room,1,1,95,94,10,10,10,t,1
11933497,42829,380,42449,Australia,Private room,1,1,53,0,,,,f,1
17274661,42829,48,42781,Australia,Entire home/apt,2,2,319,9,10,10,10,t,1
7312500,42829,631,42198,Australia,Private room,1,1,39,0,,,,f,1
16355970,42829,112,42717,Australia,Entire home/apt,1,1,120,4,10,10,10,f,1
4100704,42829,934,41895,Australia,Private room,1,1,95,6,8,9,9,f,1
14324267,42829,1084,41745,Australia,Entire home/apt,1,2,219,26,10,10,10,f,1
4559395,42829,875,41954,Australia,Entire home/apt,1,0,162,20,8,10,9,f,1
4166124,42829,1800,41029,Australia,Private room,1,1,75,108,9,10,9,f,1
8229367,42829,970,41859,Australia,Entire home/apt,3,3,549,59,9,10,9,t,1
16749067,42829,889,41940,Australia,Private room,1,1,116,9,8,10,9,t,1
15536640,42829,694,42135,Australia,Private room,1,1,64,14,9,9,10,f,1
13210097,42829,600,42229,Australia,Entire home/apt,1,1,99,40,10,10,10,f,1
12095920,42829,376,42453,Australia,Entire home/apt,1,2,160,0,,,,f,1
17469795,42829,36,42793,Australia,Entire home/apt,1,0,125,0,,,,f,1
16291895,42829,461,42368,Australia,Private room,1,1,45,1,10,10,10,f,1
4690244,42829,858,41971,Australia,Entire home/apt,2,2,250,18,9,10,9,f,1
14389258,42829,400,42429,Australia,Entire home/apt,1,0,120,17,10,10,10,f,1
11505651,42829,1398,41431,Australia,Entire home/apt,1,1,129,8,10,10,10,t,1
2212520,42829,1486,41343,Australia,Entire home/apt,1,1,120,0,,,,f,1
12357587,42829,668,42161,Australia,Private room,2,1,120,0,,,,f,1
16420797,42829,1171,41658,Australia,Entire home/apt,1,1,300,2,9,10,9,f,1
5607271,42829,891,41938,Australia,Private room,1,1,194,46,9,10,9,t,1
15634255,42829,762,42067,Australia,Entire home/apt,1,0,150,0,,,,f,1
4493080,42829,883,41946,Australia,Entire home/apt,1,2,150,9,9,9,9,f,1
6590227,42829,678,42151,Australia,Entire home/apt,1.5,1,116,10,9,10,9,f,1
12751813,42829,1375,41454,Australia,Entire home/apt,1,1,95,28,9,10,9,f,1
11637664,42829,1196,41633,Australia,Entire home/apt,1,2,166,5,10,10,10,f,1
6722434,42829,667,42162,Australia,Private room,1,1,70,1,10,10,10,f,1
16356213,42829,581,42248,Australia,Entire home/apt,1,0,100,2,10,10,10,f,1
14390013,42829,1064,41765,Australia,Entire home/apt,2,2,319,47,9,10,9,t,1
9409258,42829,510,42319,Australia,Entire home/apt,1,0,120,48,10,10,9,f,1
14521064,42829,234,42595,Australia,Entire home/apt,1,0,120,40,9,9,9,t,1
9736907,42829,890,41939,Australia,Entire home/apt,1,1,180,11,9,10,10,f,1
3337672,42829,1962,40867,Australia,Entire home/apt,1,1,145,32,9,10,9,f,1
15635113,42829,164,42665,Australia,Private room,1,1,72,5,8,10,8,f,1
4493970,42829,883,41946,Australia,Entire home/apt,2,4,200,0,,,,f,1
2723502,42829,1598,41231,Australia,Entire home/apt,1,1,175,27,9,10,9,f,1
11308712,42829,999,41830,Australia,Private room,1,1,60,1,10,10,10,f,1
7376182,42829,636,42193,Australia,Private room,1,1,451,0,,,,f,1
13733156,42829,281,42548,Australia,Private room,1,1,35,0,,,,f,1
13339904,42829,635,42194,Australia,Entire home/apt,1,1,240,0,,,,f,1
11242723,42829,929,41900,Australia,Entire home/apt,1,1,110,1,10,10,10,f,1
5672148,42829,1126,41703,Australia,Entire home/apt,2,2,198,30,9,9,9,t,1
16813257,42829,473,42356,Australia,Entire home/apt,1,1,159,1,10,10,8,t,1
6327407,42829,697,42132,Australia,Private room,1,1,130,196,10,10,10,t,1
15305763,42829,185,42644,Australia,Private room,1,1,70,59,8,9,8,t,1
16092191,42829,132,42697,Australia,Private room,2,1,78,2,8,10,10,t,1
8358925,42829,752,42077,Australia,Entire home/apt,1,2,200,1,10,10,10,f,1
9014275,42829,1057,41772,Australia,Entire home/apt,1,1,150,6,9,10,9,f,1
13145113,42829,317,42512,Australia,Private room,0.5,1,526,0,,,,f,1
13668528,42829,285,42544,Australia,Private room,1.5,3,64,0,,,,f,1
10391717,42829,455,42374,Australia,Entire home/apt,1,2,200,4,10,10,10,f,1
7114916,42829,1750,41079,Australia,Entire home/apt,1,1,120,3,9,9,9,f,1
5738650,42829,745,42084,Australia,Entire home/apt,2,1,159,0,,,,f,1
7311468,42829,737,42092,Australia,Private room,1,1,110,15,10,10,10,f,1
16355405,42829,375,42454,Australia,Entire home/apt,2,2,230,1,10,10,10,t,1
8820743,42829,634,42195,Australia,Private room,1,1,95,79,10,10,10,f,1
7182347,42829,638,42191,Australia,Entire home/apt,2,2,160,0,,,,f,1
16355390,42829,403,42426,Australia,Entire home/apt,1,1,246,0,,,,t,1
7638012,42829,1519,41310,Australia,Entire home/apt,2,2,321,2,10,9,9,t,1
11570151,42829,1364,41465,Australia,Entire home/apt,1,1,145,17,9,10,9,t,1
4688854,42829,2071,40758,Australia,Private room,2.5,1,120,18,10,10,10,f,1
16812688,42829,1533,41296,Australia,Private room,1,1,120,0,,,,f,1
8489597,42829,561,42268,Australia,Entire home/apt,1,1,169,1,10,10,10,f,1
11045494,42829,426,42403,Australia,Private room,1,1,95,4,10,10,10,f,1
10393359,42829,1777,41052,Australia,Entire home/apt,1,0,143,7,10,10,9,f,1
16681554,42829,86,42743,Australia,Entire home/apt,1,0,179,10,10,10,9,t,1
11831876,42829,653,42176,Australia,Entire home/apt,1,1,60,2,5,10,8,f,1
12159499,42829,1362,41467,Australia,Entire home/apt,2,2,349,3,5,9,8,f,1
16419284,42829,107,42722,Australia,Entire home/apt,2,1,151,1,8,10,10,t,1
4753865,42829,851,41978,Australia,Private room,2,1,100,0,,,,f,1
13142352,42829,1515,41314,Australia,Private room,1,1,53,1,10,10,10,f,1
13733436,42829,534,42295,Australia,Private room,1,1,389,0,,,,t,1
11243065,42829,1079,41750,Australia,Entire home/apt,1,1,100,1,10,10,8,f,1
9670114,42829,876,41953,Australia,Entire home/apt,1,0,125,84,9,9,9,f,1
17405866,42829,376,42453,Australia,Entire home/apt,1,1,116,0,,,,t,1
12326823,42829,439,42390,Australia,Entire home/apt,1,1,91,0,,,,f,1
10456538,42829,452,42377,Australia,Private room,1,1,50,24,8,10,9,f,1
16551368,42829,1064,41765,Australia,Entire home/apt,2.5,3,300,22,9,10,9,f,1
4099535,42829,1613,41216,Australia,Entire home/apt,1,1,150,12,10,10,9,f,1
16223687,42829,920,41909,Australia,Entire home/apt,1,1,268,1,10,10,10,f,1
17799072,42829,993,41836,Australia,Entire home/apt,2,3,300,0,,,,f,1
15240633,42829,1138,41691,Australia,Entire home/apt,2,2,191,0,,,,f,1
1543576,42829,1347,41482,Australia,Entire home/apt,1,1,150,13,9,9,9,f,1
11439503,42829,436,42393,Australia,Entire home/apt,1,0,79,0,,,,f,1
16682381,42829,299,42530,Australia,Entire home/apt,1,1,135,10,10,10,10,f,1
10128708,42829,916,41913,Australia,Entire home/apt,1,1,95,18,9,10,10,f,1
14716232,42829,1086,41743,Australia,Entire home/apt,1.5,2,250,2,9,10,10,f,1
4753700,42829,851,41978,Australia,Entire home/apt,1,3,322,25,10,10,9,f,1
15566935,42829,940,41889,Australia,Entire home/apt,1,3,310,17,10,10,10,f,1
13142099,42829,317,42512,Australia,Private room,1.5,1,39,0,,,,f,1
13011003,42829,1976,40853,Australia,Entire home/apt,2,2,150,11,9,10,10,f,1
2197550,42829,1344,41485,Australia,Entire home/apt,2,2,300,25,10,10,10,f,1
4687874,42829,1107,41722,Australia,Entire home/apt,1,1,114,15,9,9,9,f,1
17926105,42829,1064,41765,Australia,Entire home/apt,1,1,259,0,,,,f,1
6719440,42829,667,42162,Australia,Private room,1.5,1,300,0,,,,f,1
15697777,42829,1204,41625,Australia,Entire home/apt,1,1,169,25,9,10,8,t,1
9078627,42829,600,42229,Australia,Private room,1,1,145,1,,,,f,1
8816462,42829,1132,41697,Australia,Private room,2,1,67,2,10,10,10,f,1
13469496,42829,462,42367,Australia,Shared room,1,1,33,1,8,10,10,f,1
15963198,42829,681,42148,Australia,Private room,1,1,76,23,10,10,10,t,1
9997265,42829,961,41868,Australia,Private room,1,1,100,1,,,,f,1
10456002,42829,504,42325,Australia,Entire home/apt,2,2,191,6,10,9,10,f,1
15043523,42829,208,42621,Australia,Private room,0,1,95,1,6,2,2,f,1
16223131,42829,351,42478,Australia,Entire home/apt,1,0,120,20,9,10,10,f,1
17405759,42829,224,42605,Australia,Entire home/apt,1,1,91,0,,,,f,1
2460471,42829,1203,41626,Australia,Entire home/apt,1,1,102,2,10,10,10,f,1
363282,42829,1860,40969,Australia,Entire home/apt,1,1,250,55,9,10,9,f,1
12094207,42829,372,42457,Australia,Private room,1,1,110,13,10,10,10,f,1
8358616,42829,1272,41557,Australia,Entire home/apt,1,1,116,2,8,10,9,f,1
17402562,42829,743,42086,Australia,Private room,1,2,70,0,,,,f,1
12028596,42829,1422,41407,Australia,Entire home/apt,1,1,169,14,9,10,10,f,1
17533614,42829,366,42463,Australia,Private room,1,1,158,4,10,10,10,t,1
5999221,42829,1047,41782,Australia,Private room,1.5,1,95,115,10,10,10,f,1
17925862,42829,196,42633,Australia,Entire home/apt,1,1,148,2,10,10,9,t,1
14583504,42829,1626,41203,Australia,Private room,1,1,75,18,8,9,9,t,1
17925838,42829,1423,41406,Australia,Entire home/apt,1,1,122,0,,,,f,1
17926398,42829,1151,41678,Australia,Entire home/apt,1,1,191,0,,,,f,1
6785242,42829,1043,41786,Australia,Entire home/apt,1,1,250,1,8,10,6,f,1
4753585,42829,859,41970,Australia,Entire home/apt,2,3,399,4,10,10,10,f,1
16353453,42829,1829,41000,Australia,Private room,1,1,80,0,,,,f,1
15763598,42829,1538,41291,Australia,Entire home/apt,1,1,110,14,8,10,9,f,1
3967095,42829,1750,41079,Australia,Entire home/apt,2,2,300,89,9,10,10,f,1
15501449,42829,261,42568,Australia,Private room,1,1,68,2,10,10,10,f,1
17926267,42829,1580,41249,Australia,Entire home/apt,1,1,150,0,,,,f,1
6785113,42829,1074,41755,Australia,Private room,1.5,1,78,3,10,10,10,f,1
10089707,42829,472,42357,Australia,Entire home/apt,1,1,150,4,7,10,8,f,1
8906842,42829,2010,40819,Australia,Entire home/apt,1,1,130,17,9,10,9,f,1
17891394,42829,1530,41299,Australia,Entire home/apt,1,1,120,0,,,,f,1
2332273,42829,1156,41673,Australia,Private room,1,1,70,0,,,,f,1
16352927,42829,118,42711,Australia,Private room,1,1,53,9,10,10,10,f,1
14255733,42829,1404,41425,Australia,Private room,1,1,130,16,9,10,9,f,1
16680537,42829,124,42705,Australia,Private room,2,1,60,4,10,10,10,f,1
14452306,42829,238,42591,Australia,Private room,1,1,70,0,,,,f,1
16247702,42829,215,42614,Australia,Private room,1,1,422,0,,,,f,1
2033002,42829,1217,41612,Australia,Entire home/apt,1,2,650,3,7,10,7,f,1
8121226,42829,1512,41317,Australia,Entire home/apt,1,0,148,13,10,10,9,f,1
1803477,42829,1392,41437,Australia,Private room,,1,45,71,8,9,9,f,1
10060934,42829,2174,40655,Australia,Entire home/apt,1,1,230,0,,,,f,1
10126403,42829,1547,41282,Australia,Entire home/apt,1,2,219,11,9,10,10,f,1
14124050,42829,938,41891,Australia,Private room,1,1,76,20,9,10,10,t,1
16876209,42829,1291,41538,Australia,Entire home/apt,1.5,1,145,14,10,10,10,f,1
14489015,42829,441,42388,Australia,Entire home/apt,1,1,90,1,10,10,6,t,1
14057935,42829,272,42557,Australia,Entire home/apt,2,2,311,22,10,10,10,t,1
13402591,42829,656,42173,Australia,Entire home/apt,1,0,69,0,,,,f,1
16810413,42829,938,41891,Australia,Entire home/apt,1,1,199,1,10,8,6,f,1
9683013,42829,921,41908,Australia,Private room,2,1,79,33,9,10,10,f,1
14718355,42829,841,41988,Australia,Private room,1,1,80,22,7,9,8,f,1
17596790,42829,1175,41654,Australia,Private room,1,1,75,1,10,10,10,f,1
11305846,42829,412,42417,Australia,Private room,0,1,100,4,7,10,8,f,1
16356743,42829,734,42095,Australia,Entire home/apt,1,1,140,1,10,10,8,f,1
6455572,42829,1581,41248,Australia,Entire home/apt,1,1,161,3,10,10,7,f,1
16679185,42829,86,42743,Australia,Private room,1,1,89,0,,,,f,1
3837043,42829,1020,41809,Australia,Entire home/apt,1,2,180,1,10,8,8,f,1
13598710,42829,354,42475,Australia,Entire home/apt,1,2,316,2,9,10,8,f,1
3021332,42829,1059,41770,Australia,Entire home/apt,1,0,180,35,10,10,10,f,1
3168053,42829,1593,41236,Australia,Entire home/apt,1.5,1,121,28,8,9,9,f,1
10321574,42829,979,41850,Australia,Entire home/apt,1,0,100,4,10,10,10,f,1
10104014,42829,471,42358,Australia,Entire home/apt,1,1,136,62,9,10,9,f,1
6454877,42829,1581,41248,Australia,Entire home/apt,1,1,161,6,9,10,9,f,1
16547898,42829,441,42388,Australia,Entire home/apt,1,2,195,0,,,,t,1
16547317,42829,1866,40963,Australia,Private room,1,1,166,3,9,10,9,f,1
10124787,42829,470,42359,Australia,Entire home/apt,1,0,130,2,9,9,9,f,1
16088548,42829,2038,40791,Australia,Private room,1,1,130,7,10,10,9,f,1
4876870,42829,913,41916,Australia,Private room,1,1,104,14,9,9,9,f,1
13582232,42829,310,42519,Australia,Entire home/apt,1,1,107,68,9,10,9,f,1
13145245,42829,317,42512,Australia,Entire home/apt,2,2,149,0,,,,f,1
16042848,42829,689,42140,Australia,Private room,1,1,100,23,10,10,9,t,1
11500457,42829,402,42427,Australia,Entire home/apt,1,2,73,1,10,10,10,f,1
15956902,42829,409,42420,Australia,Entire home/apt,2,3,600,1,10,10,10,f,1
15956864,42829,383,42446,Australia,Entire home/apt,1,2,186,1,6,10,8,f,1
4881276,42829,840,41989,Australia,Shared room,1,1,75,0,,,,f,1
1895251,42829,1264,41565,Australia,Entire home/apt,1,0,122,78,9,9,9,f,1
8158023,42829,1253,41576,Australia,Entire home/apt,1.5,1,90,4,10,9,10,f,1
2194226,42829,1187,41642,Australia,Entire home/apt,2,3,311,15,10,10,10,f,1
686805,42829,1676,41153,Australia,Entire home/apt,1,1,134,211,9,10,9,f,1
17070802,42829,648,42181,Australia,Private room,1,1,41,1,8,10,10,f,1
10713802,42829,455,42374,Australia,Private room,1,1,55,0,,,,f,1
13400759,42829,535,42294,Australia,Entire home/apt,1,1,149,54,10,10,10,f,1
10119624,42829,470,42359,Australia,Private room,1,1,56,1,,,,f,1
4812929,42829,863,41966,Australia,Entire home/apt,2,2,130,1,10,10,10,f,1
2521741,42829,1492,41337,Australia,Private room,1.5,1,140,22,9,10,9,f,1
12549295,42829,1313,41516,Australia,Entire home/apt,1,1,174,79,10,10,9,t,1
6454434,42829,1581,41248,Australia,Entire home/apt,1,1,166,0,,,,f,1
7294151,42829,1164,41665,Australia,Entire home/apt,1,1,100,1,10,10,10,f,1
15825979,42829,960,41869,Australia,Entire home/apt,1,0,125,20,9,10,9,t,1
6454320,42829,1581,41248,Australia,Entire home/apt,1,1,166,1,8,10,10,f,1
14288685,42829,532,42297,Australia,Private room,2,1,75,1,10,10,10,f,1
1931397,42829,1273,41556,Australia,Entire home/apt,1,1,104,1,10,10,8,f,1
7763742,42829,1692,41137,Australia,Entire home/apt,1,1,256,13,10,10,10,f,1
1763888,42829,1554,41275,Australia,Entire home/apt,1,1,140,14,9,10,9,f,1
10321138,42829,1078,41751,Australia,Entire home/apt,1,1,130,2,9,10,10,f,1
6519353,42829,681,42148,Australia,Private room,1,1,80,2,10,10,10,f,1
15627958,42829,1666,41163,Australia,Entire home/apt,2,3,250,0,,,,t,1
16479904,42829,42829,,Australia,Entire home/apt,1,0,121,1,10,10,10,f,1
15843744,42829,1343,41486,Australia,Private room,1,1,128,4,10,10,10,t,1
8091273,42829,947,41882,Australia,Entire home/apt,1,2,270,0,,,,f,1
16479872,42829,2169,40660,Australia,Entire home/apt,1,1,121,13,10,10,10,f,1
15824505,42829,151,42678,Australia,Entire home/apt,1,1,499,0,,,,f,1
9467484,42829,1648,41181,Australia,Entire home/apt,2,2,149,3,9,10,10,f,1
9598513,42829,1730,41099,Australia,Entire home/apt,1,2,300,0,,,,f,1
15693356,42829,406,42423,Australia,Private room,2,1,599,0,,,,f,1
9532851,42829,1155,41674,Australia,Entire home/apt,1,0,157,35,9,10,9,f,1
17514058,42829,1349,41480,Australia,Entire home/apt,2.5,3,300,0,,,,f,1
11892152,42829,939,41890,Australia,Private room,1.5,1,55,0,,,,f,1
12875166,42829,793,42036,Australia,Private room,1,1,130,4,10,10,9,f,1
751568,42829,42829,,Australia,Entire home/apt,2,3,235,35,8,9,9,f,1
17033470,42829,62,42767,Australia,Entire home/apt,1,1,180,5,10,10,9,f,1
8614668,42829,1547,41282,Australia,Private room,1,1,80,4,10,9,10,t,1
2257635,42829,1177,41652,Australia,Private room,0,1,62,5,8,9,8,f,1
17514009,42829,34,42795,Australia,Private room,1.5,1,69,2,10,10,10,f,1
357475,42829,1865,40964,Australia,Private room,1,1,105,46,9,10,9,f,1
11169975,42829,652,42177,Australia,Entire home/apt,1,0,100,26,9,10,9,t,1
15167560,42829,455,42374,Australia,Entire home/apt,1,1,201,1,6,8,8,f,1
16019479,42829,758,42071,Australia,Entire home/apt,1,2,198,19,9,10,9,f,1
11955845,42829,1364,41465,Australia,Private room,1.5,1,55,2,7,10,10,f,1
12546198,42829,1184,41645,Australia,Entire home/apt,1,2,284,27,9,9,9,f,1
224685,42829,2031,40798,Australia,Private room,1,1,109,232,10,10,10,f,1
9463714,42829,1717,41112,Australia,Private room,1,1,94,1,10,10,8,f,1
4615600,42829,1431,41398,Australia,Private room,1,1,170,1,10,10,10,f,1
1774131,42829,1274,41555,Australia,Private room,2,2,105,18,10,9,9,f,1
13626959,42829,289,42540,Australia,Entire home/apt,1,2,170,7,7,10,9,f,1
17627041,42829,604,42225,Australia,Private room,1,1,66,0,,,,t,1
9334624,42829,1254,41575,Australia,Private room,2,1,110,1,10,10,10,f,1
17939762,42829,42829,,Australia,Entire home/apt,1,1,159,0,,,,t,1
10975498,42828,2116,40712,Australia,Entire home/apt,2,2,220,4,10,10,10,f,1
17001039,42828,172,42656,Australia,Entire home/apt,1,1,159,11,10,10,10,t,1
1665635,42828,1338,41490,Australia,Entire home/apt,1,2,201,3,9,10,8,f,1
14773619,42829,238,42591,Australia,Private room,1.5,1,69,0,,,,f,1
16060638,42828,133,42695,Australia,Private room,2,1,248,0,,,,f,1
13101004,42828,320,42508,Australia,Private room,1,1,87,0,,,,f,1
944360,42828,1507,41321,Australia,Entire home/apt,1,1,190,41,10,10,10,f,1
17722300,42828,1171,41657,Australia,Entire home/apt,1,1,176,0,,,,t,1
16861956,42828,1280,41548,Australia,Entire home/apt,1,2,149,0,,,,f,1
1927210,42828,1237,41591,Australia,Entire home/apt,1,1,110,29,9,10,9,f,1
9802077,42828,1369,41459,Australia,Entire home/apt,1,1,139,10,10,9,9,f,1
16738258,42828,493,42335,Australia,Entire home/apt,1,2,160,10,10,10,10,f,1
17917915,42828,621,42207,Australia,Private room,1.5,1,55,0,,,,f,1
15034299,42828,392,42436,Australia,Shared room,3,1,29,3,8,9,9,f,1
288671,42828,2386,40442,Australia,Entire home/apt,1,1,220,6,8,10,9,f,1
16420208,42828,188,42640,Australia,Entire home/apt,1,1,360,0,,,,f,1
15427467,42828,876,41952,Australia,Entire home/apt,1.5,1,100,0,,,,f,1
7563122,42828,830,41998,Australia,Entire home/apt,2.5,3,901,26,10,10,10,f,1
14061877,42828,1278,41550,Australia,Private room,2,1,190,1,,,,t,1
9758435,42828,706,42122,Australia,Private room,1,1,93,6,9,9,9,t,1
15820534,42828,151,42677,Australia,Entire home/apt,1,1,125,11,8,10,9,f,1
14968516,42828,1844,40984,Australia,Entire home/apt,1,2,180,23,10,10,10,t,1
11593322,42828,1503,41325,Australia,Entire home/apt,1,1,140,20,9,10,9,t,1
10839654,42828,1115,41713,Australia,Entire home/apt,1,1,275,0,,,,f,1
11876728,42828,382,42446,Australia,Private room,1,1,69,1,10,10,10,f,1
1336819,42828,1505,41323,Australia,Entire home/apt,1.5,1,97,52,10,10,10,f,1
952331,42828,1502,41326,Australia,Private room,1,1,84,254,10,9,10,f,1
17655233,42828,32,42796,Australia,Entire home/apt,1,1,185,0,,,,f,1
2778511,42828,1318,41510,Australia,Entire home/apt,1,1,115,4,10,10,10,f,1
10813963,42828,1300,41528,Australia,Entire home/apt,1,1,149,1,10,10,10,f,1
11953390,42828,462,42366,Australia,Entire home/apt,1,2,281,0,,,,f,1
6644916,42828,672,42156,Australia,Entire home/apt,1,1,187,57,10,10,10,f,1
7562265,42828,1468,41360,Australia,Private room,1,1,117,74,10,10,10,f,1
12477447,42828,701,42127,Australia,Private room,1,1,100,0,,,,f,1
7889909,42828,715,42113,Australia,Private room,1,1,48,5,9,9,10,f,1
2646996,42828,1104,41724,Australia,Entire home/apt,1,1,160,2,8,10,10,f,1
16016946,42828,147,42681,Australia,Entire home/apt,1,1,149,12,10,10,10,t,1
15558184,42828,1216,41612,Australia,Entire home/apt,1,1,178,28,9,9,9,t,1
2909696,42828,1089,41739,Australia,Entire home/apt,1,0,130,12,8,9,8,f,1
9906129,42828,925,41903,Australia,Entire home/apt,1,0,110,0,,,,f,1
1773899,42828,1860,40968,Australia,Entire home/apt,2,2,176,97,9,9,9,t,1
6382451,42828,708,42120,Australia,Entire home/apt,1,1,100,9,8,9,9,f,1
8227236,42828,735,42093,Australia,Private room,1,1,45,2,8,6,6,f,1
11243628,42828,498,42330,Australia,Entire home/apt,1,2,250,5,10,10,10,f,1
8151619,42828,1166,41662,Australia,Entire home/apt,1,1,130,2,7,9,8,f,1
16343592,42828,529,42299,Australia,Entire home/apt,1,1,125,7,10,10,10,t,1
6055036,42828,1572,41256,Australia,Private room,2,1,52,12,9,9,9,f,1
9449296,42828,507,42321,Australia,Private room,1,1,90,2,4,8,6,f,1
13590988,42828,959,41869,Australia,Private room,1,1,76,16,10,10,10,f,1
7168362,42828,1046,41782,Australia,Private room,1.5,1,88,102,10,10,10,f,1
7562609,42828,617,42211,Australia,Entire home/apt,1,1,250,1,8,10,8,f,1
16146577,42828,1203,41625,Australia,Entire home/apt,1,1,166,21,7,10,8,t,1
16278896,42828,577,42251,Australia,Entire home/apt,1,1,201,1,2,10,4,t,1
13715448,42828,1259,41569,Australia,Entire home/apt,1,1,160,0,,,,t,1
9330783,42828,1598,41230,Australia,Private room,1,1,79,62,9,10,9,f,1
4087843,42828,935,41893,Australia,Entire home/apt,1.5,3,400,2,10,10,9,f,1
16932890,42828,1876,40952,Australia,Private room,1,1,76,12,9,9,9,f,1
7824130,42828,2867,39961,Australia,Entire home/apt,1,1,190,14,9,10,9,f,1
5662165,42828,1186,41642,Australia,Entire home/apt,1.5,2,220,14,10,10,10,f,1
6120187,42828,1042,41786,Australia,Entire home/apt,1,2,400,0,,,,f,1
4088562,42828,935,41893,Australia,Private room,1,1,149,25,10,10,9,t,1
13253821,42828,309,42519,Australia,Entire home/apt,1,1,110,5,10,10,10,f,1
16605149,42828,1064,41764,Australia,Entire home/apt,1,1,94,9,9,10,9,f,1
16211931,42828,890,41938,Australia,Entire home/apt,2,3,880,1,10,10,10,f,1
8764061,42828,1812,41016,Australia,Entire home/apt,1,1,135,16,10,10,10,t,1
12476325,42828,360,42468,Australia,Private room,1,1,76,0,,,,f,1
15301635,42828,185,42643,Australia,Private room,1,1,71,1,8,10,10,t,1
9592732,42828,498,42330,Australia,Entire home/apt,1,2,176,3,9,9,9,t,1
13787017,42828,277,42551,Australia,Private room,1,1,35,0,,,,f,1
9133960,42828,1040,41788,Australia,Private room,2,1,100,0,,,,f,1
4711716,42828,1421,41407,Australia,Entire home/apt,1,1,100,29,9,10,9,f,1
16453577,42828,375,42453,Australia,Entire home/apt,1,2,229,19,9,10,9,t,1
13852329,42828,291,42537,Australia,Entire home/apt,1,2,300,2,8,8,10,f,1
6250128,42828,1453,41375,Australia,Private room,1,1,87,71,10,10,10,f,1
1924701,42828,2256,40572,Australia,Entire home/apt,2,4,440,125,9,10,9,t,1
9637823,42828,495,42333,Australia,Entire home/apt,2,4,288,1,6,,,f,1
13721209,42828,977,41851,Australia,Entire home/apt,1,0,128,15,9,10,9,f,1
15031921,42828,207,42621,Australia,Private room,0,1,122,5,5,7,4,f,1
10837615,42828,695,42133,Australia,Private room,1,1,42,1,10,10,10,f,1
6328356,42828,710,42118,Australia,Entire home/apt,1,1,55,0,,,,t,1
6577772,42828,831,41997,Australia,Private room,1,1,72,0,,,,f,1
16997910,42828,1484,41344,Australia,Private room,1,1,62,21,9,10,10,t,1
17128976,42828,475,42353,Australia,Entire home/apt,2,2,250,1,10,10,8,f,1
17849864,42828,298,42530,Australia,Private room,1,1,80,0,,,,t,1
7888300,42828,1551,41277,Australia,Private room,1,1,76,86,10,10,10,f,1
12193081,42828,1069,41759,Australia,Private room,1,1,128,49,10,10,10,f,1
16801054,42828,77,42751,Australia,Private room,1,1,79,0,,,,t,1
11361546,42828,751,42077,Australia,Private room,1,1,110,12,10,10,10,f,1
17849576,42828,1763,41065,Australia,Entire home/apt,1,1,94,0,,,,t,1
9495760,42828,612,42216,Australia,Entire home/apt,1,2,180,4,8,10,9,t,1
679121,42828,1673,41155,Australia,Entire home/apt,1.5,3,350,3,9,9,9,f,1
16604992,42828,568,42260,Australia,Entire home/apt,1,1,169,1,10,10,10,f,1
15556413,42828,332,42496,Australia,Private room,1,1,80,17,10,10,10,f,1
2243208,42828,1613,41215,Australia,Private room,1,1,81,69,10,10,10,f,1
14974,42828,2681,40147,Australia,Shared room,2,1,47,122,9,9,9,f,1
5069992,42828,1459,41369,Australia,Entire home/apt,1,1,149,34,8,9,8,f,1
16800938,42828,1610,41218,Australia,Entire home/apt,1,1,100,1,10,8,10,t,1
16342165,42828,1018,41810,Australia,Entire home/apt,1,1,149,1,10,10,10,f,1
9080683,42828,1429,41399,Australia,Entire home/apt,2.5,2,140,1,10,8,10,f,1
15555601,42828,1484,41344,Australia,Private room,1,1,85,54,10,10,10,t,1
12139000,42828,707,42121,Australia,Entire home/apt,2,3,480,16,9,10,8,t,1
15424454,42828,1267,41561,Australia,Entire home/apt,1,1,149,6,10,10,10,t,1
4217778,42828,918,41910,Australia,Entire home/apt,2,2,250,14,8,10,9,f,1
16341936,42828,348,42480,Australia,Entire home/apt,1,1,180,1,10,10,10,f,1
3890068,42828,1514,41314,Australia,Entire home/apt,1,1,149,3,10,10,9,f,1
8674711,42828,894,41934,Australia,Private room,1,1,107,11,8,9,9,f,1
17259926,42828,48,42780,Australia,Entire home/apt,1,0,110,5,9,10,10,f,1
17927983,42828,444,42384,Australia,Entire home/apt,1,2,140,0,,,,t,1
9319025,42828,1259,41569,Australia,Entire home/apt,1.5,1,140,41,9,9,9,f,1
837264,42828,1575,41253,Australia,Private room,1,1,41,3,9,9,10,f,1
14244519,42828,1312,41516,Australia,Entire home/apt,1,0,164,51,9,10,9,t,1
14310061,42828,939,41889,Australia,Entire home/apt,1,3,173,3,9,10,10,f,1
16409711,42828,107,42721,Australia,Entire home/apt,1,2,240,7,10,10,9,t,1
8870552,42828,538,42290,Australia,Private room,1,1,64,1,10,10,10,f,1
15358615,42828,677,42151,Australia,Private room,1.5,1,485,1,8,10,10,f,1
16127674,42828,920,41908,Australia,Private room,1.5,1,59,0,,,,f,1
3168890,42828,1074,41754,Australia,Private room,1,1,123,0,,,,f,1
15424112,42828,1172,41656,Australia,Entire home/apt,1,2,149,1,10,10,10,f,1
12933747,42828,333,42495,Australia,Entire home/apt,1,0,189,5,10,9,8,f,1
16407533,42828,1526,41302,Australia,Private room,1,1,149,0,,,,f,1
12390147,42828,355,42473,Australia,Private room,2,1,55,1,6,10,8,f,1
13457931,42828,858,41970,Australia,Private room,1.5,1,201,1,8,10,8,f,1
16210430,42828,455,42373,Australia,Private room,1,1,110,1,10,10,10,f,1
16431529,42828,216,42612,Australia,Entire home/apt,1,1,342,1,10,,,t,1
17384651,42828,969,41859,Australia,Entire home/apt,1,1,110,2,10,10,10,f,1
12081653,42828,371,42457,Australia,Entire home/apt,1,1,90,5,8,10,9,t,1
15227377,42828,256,42572,Australia,Private room,1,1,80,2,10,8,10,f,1
2709989,42828,2037,40791,Australia,Entire home/apt,1,1,160,36,9,10,9,f,1
11229765,42828,894,41934,Australia,Private room,1,1,90,45,9,10,10,f,1
11426392,42828,635,42193,Australia,Private room,2,1,60,0,,,,t,1
17848895,42828,488,42340,Australia,Private room,1,1,66,0,,,,t,1
10943819,42828,584,42244,Australia,Entire home/apt,1,1,100,0,,,,f,1
16341553,42828,1545,41283,Australia,Entire home/apt,2,1,300,0,,,,f,1
15749670,42828,544,42284,Australia,Entire home/apt,1,1,149,0,,,,f,1
5919251,42828,1356,41472,Australia,Entire home/apt,1,1,125,7,9,10,10,f,1
12276230,42828,616,42212,Australia,Entire home/apt,1,0,92,36,8,10,9,t,1
5984722,42828,931,41897,Australia,Private room,1,1,90,81,10,10,10,f,1
16469893,42828,650,42178,Australia,Entire home/apt,1,0,90,12,9,10,9,t,1
16994150,42828,1092,41736,Australia,Entire home/apt,2,2,220,5,8,9,9,t,1
15748953,42828,696,42132,Australia,Private room,1,1,136,29,10,10,10,t,1
17256276,42828,49,42779,Australia,Private room,1,1,68,0,,,,f,1
10091713,42828,1098,41730,Australia,Entire home/apt,1,0,105,16,10,10,10,f,1
13520692,42828,589,42239,Australia,Entire home/apt,2,2,199,1,10,10,10,t,1
7163694,42828,665,42163,Australia,Entire home/apt,2,2,163,2,9,9,10,f,1
8474401,42828,562,42266,Australia,Entire home/apt,1.5,2,498,7,9,10,9,f,1
9981712,42828,732,42096,Australia,Entire home/apt,1,2,275,44,9,10,10,f,1
3924609,42828,1061,41767,Australia,Entire home/apt,1,1,199,2,10,10,10,f,1
15945467,42828,428,42400,Australia,Entire home/apt,1.5,3,349,8,9,10,10,f,1
1265387,42828,1390,41438,Australia,Private room,1,1,60,26,9,9,10,f,1
15555112,42828,768,42060,Australia,Private room,1.5,1,45,0,,,,f,1
4542627,42828,936,41892,Australia,Entire home/apt,1,2,290,1,10,10,10,f,1
13914271,42828,1398,41430,Australia,Entire home/apt,1,1,130,7,9,10,10,f,1
9588869,42828,1170,41658,Australia,Private room,1,1,142,4,10,10,9,t,1
2963479,42828,1248,41580,Australia,Private room,1,1,149,0,,,,f,1
10047615,42828,473,42355,Australia,Entire home/apt,1,1,125,6,8,8,7,f,1
2969624,42828,1064,41764,Australia,Private room,1,1,69,154,10,10,10,f,1
11920059,42828,380,42448,Australia,Entire home/apt,1,2,201,2,10,10,9,f,1
10375223,42828,1064,41764,Australia,Entire home/apt,2,4,450,72,8,10,8,f,1
11573209,42828,521,42307,Australia,Private room,1.5,1,75,79,10,9,10,t,1
15028285,42828,1143,41685,Australia,Entire home/apt,1,1,176,30,9,9,9,t,1
6567942,42828,1176,41652,Australia,Private room,0,1,62,5,8,8,7,f,1
6836257,42828,1056,41772,Australia,Entire home/apt,1,2,199,13,8,9,9,f,1
1789925,42828,1268,41560,Australia,Private room,1,1,89,120,10,10,10,f,1
16470017,42828,455,42373,Australia,Private room,2,1,90,4,10,10,9,f,1
17387502,42828,1107,41721,Australia,Entire home/apt,1,2,250,0,,,,f,1
1543505,42828,1376,41452,Australia,Private room,1,1,100,3,9,10,8,f,1
7294935,42828,631,42197,Australia,Entire home/apt,1,1,121,1,10,8,8,f,1
16338897,42828,939,41889,Australia,Entire home/apt,1,2,201,11,9,9,9,f,1
4607950,42828,2044,40784,Australia,Entire home/apt,1,1,220,3,10,10,10,f,1
1462226,42828,1823,41005,Australia,Private room,2,4,90,0,,,,f,1
1789888,42828,1300,41528,Australia,Entire home/apt,1,1,125,0,,,,f,1
17665351,42828,302,42526,Australia,Entire home/apt,1,1,115,0,,,,f,1
16469942,42828,102,42726,Australia,Entire home/apt,1,1,181,16,10,10,10,f,1
11242825,42828,1242,41586,Australia,Entire home/apt,1,1,240,6,10,10,9,f,1
13455273,42828,508,42320,Australia,Entire home/apt,1,1,299,50,8,9,8,t,1
15486895,42828,856,41972,Australia,Entire home/apt,1,1,75,0,,,,f,1
9261542,42828,1573,41255,Australia,Entire home/apt,1,0,160,18,9,10,8,f,1
17256885,42828,534,42294,Australia,Entire home/apt,1.5,2,81,1,10,10,10,f,1
17387944,42828,1107,41721,Australia,Private room,1,1,100,0,,,,f,1
15317060,42828,1186,41642,Australia,Private room,2,1,98,23,10,10,9,t,1
11227549,42828,416,42412,Australia,Entire home/apt,1,1,149,3,10,10,10,f,1
17781136,42828,967,41861,Australia,Entire home/apt,1,2,149,0,,,,t,1
14569693,42828,244,42584,Australia,Entire home/apt,1,0,136,45,9,10,9,t,1
15306102,42828,184,42644,Australia,Entire home/apt,2,4,408,24,9,10,10,f,1
15990444,42828,139,42689,Australia,Entire home/apt,1,0,135,2,10,10,10,f,1
17122813,42828,1042,41786,Australia,Entire home/apt,1.5,3,400,0,,,,f,1
17121966,42828,1071,41757,Australia,Entire home/apt,1,0,100,0,,,,t,1
16989195,42828,996,41832,Australia,Private room,1,1,69,2,7,7,6,f,1
7356072,42828,1667,41161,Australia,Private room,1,1,75,16,10,9,9,f,1
9887377,42828,482,42346,Australia,Private room,1,1,60,8,8,9,9,f,1
931559,42828,1515,41313,Australia,Private room,1.5,1,55,1,10,10,10,f,1
5322101,42828,782,42046,Australia,Private room,1,1,56,7,10,10,10,f,1
16429911,42828,623,42205,Australia,Private room,1,1,80,15,9,9,9,f,1
17478162,42828,1732,41096,Australia,Private room,1,1,160,0,,,,f,1
10957737,42828,847,41981,Australia,Entire home/apt,1,1,149,0,,,,f,1
16397255,42828,1461,41367,Australia,Private room,2,1,88,4,7,10,8,f,1
15087259,42828,199,42629,Australia,Private room,1,1,60,1,,,,f,1
16987784,42828,64,42764,Australia,Private room,1.5,,79,0,,,,f,1
16135759,42828,806,42022,Australia,Private room,2,1,69,1,10,10,10,f,1
16987700,42828,503,42325,Australia,Entire home/apt,2,2,201,1,6,10,10,t,1
10105694,42828,1089,41739,Australia,Entire home/apt,1,1,140,12,8,10,8,f,1
12312007,42828,1048,41780,Australia,Entire home/apt,1,1,71,3,7,10,9,f,1
16397417,42828,108,42720,Australia,Private room,1,1,58,2,10,10,10,f,1
13250914,42828,1098,41730,Australia,Private room,1,1,30,1,10,8,8,f,1
16396194,42828,192,42636,Australia,Entire home/apt,1,1,228,18,9,10,9,t,1
16920161,42828,69,42759,Australia,Private room,1,0,80,1,10,8,10,t,1
9597973,42828,1364,41464,Australia,Entire home/apt,1,1,250,3,10,10,10,f,1
16003344,42828,880,41948,Australia,Entire home/apt,2.5,3,160,1,,,,f,1
4403368,42828,1585,41243,Australia,Entire home/apt,1,1,121,3,9,9,8,t,1
17182864,42828,53,42775,Australia,Private room,1.5,1,107,3,6,10,8,t,1
5070066,42828,1040,41788,Australia,Entire home/apt,1,1,121,14,9,10,9,f,1
12070028,42828,1144,41684,Australia,Entire home/apt,1,2,204,1,10,10,10,f,1
10104518,42828,504,42324,Australia,Entire home/apt,1,2,655,1,10,10,8,f,1
13774506,42828,277,42551,Australia,Private room,1,1,45,0,,,,t,1
1257989,42828,1392,41436,Australia,Entire home/apt,2,2,250,2,8,10,9,f,1
2960356,42828,1064,41764,Australia,Private room,1,1,51,0,,,,f,1
4998290,42828,833,41995,Australia,Private room,1,1,69,59,10,9,9,f,1
4598215,42828,1042,41786,Australia,Entire home/apt,2,2,400,0,,,,f,1
13379992,42828,428,42400,Australia,Entire home/apt,2,2,249,22,8,10,8,f,1
14493878,42828,333,42495,Australia,Entire home/apt,1,0,208,4,8,10,8,f,1
4925356,42828,831,41997,Australia,Private room,1,1,72,0,,,,f,1
4663194,42828,861,41967,Australia,Private room,1.5,1,83,0,,,,f,1
4925221,42828,831,41997,Australia,Private room,1,1,52,3,7,9,7,f,1
4598493,42828,1391,41437,Australia,Entire home/apt,1,3,250,95,8,10,9,f,1
1976920,42828,1227,41601,Australia,Private room,1,1,105,1,10,10,10,f,1
17639999,42828,1694,41134,Australia,Private room,2,1,50,1,6,6,8,f,1
16262897,42828,500,42328,Australia,Entire home/apt,1,1,100,0,,,,f,1
17835421,42828,13,42815,Australia,Entire home/apt,1,1,100,0,,,,f,1
16459029,42828,560,42268,Australia,Private room,1,1,105,11,10,10,10,f,1
600915,42828,1720,41108,Australia,Private room,2,1,94,56,10,10,10,f,1
16395099,42828,507,42321,Australia,Entire home/apt,2,3,800,5,9,10,8,f,1
16395065,42828,110,42718,Australia,Private room,1,1,100,1,8,10,8,f,1
16590812,42828,876,41952,Australia,Entire home/apt,1,1,130,5,7,9,7,t,1
15475942,42828,2175,40653,Australia,Private room,1,1,66,0,,,,t,1
12920004,42828,1063,41765,Australia,Entire home/apt,2,2,339,41,8,10,9,f,1
1451160,42828,1344,41484,Australia,Entire home/apt,1,2,287,22,10,10,10,f,1
17835127,42828,38,42790,Australia,Private room,1,1,80,0,,,,f,1
5841992,42828,1255,41573,Australia,Private room,1,1,60,1,10,10,10,f,1
16458586,42828,1742,41086,Australia,Entire home/apt,2,2,551,0,,,,f,1
7152414,42828,2504,40324,Australia,Entire home/apt,1,0,90,11,10,10,10,f,1
6890254,42828,655,42173,Australia,Private room,1,1,130,15,9,10,9,f,1
13051477,42828,1150,41678,Australia,Entire home/apt,1,1,115,2,10,10,10,f,1
11150912,42828,1868,40960,Australia,Entire home/apt,1,1,83,5,9,10,10,f,1
12592703,42828,1421,41407,Australia,Private room,1,1,50,7,9,10,10,f,1
14034418,42828,1281,41547,Australia,Entire home/apt,1,1,92,3,10,10,10,f,1
16196297,42828,841,41987,Australia,Private room,1,1,90,3,10,10,10,f,1
12813763,42828,1676,41152,Australia,Entire home/apt,1,1,220,0,,,,f,1
6627966,42828,968,41860,Australia,Entire home/apt,1,1,149,4,9,10,9,t,1
6562426,42828,677,42151,Australia,Entire home/apt,1,0,90,3,7,9,10,t,1
16457754,42828,514,42314,Australia,Private room,1,1,100,0,,,,f,1
14754844,42828,503,42325,Australia,Private room,1,1,47,3,10,10,10,f,1
6959277,42828,1739,41089,Australia,Entire home/apt,1,0,110,0,,,,f,1
9839571,42828,1038,41790,Australia,Entire home/apt,1,1,149,9,10,10,10,f,1
6562761,42828,970,41858,Australia,Entire home/apt,1,1,149,2,10,10,10,t,1
17440622,42828,40,42788,Australia,Entire home/apt,1,2,208,8,9,9,9,t,1
16916325,42828,341,42487,Australia,Entire home/apt,2,2,398,21,10,10,10,t,1
16502518,42828,2206,40622,Australia,Entire home/apt,1,1,189,0,,,,f,1
17833770,42828,1571,41257,Australia,Private room,1,1,66,1,8,10,10,f,1
17964492,42828,488,42340,Australia,Entire home/apt,1,1,79,0,,,,t,1
3743166,42828,2122,40706,Australia,Entire home/apt,1,2,180,27,9,10,10,f,1
17964457,42828,1776,41052,Australia,Entire home/apt,1.5,1,210,0,,,,f,1
14492092,42828,1364,41464,Australia,Entire home/apt,1,1,339,0,,,,f,1
15489779,42828,173,42655,Australia,Private room,1,1,80,4,10,10,10,f,1
17965464,42828,806,42022,Australia,Private room,1,1,69,0,,,,f,1
17113492,42828,57,42771,Australia,Entire home/apt,1,0,84,3,6,7,7,t,1
17947372,42828,698,42130,Australia,Private room,1,1,72,0,,,,t,1
16523601,42828,1554,41274,Australia,Private room,1,1,159,0,,,,f,1
16261376,42828,1776,41052,Australia,Entire home/apt,2,2,408,1,8,6,6,f,1
3416220,42828,1472,41356,Australia,Entire home/apt,3,2,249,126,9,9,9,f,1
17965222,42828,4,42824,Australia,Private room,2,1,190,0,,,,f,1
6561940,42828,677,42151,Australia,Entire home/apt,1,1,180,0,,,,f,1
11149454,42828,1365,41463,Australia,Entire home/apt,1.5,2,350,6,10,10,10,f,1
17637493,42828,1205,41623,Australia,Entire home/apt,2,2,100,1,10,10,10,f,1
9052260,42828,528,42300,Australia,Entire home/apt,2,2,190,2,10,10,10,f,1
13180249,42828,1107,41721,Australia,Entire home/apt,1.5,1,290,0,,,,t,1
13049143,42828,322,42506,Australia,Private room,1,1,45,1,2,10,2,t,1
12852445,42828,417,42411,Australia,Entire home/apt,1,0,100,56,9,9,9,t,1
11513717,42828,402,42426,Australia,Entire home/apt,1,1,75,0,,,,f,1
15211689,42828,475,42353,Australia,Entire home/apt,1,1,149,12,10,9,10,t,1
15060005,42828,1168,41660,Australia,Entire home/apt,1,1,139,5,8,8,8,t,1
10754685,42828,1407,41421,Australia,Entire home/apt,1,2,250,101,10,10,10,f,1
17051721,42828,548,42280,Australia,Entire home/apt,2,2,284,13,10,10,9,t,1
3415789,42828,1573,41255,Australia,Entire home/apt,1,0,138,16,8,10,8,f,1
2694793,42828,1098,41730,Australia,Private room,1,1,190,240,10,10,10,f,1
1104499,42828,2225,40603,Australia,Entire home/apt,2,2,250,14,9,9,9,f,1
10952334,42828,1590,41238,Australia,Entire home/apt,1,2,143,5,10,10,10,f,1
14491264,42828,1714,41114,Australia,Entire home/apt,1,1,395,0,,,,f,1
14637674,42828,446,42382,Australia,Entire home/apt,1,1,149,4,10,10,10,t,1
5971518,42828,723,42105,Australia,Private room,1,1,135,0,,,,f,1
17047085,42828,1035,41793,Australia,Private room,1,1,77,2,10,10,10,f,1
6364693,42828,1395,41433,Australia,Entire home/apt,1,1,350,0,,,,f,1
13965927,42828,939,41889,Australia,Entire home/apt,1,3,170,5,9,10,9,f,1
5970447,42828,724,42104,Australia,Private room,1,1,66,18,9,9,9,f,1
1906930,42828,2872,39956,Australia,Entire home/apt,1,1,250,52,10,10,9,f,1
16259324,42828,119,42709,Australia,Private room,1,1,100,1,10,8,10,f,1
11212974,42828,417,42411,Australia,Entire home/apt,1.5,1,147,3,8,10,10,f,1
1382540,42828,1438,41390,Australia,Entire home/apt,2,3,300,65,9,9,9,f,1
17113625,42828,57,42771,Australia,Private room,1,1,69,3,8,9,10,t,1
11830701,42828,929,41899,Australia,Private room,1.5,1,50,4,10,10,10,f,1
5644804,42828,860,41968,Australia,Private room,1,2,85,5,8,9,9,f,1
15278590,42828,829,41999,Australia,Entire home/apt,1,1,180,3,10,10,10,f,1
7938555,42828,2002,40826,Australia,Entire home/apt,2,1,159,1,8,10,10,f,1
16196066,42828,1652,41176,Australia,Entire home/apt,1,1,180,13,9,10,9,f,1
14426584,42828,973,41855,Australia,Entire home/apt,1,1,66,0,,,,f,1
2432175,42828,1766,41062,Australia,Entire home/apt,1,1,180,3,8,10,8,f,1
4589537,42828,2064,40764,Australia,Entire home/apt,2,1,225,0,,,,f,1
6626405,42828,1283,41545,Australia,Entire home/apt,1,2,189,51,9,10,9,f,1
16784439,42828,615,42213,Australia,Entire home/apt,1,1,180,1,6,8,8,t,1
16260142,42828,220,42608,Australia,Shared room,1,1,100,1,10,10,10,f,1
16784425,42828,521,42307,Australia,Private room,1,1,90,2,9,8,9,t,1
13245361,42828,310,42518,Australia,Entire home/apt,2,2,281,31,10,10,10,t,1
7084967,42828,1052,41776,Australia,Private room,1,2,90,9,10,10,9,t,1
5905265,42828,953,41875,Australia,Entire home/apt,1,3,290,119,9,10,9,f,1
12917626,42828,852,41976,Australia,Private room,1.5,1,60,1,10,10,10,f,1
13704039,42828,1029,41799,Australia,Private room,1,1,85,10,9,10,10,f,1
8619143,42828,552,42276,Australia,Entire home/apt,1,1,229,56,9,10,9,f,1
1973045,42828,1241,41587,Australia,Private room,1,1,60,14,9,10,9,f,1
4332316,42828,903,41925,Australia,Entire home/apt,1,3,210,2,8,9,8,f,1
16783502,42828,1223,41605,Australia,Entire home/apt,2,2,140,0,,,,t,1
15669379,42828,298,42530,Australia,Private room,1,1,85,2,10,10,10,f,1
8657020,42828,1370,41458,Australia,Private room,2,1,149,3,10,10,9,t,1
11147371,42828,435,42393,Australia,Entire home/apt,1,1,110,1,10,10,10,f,1
858178,42828,1560,41268,Australia,Private room,1,1,80,16,9,9,9,f,1
15210540,42828,190,42638,Australia,Entire home/apt,2,2,400,1,10,10,10,f,1
8787818,42828,622,42206,Australia,Entire home/apt,2,2,800,5,10,10,9,f,1
5773054,42828,766,42062,Australia,Private room,2,1,130,0,,,,t,1
12917877,42828,989,41839,Australia,Private room,1,1,85,1,10,10,8,f,1
4463677,42828,1194,41634,Australia,Private room,1,1,94,1,10,10,10,t,1
8132999,42828,582,42246,Australia,Entire home/apt,1.5,1,163,17,9,10,9,f,1
16587101,42828,1497,41331,Australia,Private room,1,1,100,7,10,9,10,t,1
7280959,42828,658,42170,Australia,Private room,1,1,69,16,10,10,9,f,1
12365536,42828,375,42453,Australia,Entire home/apt,1,2,195,2,8,10,10,f,1
11677306,42828,427,42401,Australia,Entire home/apt,1,2,149,1,10,10,10,f,1
17831635,42828,19,42809,Australia,Shared room,1,1,48,0,,,,f,1
17503943,42828,1890,40938,Australia,Private room,1,1,67,1,10,10,10,f,1
2305646,42828,1292,41536,Australia,Entire home/apt,1,1,100,0,,,,f,1
8787563,42828,622,42206,Australia,Private room,1,1,130,16,9,9,9,f,1
17503825,42828,266,42562,Australia,Entire home/apt,1,1,100,2,10,10,10,f,1
988736,42828,1603,41225,Australia,Entire home/apt,1,1,155,15,10,10,10,f,1
17829581,42828,1270,41558,Australia,Entire home/apt,1,0,135,0,,,,f,1
16125642,42828,726,42102,Australia,Entire home/apt,2,2,250,47,10,10,10,t,1
16518862,42828,116,42712,Australia,Entire home/apt,1.5,3,398,2,10,10,10,f,1
5377723,42828,914,41914,Australia,Entire home/apt,1,0,115,0,,,,t,1
5150259,42828,987,41841,Australia,Private room,1,1,62,17,10,10,10,f,1
13242032,42828,506,42322,Australia,Private room,1,1,155,3,10,9,9,t,1
15208111,42828,566,42262,Australia,Private room,1,1,250,1,8,10,10,f,1
14159523,42828,640,42188,Australia,Private room,1,1,102,16,10,10,10,f,1
15535770,42828,169,42659,Australia,Private room,1,1,79,2,9,10,9,t,1
15470207,42828,519,42309,Australia,Entire home/apt,1,3,384,3,10,10,9,t,1
7886783,42828,1600,41228,Australia,Private room,1.5,1,85,1,8,10,8,f,1
14749257,42828,1312,41516,Australia,Entire home/apt,1,0,164,53,9,10,9,t,1
15076951,42828,1264,41564,Australia,Entire home/apt,1,1,121,2,7,10,9,t,1
15208016,42828,1125,41703,Australia,Private room,1,1,85,20,10,9,10,f,1
12895179,42828,744,42084,Australia,Entire home/apt,1,1,94,2,10,10,10,f,1
16324539,42828,671,42157,Australia,Entire home/apt,1,1,149,12,10,10,10,f,1
5707716,42828,757,42071,Australia,Private room,1,1,80,1,10,10,10,f,1
1447802,42828,1345,41483,Australia,Entire home/apt,1,1,140,31,10,10,10,f,1
16193391,42828,124,42704,Australia,Private room,1,1,50,3,10,10,10,f,1
4205835,42828,920,41908,Australia,Entire home/apt,1.5,4,999,14,9,10,10,f,1
659009,42828,1714,41114,Australia,Entire home/apt,3,4,1400,8,10,10,9,f,1
8719922,42828,1089,41739,Australia,Private room,1,1,69,1,10,10,10,f,1
16977445,42828,327,42501,Australia,Private room,1,1,79,9,10,10,10,f,1
7736868,42828,1070,41758,Australia,Entire home/apt,1,1,149,9,9,10,10,f,1
10685960,42828,1428,41400,Australia,Entire home/apt,2,1,210,3,9,10,9,t,1
12091988,42828,989,41839,Australia,Entire home/apt,1,2,121,3,9,9,9,f,1
8195557,42828,578,42250,Australia,Private room,1,1,56,0,,,,f,1
14093798,42828,1506,41322,Australia,Private room,1,1,41,0,,,,f,1
16518628,42828,116,42712,Australia,Entire home/apt,2,3,349,2,8,8,8,f,1
9637344,42828,969,41859,Australia,Entire home/apt,2.5,2,450,8,9,10,9,t,1
9965002,42828,477,42351,Australia,Entire home/apt,1,1,176,59,9,10,9,f,1
8392155,42828,1056,41772,Australia,Entire home/apt,1,1,160,8,9,10,9,f,1
18025937,42828,1923,40905,Australia,Private room,1,1,90,0,,,,f,1
14749127,42828,1050,41778,Australia,Entire home/apt,2,2,246,0,,,,f,1
17501632,42828,328,42500,Australia,Entire home/apt,1,1,126,0,,,,f,1
16453061,42828,1025,41803,Australia,Entire home/apt,1,0,100,0,,,,f,1
9639433,42828,710,42118,Australia,Private room,2,1,60,2,9,10,9,f,1
1446354,42828,1492,41336,Australia,Entire home/apt,2,2,250,220,8,10,9,f,1
16978452,42828,417,42411,Australia,Entire home/apt,1,2,199,7,9,10,9,t,1
11932111,42828,379,42449,Australia,Entire home/apt,2,2,121,2,9,10,10,t,1
12660130,42828,632,42196,Australia,Entire home/apt,1,1,135,6,10,10,10,f,1
15929800,42828,1068,41760,Australia,Entire home/apt,1,1,201,1,10,10,8,f,1
17848389,42828,12,42816,Australia,Entire home/apt,1,2,240,2,10,10,9,f,1
16978331,42828,2217,40611,Australia,Private room,1,1,135,6,9,10,10,f,1
6099301,42828,901,41927,Australia,Entire home/apt,1,1,90,0,,,,f,1
11211090,42828,417,42411,Australia,Private room,1.5,1,96,39,10,10,10,f,1
16634720,42828,333,42495,Australia,Private room,1.5,1,60,4,10,10,10,f,1
16220896,42828,960,41868,Australia,Private room,1,1,149,0,,,,t,1
16912609,42828,77,42751,Australia,Entire home/apt,2,2,159,0,,,,f,1
16715998,42828,195,42633,Australia,Private room,4,1,84,1,10,10,10,f,1
17371324,42828,239,42589,Australia,Private room,1,2,89,2,10,10,10,f,1
17597106,42828,724,42104,Australia,Private room,1,1,41,0,,,,t,1
4263960,42828,1584,41244,Australia,Entire home/apt,1,0,105,9,9,9,9,t,1
14946307,42828,776,42052,Australia,Entire home/apt,1,1,254,3,10,10,10,f,1
6426580,42828,687,42141,Australia,Private room,1,1,100,0,,,,f,1
4722574,42828,853,41975,Australia,Entire home/apt,2,2,149,11,8,10,9,f,1
15863657,42828,1404,41424,Australia,Private room,1,1,135,14,10,10,10,f,1
15732589,42828,428,42400,Australia,Entire home/apt,2,2,249,9,9,10,9,f,1
18026330,42828,47,42781,Australia,Entire home/apt,1,1,94,0,,,,t,1
4722487,42828,862,41966,Australia,Entire home/apt,1,2,250,1,10,10,10,f,1
11996943,42828,817,42011,Australia,Private room,1,1,75,5,10,10,10,t,1
13700878,42828,1579,41249,Australia,Private room,1,1,68,9,10,10,10,f,1
1773321,42828,1273,41555,Australia,Entire home/apt,1,1,121,24,7,9,8,f,1
16125675,42828,846,41982,Australia,Private room,1,1,55,0,,,,f,1
16781034,42828,770,42058,Australia,Entire home/apt,1,1,123,0,,,,f,1
16520418,42828,457,42371,Australia,Entire home/apt,1,0,125,15,10,10,9,f,1
9114820,42828,1597,41231,Australia,Entire home/apt,1,1,250,1,10,10,10,t,1
8656059,42828,2522,40306,Australia,Private room,1.5,1,62,14,9,10,9,f,1
17241197,42828,245,42583,Australia,Entire home/apt,2,3,475,6,10,10,9,f,1
9114694,42828,1596,41232,Australia,Entire home/apt,1,1,145,64,10,10,9,f,1
16389202,42828,188,42640,Australia,Entire home/apt,2,3,359,16,9,10,9,t,1
11998269,42828,581,42247,Australia,Entire home/apt,1,1,156,42,10,10,9,t,1
14877534,42828,1716,41112,Australia,Entire home/apt,2,3,499,24,10,10,10,f,1
12456998,42828,407,42421,Australia,Entire home/apt,2,2,160,1,10,10,10,f,1
11146239,42828,534,42294,Australia,Private room,1,1,110,1,4,8,4,f,1
15209452,42828,1068,41760,Australia,Private room,1,1,100,0,,,,f,1
17699775,42828,613,42215,Australia,Entire home/apt,1,2,219,1,10,10,10,f,1
17109941,42828,69,42759,Australia,Entire home/apt,1,0,201,7,10,10,9,t,1
7148446,42828,1027,41801,Australia,Private room,2,1,149,3,10,10,10,f,1
16454553,42828,603,42225,Australia,Entire home/apt,1,1,121,5,10,10,9,f,1
17175405,42828,54,42774,Australia,Entire home/apt,1,0,105,6,9,10,9,f,1
16257836,42828,1125,41703,Australia,Private room,1,1,125,3,10,10,10,f,1
4541446,42828,875,41953,Australia,Entire home/apt,1,0,119,75,8,9,8,f,1
5051129,42828,811,42017,Australia,Private room,1,1,90,0,,,,f,1
8524523,42828,1664,41164,Australia,Private room,1.5,1,85,1,8,10,10,f,1
12325513,42828,1372,41456,Australia,Entire home/apt,1,1,69,3,8,10,10,f,1
17371756,42828,812,42016,Australia,Entire home/apt,1,1,149,4,10,10,10,t,1
13534117,42828,292,42536,Australia,Private room,2,1,83,35,9,10,10,f,1
16455077,42828,915,41913,Australia,Entire home/apt,2,2,350,0,,,,t,1
10622366,42828,1236,41592,Australia,Shared room,1,1,60,5,9,9,9,f,1
6296859,42828,1042,41786,Australia,Entire home/apt,1,1,149,4,10,10,10,f,1
14900586,42828,1050,41778,Australia,Entire home/apt,1,1,145,3,10,10,10,f,1
17829178,42828,1658,41170,Australia,Entire home/apt,1,1,125,1,6,8,2,t,1
17303773,42828,1050,41778,Australia,Entire home/apt,1,1,153,1,,,,f,1
12977691,42828,1074,41754,Australia,Private room,1,1,80,24,9,9,9,f,1
896960,42828,1533,41295,Australia,Private room,1,1,76,54,9,9,9,f,1
4678817,42828,2164,40664,Australia,Entire home/apt,1,1,110,23,8,9,9,f,1
10278487,42828,532,42296,Australia,Entire home/apt,1,0,100,2,10,9,8,f,1
12331943,42828,1614,41214,Australia,Entire home/apt,1,1,180,61,8,10,9,f,1
14812663,42828,1113,41715,Australia,Private room,1,1,75,7,10,10,9,f,1
15205838,42828,1245,41583,Australia,Entire home/apt,1,1,100,1,10,10,10,f,1
11929032,42828,1054,41774,Australia,Entire home/apt,1,1,201,0,,,,f,1
11535814,42828,454,42374,Australia,Private room,1,1,201,0,,,,f,1
14878108,42828,212,42616,Australia,Entire home/apt,1,0,132,9,10,10,9,t,1
16482540,42828,103,42725,Australia,Private room,1,1,52,1,8,8,8,f,1
460159,42828,1795,41033,Australia,Entire home/apt,1,1,88,7,9,10,10,f,1
2033021,42828,1337,41491,Australia,Private room,2,1,100,1,10,10,10,f,1
394550,42828,1840,40988,Australia,Private room,1,1,83,107,9,10,9,f,1
17368387,42828,715,42113,Australia,Entire home/apt,1,1,125,0,,,,t,1
16220380,42828,1649,41179,Australia,Entire home/apt,1,1,265,0,,,,f,1
9700610,42828,491,42337,Australia,Entire home/apt,1,3,180,1,10,10,10,f,1
16057448,42828,1610,41218,Australia,Entire home/apt,2,1,425,0,,,,f,1
17630288,42828,1694,41134,Australia,Private room,2,1,60,2,9,10,9,f,1
10552362,42828,879,41949,Australia,Entire home/apt,1,1,85,2,10,10,10,f,1
10552329,42828,447,42381,Australia,Private room,1,1,85,38,8,9,8,f,1
12190734,42828,474,42354,Australia,Private room,1,1,69,0,,,,f,1
14615560,42828,1420,41408,Australia,Private room,1,1,54,1,10,10,10,f,1
16385045,42828,2878,39950,Australia,Private room,2,2,69,3,10,10,10,f,1
17597778,42828,1312,41516,Australia,Entire home/apt,1,2,244,4,10,10,10,t,1
17367987,42828,176,42652,Australia,Private room,1,1,55,1,8,10,8,t,1
10093498,42828,2215,40613,Australia,Entire home/apt,1,1,90,7,10,9,10,f,1
11742023,42828,950,41878,Australia,Private room,1,1,50,0,,,,f,1
10125466,42828,1776,41052,Australia,Entire home/apt,2,2,425,1,10,10,8,f,1
16454484,42828,104,42724,Australia,Entire home/apt,1,1,275,7,8,9,9,t,1
2032498,42828,1216,41612,Australia,Entire home/apt,1,1,145,96,9,10,9,f,1
15092541,42828,927,41901,Australia,Entire home/apt,1,0,110,29,10,10,10,f,1
13239174,42828,2133,40695,Australia,Entire home/apt,1,2,180,29,8,9,9,f,1
9372543,42828,530,42298,Australia,Entire home/apt,2,2,395,0,,,,f,1
3212135,42828,1036,41792,Australia,Entire home/apt,1,1,239,32,9,9,9,f,1
17596562,42828,27,42801,Australia,Entire home/apt,1,0,121,2,9,10,10,t,1
4457324,42828,1061,41767,Australia,Entire home/apt,1,2,199,6,9,9,9,f,1
4457304,42828,1032,41796,Australia,Private room,1,1,85,17,9,10,10,f,1
5374803,42828,853,41975,Australia,Private room,1.5,1,60,2,8,10,8,f,1
13501231,42828,294,42534,Australia,Shared room,1,1,41,0,,,,t,1
17076212,42828,1658,41170,Australia,Entire home/apt,1,0,149,7,9,10,9,t,1
3605143,42828,1154,41674,Australia,Private room,1,1,176,1,10,8,10,f,1
8585847,42828,554,42274,Australia,Private room,2,1,115,87,10,10,10,f,1
66158,42828,2296,40532,Australia,Entire home/apt,1,1,75,13,9,10,9,f,1
9699920,42828,491,42337,Australia,Entire home/apt,1,1,160,62,10,10,10,f,1
9175638,42828,521,42307,Australia,Shared room,1,1,48,15,10,10,10,f,1
11048803,42828,424,42404,Australia,Private room,1,1,100,0,,,,f,1
5887408,42828,730,42098,Australia,Entire home/apt,1,2,125,93,9,10,9,t,1
10551879,42828,1631,41197,Australia,Private room,1,1,135,23,10,10,10,t,1
15663661,42828,1617,41211,Australia,Entire home/apt,1,0,149,16,10,10,10,f,1
13500969,42828,1360,41468,Australia,Private room,1,1,85,0,,,,f,1
10577433,42828,651,42177,Australia,Private room,1,1,45,0,,,,f,1
4653596,42828,1174,41654,Australia,Private room,1,1,75,4,9,10,10,f,1
12233475,42828,364,42464,Australia,Private room,1.5,1,60,31,10,10,10,t,1
15794704,42828,214,42614,Australia,Private room,1,1,83,4,6,10,9,t,1
10027522,42828,474,42354,Australia,Private room,1,1,100,3,10,10,9,t,1
14746872,42828,240,42588,Australia,Entire home/apt,2,2,219,16,10,10,10,f,1
9438445,42828,509,42319,Australia,Private room,1,1,100,4,10,10,10,f,1
2960249,42828,1175,41653,Australia,Entire home/apt,2,2,160,60,10,9,9,f,1
10028253,42828,1667,41161,Australia,Private room,1,1,55,0,,,,f,1
10594914,42828,710,42118,Australia,Private room,1,1,41,1,10,10,10,f,1
9372867,42828,625,42203,Australia,Entire home/apt,1,3,350,1,10,10,10,f,1
4916414,42828,1018,41810,Australia,Private room,1,1,75,3,10,9,9,f,1
12277279,42828,688,42140,Australia,Private room,2,1,121,1,10,10,10,f,1
13239461,42828,927,41901,Australia,Entire home/apt,1,0,110,28,9,9,9,f,1
10552492,42828,2424,40404,Australia,Entire home/apt,1,0,149,14,9,10,10,f,1
17531077,42828,32,42796,Australia,Private room,1,1,90,3,9,10,9,f,1
17181552,42828,1459,41369,Australia,Private room,1,1,79,5,8,10,8,t,1
12256344,42828,362,42466,Australia,Private room,1,1,80,25,10,10,10,f,1
14746068,42828,2681,40147,Australia,Shared room,1,1,14,1,,,,f,1
13851593,42828,354,42474,Australia,Private room,1,1,50,3,10,10,10,f,1
5374724,42828,1056,41772,Australia,Entire home/apt,1.5,2,240,2,10,10,10,f,1
15794937,42828,1078,41750,Australia,Private room,1,1,110,10,9,10,9,f,1
14156527,42828,351,42477,Australia,Private room,1,1,62,7,9,10,9,f,1
15008488,42828,858,41970,Australia,Private room,2,1,66,3,9,9,10,f,1
209521,42828,2044,40784,Australia,Entire home/apt,1.5,3,320,6,10,10,10,f,1
12714715,42828,442,42386,Australia,Private room,1,1,80,0,,,,f,1
4653774,42828,1042,41786,Australia,Entire home/apt,2,2,400,1,10,10,10,f,1
18023109,42828,904,41924,Australia,Entire home/apt,1,1,140,0,,,,t,1
8258229,42828,574,42254,Australia,Entire home/apt,1,1,145,6,8,10,8,f,1
4129425,42828,1363,41465,Australia,Entire home/apt,1.5,2,311,73,9,9,9,t,1
18012398,42828,1187,41641,Australia,Private room,1,1,85,0,,,,t,1
6947055,42828,1990,40838,Australia,Entire home/apt,1,1,140,24,9,10,10,t,1
9371885,42828,1501,41327,Australia,Entire home/apt,1,1,94,7,10,10,10,f,1
14680262,42828,1117,41711,Australia,Private room,1,1,121,3,10,10,10,t,1
10092571,42828,470,42358,Australia,Entire home/apt,1,1,201,4,10,9,10,f,1
16469357,42828,103,42725,Australia,Private room,1,1,54,0,,,,t,1
3604574,42828,1573,41255,Australia,Entire home/apt,1,0,138,44,9,9,8,f,1
3563633,42828,998,41830,Australia,Private room,1,1,148,4,10,10,9,f,1
10594996,42828,1646,41182,Australia,Entire home/apt,1,1,90,6,9,10,9,f,1
15859765,42828,149,42679,Australia,Entire home/apt,1,1,111,17,10,10,10,f,1
17498121,42828,1089,41739,Australia,Entire home/apt,1,0,100,0,,,,f,1
4653090,42828,1584,41244,Australia,Entire home/apt,1,2,208,1,10,8,6,f,1
11643568,42828,1392,41436,Australia,Entire home/apt,2,2,370,0,,,,t,1
15314873,42829,1078,41751,Australia,Entire home/apt,1,1,188,8,10,10,9,f,1
16101278,42829,483,42346,Australia,Entire home/apt,1,1,219,0,,,,t,1
9761433,42829,1446,41383,Australia,Entire home/apt,1,1,180,1,10,10,10,f,1
10661780,42829,442,42387,Australia,Entire home/apt,1,1,125,0,,,,f,1
6133919,42829,1567,41262,Australia,Private room,1,1,53,23,10,9,9,f,1
16951617,42829,83,42746,Australia,Private room,1,1,64,4,10,10,10,t,1
17017083,42830,395,42435,Australia,Private room,1.5,1,45,6,6,10,8,t,1
15862846,42829,148,42681,Australia,Private room,1,1,80,4,10,9,9,f,1
16570331,42829,511,42318,Australia,Private room,1,1,58,27,10,10,10,t,1
7962339,42830,1568,41262,Australia,Private room,1,1,53,14,10,10,10,f,1
16834848,42829,311,42518,Australia,Private room,1,1,55,9,9,10,9,f,1
7779403,42829,1567,41262,Australia,Private room,1,1,55,9,7,9,8,t,1
16316240,42830,297,42533,Australia,Private room,1,1,64,2,10,8,9,f,1
14272648,42829,1838,40991,Australia,Private room,1,1,47,9,10,10,10,f,1
7266449,42829,650,42179,Australia,Private room,1,1,75,46,9,10,9,t,1
6081594,42829,717,42112,Australia,Private room,1.5,1,80,85,10,9,9,f,1
10927735,42829,820,42009,Australia,Private room,1,1,66,1,10,10,10,f,1
17999033,42829,521,42308,Australia,Private room,1,1,46,0,,,,t,1
7285049,42830,651,42179,Australia,Private room,1,1,50,39,9,9,9,t,1
16287092,42829,582,42247,Australia,Private room,1,1,50,3,10,10,10,f,1
15658649,42830,175,42655,Australia,Private room,1,1,43,15,10,9,9,t,1
11228013,42829,506,42323,Australia,Private room,1,1,58,2,8,9,9,f,1
16246405,42830,507,42323,Australia,Private room,1,1,45,2,10,7,10,f,1
8910844,42830,540,42290,Australia,Private room,2,1,49,4,9,10,10,f,1
16511312,42830,100,42730,Australia,Entire home/apt,1,2,135,5,10,9,8,f,1
9300754,42830,742,42088,Australia,Private room,1,1,64,0,,,,f,1
5620635,42829,758,42071,Australia,Private room,1,1,100,12,10,10,9,f,1
6091237,42829,717,42112,Australia,Private room,1.5,1,95,2,10,10,10,f,1
10284814,42830,460,42370,Australia,Private room,1,1,175,0,,,,f,1
12210577,42829,669,42160,Australia,Private room,2,1,120,6,10,10,10,f,1
4645573,42829,864,41965,Australia,Private room,2,1,89,0,,,,f,1
5077673,42830,810,42020,Australia,Private room,1,1,67,12,9,9,10,f,1
8559496,42829,805,42024,Australia,Shared room,1,1,59,12,10,10,10,f,1
15721632,42829,1654,41175,Australia,Private room,1,1,51,2,10,9,10,f,1
13339133,42829,305,42524,Australia,Private room,1,1,99,2,10,10,10,f,1
9348903,42829,546,42283,Australia,Private room,1,1,66,0,,,,f,1
10415658,42830,455,42375,Australia,Private room,3,1,60,6,8,8,9,f,1
9479443,42829,546,42283,Australia,Private room,3,1,66,22,9,9,9,f,1
10416452,42829,454,42375,Australia,Private room,3,1,60,12,10,9,9,f,1
17813261,42829,15,42814,Australia,Entire home/apt,2,4,340,0,,,,t,1
17547750,42829,31,42798,Australia,Entire home/apt,1,2,198,4,10,9,10,t,1
16441038,42830,423,42407,Australia,Entire home/apt,1,0,70,0,,,,t,1
17755121,42830,512,42318,Australia,Private room,2,3,55,0,,,,t,1
3075668,42829,1163,41666,Australia,Private room,1.5,1,49,17,10,9,10,f,1
2422555,42829,1140,41689,Australia,Entire home/apt,2.5,3,349,0,,,,t,1
11644873,42829,1602,41227,Australia,Entire home/apt,2.5,3,175,1,6,8,6,f,1
10156457,42830,469,42361,Australia,Shared room,1,1,197,0,,,,f,1
11534580,42828,399,42429,Australia,Private room,1,1,66,34,10,10,10,f,1
15663401,42828,844,41984,Australia,Entire home/apt,1,1,90,1,10,10,8,f,1
9308011,42828,545,42283,Australia,Private room,3,1,66,9,9,8,8,f,1
16329636,42828,113,42715,Australia,Private room,2,1,85,6,10,10,10,f,1
15330729,42828,942,41886,Australia,Private room,1,1,71,10,9,9,9,f,1
15665837,42828,272,42556,Australia,Private room,1,1,125,3,9,10,10,f,1
9636951,42828,545,42283,Australia,Private room,3,1,66,3,10,10,10,f,1
9637174,42828,545,42283,Australia,Private room,3,1,66,7,10,9,10,f,1
9637251,42828,545,42283,Australia,Private room,3,1,66,1,,,,f,1
17706463,42828,277,42551,Australia,Private room,1,1,100,0,,,,t,1
16987109,42828,275,42553,Australia,Entire home/apt,1,0,111,6,10,9,10,t,1
12589856,42828,557,42271,Australia,Entire home/apt,1,2,105,10,10,9,10,t,1
16133820,42828,409,42419,Australia,Private room,1,1,125,0,,,,f,1
9514731,42828,550,42278,Australia,Private room,3,1,58,14,10,9,10,f,1
15902294,42828,150,42678,Australia,Private room,1,1,75,2,10,10,8,f,1
15522756,42828,526,42302,Australia,Private room,1,1,69,11,10,10,10,f,1
9672022,42828,493,42335,Australia,Private room,1.5,1,43,11,9,7,9,t,1
17702113,42828,1181,41647,Australia,Entire home/apt,2.5,4,105,0,,,,f,1
11482230,42828,1172,41656,Australia,Entire home/apt,1,1,110,2,10,10,10,f,1
5512614,42828,1566,41262,Australia,Private room,1,1,80,32,10,9,10,f,1
16571743,42828,544,42284,Australia,Private room,1,1,58,2,9,10,10,t,1
16396422,42828,276,42552,Australia,Private room,1,1,80,4,10,10,10,f,1
15280386,42828,834,41994,Australia,Private room,1,1,80,9,10,10,10,f,1
17765844,42828,17,42811,Australia,Private room,2,1,60,1,8,10,8,t,1
16523022,42828,97,42731,Australia,Private room,2,1,121,0,,,,f,1
16952931,42828,82,42746,Australia,Private room,1,1,55,2,10,8,8,t,1
17915293,42828,17,42811,Australia,Private room,2,1,66,0,,,,t,1
17115677,42828,77,42751,Australia,Entire home/apt,2,2,115,3,10,8,9,t,1
16557168,42828,520,42308,Australia,Private room,1,1,42,14,9,9,9,t,1
14358278,42828,244,42584,Australia,Entire home/apt,1,1,100,20,10,10,10,f,1
12191082,42828,366,42462,Australia,Private room,1,1,30,0,,,,f,1
13775449,42828,362,42466,Australia,Entire home/apt,2,2,300,2,9,10,10,f,1
11480043,42828,602,42226,Australia,Private room,1,2,85,129,10,9,9,f,1
17150480,42828,82,42746,Australia,Private room,1,2,201,0,,,,t,1
11760581,42828,388,42440,Australia,Entire home/apt,1,1,145,7,10,10,10,f,1
8662221,42828,550,42278,Australia,Private room,3,1,58,21,10,9,10,f,1
12071467,42828,846,41982,Australia,Private room,1,1,45,4,9,10,8,f,1
15863065,42828,147,42681,Australia,Private room,1,1,100,6,10,10,10,f,1
14555643,42828,1154,41674,Australia,Entire home/apt,1,1,110,3,8,9,8,f,1
17830011,42828,128,42700,Australia,Entire home/apt,2.5,2,140,0,,,,f,1
16858333,42828,1228,41600,Australia,Entire home/apt,1,1,139,1,10,10,8,t,1
7552304,42828,963,41865,Australia,Entire home/apt,1,1,83,45,10,10,10,t,1
4539996,42828,897,41931,Australia,Entire home/apt,2,2,149,4,10,10,10,f,1
15941206,42828,645,42183,Australia,Private room,1,1,94,1,10,10,10,f,1
9716970,42828,550,42278,Australia,Private room,3,1,58,4,10,10,10,f,1
14159043,42828,253,42575,Australia,Private room,1,1,69,50,10,10,9,f,1
7284885,42828,649,42179,Australia,Private room,1,1,55,26,9,9,9,t,1
17709044,42828,20,42808,Australia,Entire home/apt,1,1,127,3,10,10,9,t,1
9517617,42828,567,42261,Australia,Private room,1,1,50,1,6,8,8,f,1
16757566,42828,170,42658,Australia,Private room,1,1,31,0,,,,t,1
7944819,42828,1920,40908,Australia,Private room,1,1,85,203,10,10,10,t,1
5195432,42828,796,42032,Australia,Entire home/apt,2.5,3,89,5,10,10,10,f,1
17450692,42828,774,42054,Australia,Entire home/apt,2,2,90,0,,,,f,1
16784387,42828,2086,40742,Australia,Entire home/apt,1,2,85,1,8,10,10,t,1
15746873,42828,156,42672,Australia,Private room,1,1,75,23,10,10,10,f,1
15484770,42828,545,42283,Australia,Private room,3,1,85,0,,,,f,1
15648822,42828,162,42666,Australia,Private room,1,1,72,7,9,10,9,f,1
10045944,42828,499,42329,Australia,Private room,1,1,119,1,10,10,10,f,1
16469578,42828,102,42726,Australia,Private room,1,1,100,9,9,10,10,t,1
3952850,42828,959,41869,Australia,Private room,1.5,1,60,8,10,9,10,f,1
17884082,42828,162,42666,Australia,Private room,2,1,69,0,,,,t,1
16829624,42828,1739,41089,Australia,Entire home/apt,1,2,89,1,10,10,10,f,1
16341343,42828,137,42691,Australia,Entire home/apt,1,1,69,0,,,,f,1
16935215,42828,83,42745,Australia,Private room,1.5,1,52,14,10,10,10,t,1
10973251,42829,785,42044,Australia,Entire home/apt,1,2,110,3,7,9,9,f,1
16147279,42828,425,42403,Australia,Private room,1,1,58,0,,,,f,1
15823276,42830,152,42678,Australia,Entire home/apt,2,2,141,17,10,10,9,t,1
2028123,42828,1217,41611,Australia,Entire home/apt,1,0,135,14,10,10,10,f,1
16151050,42829,757,42072,Australia,Private room,1,1,100,0,,,,f,1
4682247,42829,859,41970,Australia,Private room,1,1,41,4,,,,f,1
13590176,42828,782,42046,Australia,Private room,1,1,45,0,,,,f,1
9201114,42828,520,42308,Australia,Private room,1,1,58,9,10,10,10,t,1
10384715,42829,1450,41379,Australia,Private room,1,1,50,25,9,8,9,t,1
4395569,42829,1182,41647,Australia,Private room,1,1,66,2,8,10,10,f,1
13264617,42828,1597,41231,Australia,Entire home/apt,1,2,130,17,10,9,9,f,1
5127169,42828,804,42024,Australia,Entire home/apt,1,1,180,27,10,10,10,f,1
16480025,42830,390,42440,Australia,Entire home/apt,2.5,1,166,0,,,,f,1
16480062,42830,104,42726,Australia,Entire home/apt,1,2,280,7,10,10,10,f,1
11308190,42829,412,42417,Australia,Private room,1,1,43,50,8,9,8,f,1
14776887,42829,499,42330,Australia,Entire home/apt,2,2,110,1,10,10,10,f,1
16307260,42829,176,42653,Australia,Private room,1.5,1,91,1,10,10,10,f,1
6082096,42829,717,42112,Australia,Private room,1.5,1,91,26,9,9,9,f,1
1168929,42829,1420,41409,Australia,Private room,1,1,64,26,10,10,10,f,1
17684459,42829,869,41960,Australia,Entire home/apt,1,3,120,0,,,,t,1
13833389,42829,274,42555,Australia,Entire home/apt,1,2,197,0,,,,t,1
10058804,42829,1332,41497,Australia,Private room,1.5,1,110,2,10,10,10,f,1
13320053,42829,786,42043,Australia,Private room,1,1,79,0,,,,t,1
16494587,42829,101,42728,Australia,Private room,1,2,80,0,,,,f,1
9886181,42829,766,42063,Australia,Entire home/apt,1,1,60,0,,,,t,1
16570857,42829,554,42275,Australia,Private room,3,1,64,17,10,10,10,f,1
14776202,42829,1838,40991,Australia,Entire home/apt,1,1,111,7,10,10,9,t,1
3899342,42829,960,41869,Australia,Private room,1.5,1,69,22,10,10,10,f,1
17423671,42829,538,42291,Australia,Private room,1,1,91,1,10,10,10,f,1
17268932,42829,1740,41089,Australia,Private room,1,1,48,0,,,,f,1
17465737,42829,71,42758,Australia,Entire home/apt,1,1,75,0,,,,f,1
15693520,42829,160,42669,Australia,Private room,1,1,140,0,,,,t,1
17331802,42830,46,42784,Australia,Entire home/apt,1,1,81,0,,,,f,1
9631361,42830,510,42320,Australia,Private room,1,1,83,0,,,,t,1
15909101,42829,145,42684,Australia,Private room,1,1,35,4,10,9,10,t,1
9799534,42829,509,42320,Australia,Private room,1,1,71,0,,,,f,1
17895661,42829,9,42820,Australia,Entire home/apt,2.5,3,146,0,,,,t,1
10064767,42829,1207,41622,Australia,Entire home/apt,1,2,91,5,9,9,10,f,1
15935066,42829,143,42686,Australia,Private room,1.5,1,150,2,6,10,10,t,1
11573306,42829,399,42430,Australia,Entire home/apt,1.5,2,300,0,,,,f,1
2332914,42829,2215,40614,Australia,Private room,1,1,60,0,,,,f,1
16953048,42829,83,42746,Australia,Private room,1,1,50,7,9,9,9,t,1
8888195,42829,1048,41781,Australia,Private room,1,1,55,1,10,10,10,f,1
17347292,42829,122,42707,Australia,Private room,1,1,55,4,10,10,9,f,1
16560094,42829,545,42284,Australia,Private room,1,1,49,15,9,9,10,t,1
15773656,42829,155,42674,Australia,Private room,1,1,60,0,,,,t,1
12057358,42830,848,41982,Australia,Private room,1,1,64,3,8,10,9,f,1
14219922,42830,965,41865,Australia,Entire home/apt,1,1,85,22,10,9,10,t,1
13564089,42830,388,42442,Australia,Entire home/apt,2,2,194,0,,,,f,1
17593232,42830,278,42552,Australia,Entire home/apt,1,1,80,0,,,,f,1
16151378,42830,128,42702,Australia,Entire home/apt,2,3,162,1,,,,f,1
16381412,42830,152,42678,Australia,Private room,1,1,110,4,10,10,9,f,1
6156812,42830,719,42111,Australia,Entire home/apt,2,2,120,5,10,9,10,f,1
16151466,42830,129,42701,Australia,Private room,1,1,110,0,,,,f,1
9760677,42830,1183,41647,Australia,Entire home/apt,1,1,116,1,8,4,4,t,1
15166425,42830,308,42522,Australia,Private room,1,1,50,6,9,10,10,f,1
12057528,42830,848,41982,Australia,Private room,1,1,64,8,7,9,9,f,1
17755739,42830,232,42598,Australia,Entire home/apt,1,2,188,0,,,,t,1
14711779,42830,225,42605,Australia,Private room,1.5,1,70,1,,,,f,1
16506830,42829,521,42308,Australia,Private room,1,1,56,12,9,9,9,t,1
9101948,42829,607,42222,Australia,Private room,2,1,169,1,10,10,10,f,1
8446471,42829,793,42036,Australia,Entire home/apt,2,1,120,0,,,,f,1
16241378,42829,494,42335,Australia,Private room,1,1,39,7,9,9,10,t,1
709066,42829,1654,41175,Australia,Entire home/apt,2,4,120,0,,,,f,1
10375506,42829,506,42323,Australia,Private room,1,1,85,0,,,,f,1
16044541,42829,351,42478,Australia,Entire home/apt,2,4,330,1,6,10,10,f,1
16469555,42829,364,42465,Australia,Private room,2,1,64,0,,,,f,1
11553752,42829,782,42047,Australia,Private room,0.5,1,39,8,9,8,9,f,1
9980928,42829,477,42352,Australia,Private room,1,1,59,1,8,8,8,f,1
10111445,42829,603,42226,Australia,Private room,1,1,80,168,10,10,10,t,1
17141885,42829,399,42430,Australia,Private room,1,1,66,15,8,9,9,t,1
15845684,42829,2243,40586,Australia,Entire home/apt,2,3,185,0,,,,f,1
8767570,42829,551,42278,Australia,Private room,3,1,58,13,9,9,9,f,1
3917730,42829,1092,41737,Australia,Entire home/apt,1.5,2,141,0,,,,f,1
17483307,42829,583,42246,Australia,Entire home/apt,1,2,120,5,8,10,9,f,1
17450485,42829,38,42791,Australia,Private room,1,1,39,1,2,8,10,t,1
7389685,42829,628,42201,Australia,Entire home/apt,3.5,5,650,28,10,10,10,f,1
16074324,42829,967,41862,Australia,Entire home/apt,2.5,2,169,0,,,,f,1
2340338,42829,1223,41606,Australia,Entire home/apt,1,1,150,13,8,9,8,t,1
16695449,42829,100,42729,Australia,Private room,1,1,80,3,9,10,10,t,1
9486374,42829,546,42283,Australia,Private room,3,1,66,7,10,10,10,f,1
16695164,42829,311,42518,Australia,Private room,1,1,64,15,10,10,10,f,1
15154711,42829,202,42627,Australia,Entire home/apt,1,1,85,1,8,8,10,f,1
6929828,42829,1163,41666,Australia,Private room,1,1,49,18,10,10,10,f,1
13090180,42829,2318,40511,Australia,Private room,1,1,85,0,,,,f,1
13020974,42829,1312,41517,Australia,Private room,1,1,91,19,10,10,10,f,1
7584741,42829,895,41934,Australia,Entire home/apt,1,1,139,14,10,9,9,f,1
7387326,42829,717,42112,Australia,Private room,1.5,1,91,19,9,9,10,f,1
11679173,42829,393,42436,Australia,Shared room,3,1,29,11,8,9,9,f,1
16241913,42829,510,42319,Australia,Private room,1,1,85,0,,,,f,1
10991205,42829,540,42289,Australia,Entire home/apt,1,1,200,2,10,9,10,f,1
12365562,42829,1364,41465,Australia,Entire home/apt,2.5,3,198,1,6,10,10,t,1
13807350,42829,1258,41571,Australia,Entire home/apt,2,2,150,1,10,8,10,f,1
16167648,42829,126,42703,Australia,Entire home/apt,1.5,2,141,1,10,10,10,t,1
16560656,42829,96,42733,Australia,Entire home/apt,1,0,109,14,10,9,10,t,1
10416730,42829,454,42375,Australia,Private room,3,1,58,6,8,9,8,f,1
16558661,42829,96,42733,Australia,Private room,1,1,70,24,10,10,10,t,1
16952636,42829,83,42746,Australia,Private room,1,1,60,5,9,10,9,t,1
9546968,42829,502,42327,Australia,Private room,1,1,55,0,,,,f,1
6204941,42829,1913,40916,Australia,Private room,1,1,97,3,9,10,10,f,1
16886512,42829,128,42701,Australia,Entire home/apt,2.5,3,300,1,10,10,10,f,1
14525916,42829,535,42294,Australia,Entire home/apt,1,1,91,2,10,10,10,f,1
7186661,42829,638,42191,Australia,Private room,2,1,219,0,,,,f,1
4761810,42829,849,41980,Australia,Entire home/apt,1,3,194,1,10,10,10,f,1
8823892,42829,603,42226,Australia,Entire home/apt,1,1,100,2,10,10,10,f,1
16655584,42829,126,42703,Australia,Private room,1.5,1,55,6,7,8,9,f,1
14000429,42829,603,42226,Australia,Private room,1,1,74,14,10,10,10,f,1
16163694,42829,529,42300,Australia,Entire home/apt,1,1,290,0,,,,f,1
16620648,42829,665,42164,Australia,Entire home/apt,2,6,188,0,,,,f,1
6920789,42829,717,42112,Australia,Private room,1.5,1,80,26,10,9,10,f,1
9814948,42829,2032,40797,Australia,Entire home/apt,1,2,215,0,,,,f,1
16815965,42829,77,42752,Australia,Private room,1,1,35,5,7,7,8,t,1
16816221,42829,77,42752,Australia,Private room,1,1,45,1,10,6,10,t,1
16355812,42829,176,42653,Australia,Private room,1.5,1,100,1,10,10,10,f,1
12239481,42829,493,42336,Australia,Private room,1,1,75,69,10,9,10,f,1
16223826,42829,494,42335,Australia,Private room,1,1,60,11,10,8,9,t,1
13734967,42829,784,42045,Australia,Private room,1,1,47,10,7,9,9,t,1
15959204,42829,161,42668,Australia,Private room,1,1,130,0,,,,f,1
11501864,42829,519,42310,Australia,Entire home/apt,1,1,110,0,,,,f,1
18028739,42829,511,42318,Australia,Private room,2,0,38,0,,,,t,1
16280251,42828,342,42486,Australia,Entire home/apt,2,3,499,1,10,10,10,f,1
9812819,42828,1590,41238,Australia,Private room,2,1,75,0,,,,f,1
2908550,42828,1071,41757,Australia,Entire home/apt,2.5,6,499,5,9,10,9,f,1
17981337,42828,368,42460,Australia,Private room,2,1,60,0,,,,t,1
14310021,42828,660,42168,Australia,Private room,1,1,39,5,9,9,10,f,1
12474873,42828,351,42477,Australia,Entire home/apt,1,1,85,1,6,8,8,f,1
17142115,42828,82,42746,Australia,Private room,1,1,60,3,8,9,9,t,1
10619181,42828,907,41921,Australia,Private room,1,1,85,0,,,,f,1
16327927,42828,871,41957,Australia,Private room,1,1,72,9,10,10,10,f,1
16953121,42828,82,42746,Australia,Entire home/apt,3,4,551,0,,,,t,1
4070023,42828,937,41891,Australia,Entire home/apt,1,1,125,1,10,10,10,f,1
15749522,42828,407,42421,Australia,Private room,1,1,121,8,10,10,10,f,1
11655225,42828,720,42108,Australia,Entire home/apt,1,0,100,69,9,9,9,t,1
15274212,42828,186,42642,Australia,Private room,1,1,104,0,,,,t,1
13337240,42828,304,42524,Australia,Private room,1,1,100,1,10,,,f,1
16518938,42828,98,42730,Australia,Entire home/apt,1,1,115,5,10,10,10,f,1
15274991,42828,705,42123,Australia,Private room,1,1,90,1,10,10,6,f,1
11801543,42828,412,42416,Australia,Entire home/apt,2.5,3,290,2,10,8,9,f,1
2622794,42828,1161,41667,Australia,Private room,1,1,100,0,,,,f,1
11381635,42828,477,42351,Australia,Private room,1,1,75,24,10,9,10,f,1
6750838,42828,1363,41465,Australia,Entire home/apt,1,2,121,2,9,7,9,t,1
12528390,42828,349,42479,Australia,Entire home/apt,1,1,119,2,10,9,9,t,1
9481078,42828,504,42324,Australia,Private room,1,1,55,0,,,,f,1
17850913,42828,199,42629,Australia,Private room,1,1,130,0,,,,f,1
8213958,42828,804,42024,Australia,Private room,1,1,79,16,10,10,10,f,1
15135892,42830,451,42379,Australia,Private room,2,1,49,1,10,10,8,f,1
15974150,42829,141,42688,Australia,Private room,1,1,35,0,,,,f,1
15132555,42829,401,42428,Australia,Private room,2,1,45,0,,,,f,1
15133813,42830,451,42379,Australia,Private room,2,1,58,0,,,,f,1
2739310,42829,1236,41593,Australia,Private room,1,1,100,0,,,,f,1
14472321,42829,237,42592,Australia,Private room,1,1,64,19,9,9,9,t,1
3311841,42829,1538,41291,Australia,Private room,1,0,39,4,8,9,9,f,1
14480518,42830,237,42593,Australia,Private room,1,1,49,25,8,9,9,f,1
16081831,42829,803,42026,Australia,Private room,1,1,70,12,10,10,10,t,1
16354931,42829,857,41972,Australia,Private room,1.5,1,180,0,,,,f,1
15147985,42830,451,42379,Australia,Private room,1,1,58,12,9,10,10,f,1
4207147,42829,920,41909,Australia,Private room,1,1,50,24,10,9,10,f,1
16354301,42829,857,41972,Australia,Private room,1,1,99,0,,,,f,1
12909618,42830,333,42497,Australia,Private room,1,1,39,0,,,,f,1
15134101,42830,402,42428,Australia,Private room,2,1,58,0,,,,f,1
14810160,42830,402,42428,Australia,Entire home/apt,2,5,600,3,7,9,7,f,1
14718168,42829,571,42258,Australia,Shared room,2,1,25,5,10,8,10,f,1
17927945,42829,8,42821,Australia,Entire home/apt,1.5,3,85,0,,,,f,1
4841992,42829,924,41905,Australia,Entire home/apt,1,1,110,0,,,,f,1
14807309,42829,309,42520,Australia,Entire home/apt,2,5,600,2,9,8,10,f,1
10021297,42830,477,42353,Australia,Private room,1,1,55,5,10,9,9,f,1
17563619,42830,31,42799,Australia,Private room,1,1,64,3,9,7,9,t,1
9101212,42829,526,42303,Australia,Entire home/apt,3,5,219,0,,,,f,1
15917381,42829,148,42681,Australia,Private room,1,1,64,0,,,,t,1
17500600,42828,33,42795,Australia,Private room,1,1,41,1,10,10,8,t,1
16257355,42828,901,41927,Australia,Private room,1,1,41,0,,,,f,1
15405530,42828,181,42647,Australia,Entire home/apt,1,4,79,0,,,,t,1
5254930,42828,789,42039,Australia,Entire home/apt,1.5,2,69,2,,,,f,1
17577036,42828,662,42166,Australia,Private room,1,1,50,0,,,,t,1
10003927,42828,475,42353,Australia,Private room,1,1,66,26,10,9,9,f,1
16397505,42828,140,42688,Australia,Private room,1,1,33,0,,,,f,1
2304919,42828,1247,41581,Australia,Private room,2.5,1,75,1,8,8,8,f,1
16265918,42828,138,42690,Australia,Private room,1,1,75,0,,,,f,1
11218118,42828,471,42357,Australia,Private room,0,1,39,1,8,4,6,f,1
15180239,42828,400,42428,Australia,Private room,2,1,58,4,9,7,8,f,1
17963509,42828,802,42026,Australia,Private room,1,1,69,0,,,,t,1
10044535,42828,473,42355,Australia,Private room,2,1,52,0,,,,f,1
16006207,42828,856,41972,Australia,Private room,1.5,1,100,0,,,,f,1
16071960,42828,140,42688,Australia,Private room,1,1,69,0,,,,f,1
10437376,42828,787,42041,Australia,Private room,1,1,110,42,10,9,9,f,1
10636453,42828,443,42385,Australia,Private room,1.5,1,45,21,10,9,10,f,1
17321199,42828,64,42764,Australia,Entire home/apt,2,2,160,4,10,10,10,t,1
2773680,42828,1235,41593,Australia,Entire home/apt,2.5,3,419,0,,,,f,1
17782072,42828,15,42813,Australia,Private room,1,1,62,0,,,,t,1
17995680,42828,3,42825,Australia,Private room,1.5,1,98,0,,,,t,1
8818790,42828,684,42144,Australia,Private room,1,1,45,4,9,8,8,t,1
11427188,42828,678,42150,Australia,Private room,1,1,28,3,10,9,10,f,1
16675285,42829,2321,40508,Australia,Private room,1,1,60,1,10,10,10,t,1
16609814,42829,753,42076,Australia,Private room,1,1,56,1,10,10,10,f,1
15134841,42828,449,42379,Australia,Private room,2,1,58,1,10,10,10,f,1
13485115,42829,1173,41656,Australia,Private room,2,1,45,0,,,,t,1
13985494,42828,1414,41414,Australia,Private room,1,1,48,17,8,9,9,f,1
11954028,42828,824,42004,Australia,Private room,1,1,69,7,10,9,10,f,1
15168608,42830,402,42428,Australia,Private room,2,1,58,0,,,,f,1
16084754,42829,659,42170,Australia,Private room,1,1,41,4,10,10,10,t,1
17725547,42829,20,42809,Australia,Entire home/apt,2,3,128,0,,,,t,1
16044891,42829,135,42694,Australia,Private room,1,1,60,0,,,,f,1
15135779,42830,451,42379,Australia,Private room,2,1,58,0,,,,f,1
16219808,42829,319,42510,Australia,Private room,1,1,41,0,,,,t,1
499631,42830,1776,41054,Australia,Entire home/apt,1,2,120,6,9,8,9,f,1
17334974,42829,44,42785,Australia,Private room,1,1,43,4,10,10,10,t,1
7829168,42830,871,41959,Australia,Private room,1.5,1,50,17,10,9,10,t,1
14718740,42829,571,42258,Australia,Shared room,2,1,25,5,10,9,10,f,1
16354769,42829,857,41972,Australia,Private room,1.5,1,141,0,,,,f,1
6589980,42829,677,42152,Australia,Shared room,1,1,38,0,,,,f,1
9082693,42829,1151,41678,Australia,Entire home/apt,1,2,141,82,9,9,10,f,1
1940766,42829,1236,41593,Australia,Private room,1,1,109,0,,,,f,1
17122960,42829,110,42719,Australia,Private room,2,3,45,0,,,,f,1
16479178,42830,395,42435,Australia,Shared room,1,1,25,0,,,,t,1
18009453,42829,3,42826,Australia,Private room,1,1,60,0,,,,t,1
10274016,42829,461,42368,Australia,Private room,1,1,60,5,10,10,10,f,1
10273586,42829,472,42357,Australia,Private room,1,1,46,2,10,10,10,f,1
9718091,42829,1053,41776,Australia,Private room,1.5,1,49,103,9,9,9,f,1
7353172,42829,870,41959,Australia,Entire home/apt,1.5,1,100,54,9,9,9,f,1
16369971,42829,111,42718,Australia,Private room,3,2,145,0,,,,t,1
16560558,42829,141,42688,Australia,Private room,1,1,35,0,,,,f,1
13282347,42829,682,42147,Australia,Private room,1,1,33,5,10,10,10,f,1
15180965,42829,401,42428,Australia,Private room,2,1,43,3,10,9,9,f,1
4826067,42829,846,41983,Australia,Private room,1,1,50,0,,,,f,1
15181568,42829,401,42428,Australia,Private room,2,1,58,3,6,7,9,f,1
6267697,42829,1933,40896,Australia,Private room,1,1,35,6,9,9,10,f,1
17995745,42829,4,42825,Australia,Private room,1.5,1,99,0,,,,t,1
13089717,42828,331,42497,Australia,Private room,2,1,60,2,10,10,10,f,1
13852420,42828,381,42447,Australia,Private room,1,1,52,7,10,10,10,f,1
17387670,42828,41,42787,Australia,Private room,1,1,63,5,9,8,9,t,1
13979596,42828,658,42170,Australia,Private room,2,1,47,5,9,9,9,t,1
11610820,42828,396,42432,Australia,Private room,1,1,121,0,,,,f,1
13180408,42828,1186,41642,Australia,Private room,1,1,35,33,10,10,10,f,1
9242045,42828,1401,41427,Australia,Private room,1,1,121,0,,,,t,1
10683275,42828,594,42234,Australia,Private room,1,1,30,4,9,9,9,f,1
16139894,42828,1606,41222,Australia,Private room,1,1,75,6,10,9,9,f,1
5898316,42828,850,41978,Australia,Entire home/apt,3,3,267,0,,,,f,1
14029665,42829,962,41867,Australia,Private room,1,1,41,31,10,10,10,t,1
17622260,42829,53,42776,Australia,Private room,1,1,59,0,,,,t,1
12854826,42829,336,42493,Australia,Entire home/apt,1,2,200,13,6,7,8,t,1
13555129,42829,292,42537,Australia,Entire home/apt,1,2,129,6,10,10,10,t,1
13085396,42829,321,42508,Australia,Private room,1.5,1,20,0,,,,t,1
17486118,42829,207,42622,Australia,Entire home/apt,2,2,380,0,,,,f,1
189490,42829,2071,40758,Australia,Private room,1,1,59,92,10,9,9,f,1
15758084,42830,963,41867,Australia,Private room,1,1,43,0,,,,t,1
12028148,42829,375,42454,Australia,Entire home/apt,2,1,200,0,,,,f,1
14611912,42830,376,42454,Australia,Entire home/apt,2,0,200,0,,,,f,1
14158218,42828,291,42537,Australia,Entire home/apt,1,1,100,11,9,9,9,t,1
12333081,42828,358,42470,Australia,Private room,2,1,28,0,,,,t,1
14497050,42828,333,42495,Australia,Private room,1,1,80,0,,,,t,1
13249299,42828,556,42272,Australia,Entire home/apt,1,2,128,30,10,9,9,t,1
17698662,42828,52,42776,Australia,Entire home/apt,1,2,100,0,,,,f,1
7358154,42828,628,42200,Australia,Private room,1,1,60,15,9,8,9,f,1
14996987,42829,1817,41012,Australia,Entire home/apt,2,2,100,1,10,8,10,f,1
13141411,42829,1443,41386,Australia,Private room,1,1,25,0,,,,f,1
12033512,42829,375,42454,Australia,Entire home/apt,2,2,200,0,,,,t,1
16623578,42829,90,42739,Australia,Private room,2,1,80,0,,,,t,1
3670738,42829,2071,40758,Australia,Private room,1,1,59,11,,,,f,1
1596032,42828,2070,40758,Australia,Private room,1,1,59,48,10,9,10,f,1
15327933,42829,546,42283,Australia,Private room,1,1,75,1,10,10,10,t,1
4804636,42829,844,41985,Australia,Private room,2,1,150,0,,,,f,1
1543089,42829,1355,41474,Australia,Private room,1.5,1,79,24,10,9,10,f,1
12995227,42829,327,42502,Australia,Private room,3,1,60,0,,,,f,1
16302837,42829,117,42712,Australia,Private room,1,1,39,4,9,8,10,f,1
11806068,42829,1660,41169,Australia,Entire home/apt,1.5,3,145,8,10,9,9,f,1
12156232,42830,1356,41474,Australia,Private room,2,1,79,0,,,,f,1
16558673,42830,97,42733,Australia,Private room,1,1,50,0,,,,t,1
7074686,42829,645,42184,Australia,Private room,2,1,55,34,9,9,9,f,1
3995080,42830,949,41881,Australia,Private room,2,1,55,5,10,9,9,t,1
14142620,42829,562,42267,Australia,Private room,2,1,46,20,10,9,10,f,1
12973015,42830,1357,41473,Australia,Private room,1,1,46,8,10,9,10,t,1
7186117,42830,672,42158,Australia,Private room,1,1,60,0,,,,t,1
17757570,42830,444,42386,Australia,Private room,2,1,150,0,,,,t,1
17206801,42829,292,42537,Australia,Private room,1,1,60,0,,,,t,1
17752159,42829,129,42700,Australia,Private room,1,1,75,2,10,10,10,f,1
5562646,42829,1580,41249,Australia,Private room,2,1,80,1,10,10,10,f,1
13814742,42829,1348,41481,Australia,Private room,1,1,50,11,10,9,10,t,1
12616394,42829,346,42483,Australia,Entire home/apt,1,3,120,0,,,,t,1
16383534,42830,313,42517,Australia,Private room,1,1,45,10,9,9,9,f,1
4386709,42830,946,41884,Australia,Entire home/apt,2,3,85,8,9,8,9,f,1
17212348,42829,129,42700,Australia,Entire home/apt,1,3,110,3,9,10,9,f,1
8805403,42829,581,42248,Australia,Shared room,1,1,42,25,9,10,9,t,1
4019582,42828,944,41884,Australia,Private room,1,1,94,25,10,9,9,f,1
15204745,42828,191,42637,Australia,Private room,1,1,50,2,8,8,10,f,1
17596471,42828,27,42801,Australia,Private room,1,1,55,1,10,10,10,f,1
16975815,42828,817,42011,Australia,Private room,1,1,35,0,,,,f,1
11211148,42828,418,42410,Australia,Private room,1,1,50,0,,,,f,1
12257222,42828,1354,41474,Australia,Private room,1,1,94,0,,,,f,1
13051230,42828,644,42184,Australia,Private room,1,1,55,10,10,9,9,f,1
16002892,42828,175,42653,Australia,Private room,2.5,5,90,1,10,10,10,t,1
7942152,42828,604,42224,Australia,Private room,2,1,100,3,10,9,9,f,1
12256510,42828,1354,41474,Australia,Private room,2,1,52,4,10,9,9,f,1
16134761,42828,128,42700,Australia,Private room,1,1,45,5,10,10,10,f,1
4923761,42828,1295,41533,Australia,Private room,1,1,100,0,,,,f,1
10686507,42828,441,42387,Australia,Shared room,2,1,41,4,6,9,7,t,1
12209884,42828,1354,41474,Australia,Private room,2,1,89,0,,,,f,1
13647183,42828,779,42049,Australia,Private room,1,1,45,17,10,10,10,f,1
6112100,42828,712,42116,Australia,Private room,1,1,47,1,10,10,10,f,1
2653456,42828,1104,41724,Australia,Private room,3,1,60,3,10,10,9,f,1
408200,42828,1939,40889,Australia,Private room,2,1,45,18,10,9,10,f,1
12274581,42828,1354,41474,Australia,Private room,2,1,79,0,,,,f,1
12210342,42828,1354,41474,Australia,Private room,1,1,128,0,,,,f,1
14508743,42828,233,42595,Australia,Private room,1,1,66,2,10,7,8,f,1
12210492,42828,1354,41474,Australia,Private room,2,1,100,0,,,,f,1
16010980,42828,381,42447,Australia,Private room,1.5,1,38,6,9,9,10,f,1
17545339,42828,342,42486,Australia,Private room,1,0,45,0,,,,t,1
11425178,42828,850,41978,Australia,Private room,1,1,100,0,,,,f,1
15489193,42828,326,42502,Australia,Private room,1,1,59,3,9,9,9,t,1
15489330,42828,175,42653,Australia,Private room,1,1,50,0,,,,t,1
10575040,42828,723,42105,Australia,Private room,1,1,66,1,10,10,10,f,1
16872745,42829,155,42674,Australia,Private room,2,1,80,0,,,,t,1
11623880,42828,454,42374,Australia,Private room,1,1,90,0,,,,f,1
15933488,42828,143,42685,Australia,Private room,1,1,51,1,10,10,10,t,1
15962356,42828,140,42688,Australia,Private room,2,1,50,8,10,9,9,t,1
6253555,42828,701,42127,Australia,Private room,1,1,100,0,,,,f,1
1118485,42828,1524,41304,Australia,Private room,1,1,64,18,10,10,10,f,1
14245808,42828,471,42357,Australia,Private room,3,1,30,0,,,,f,1
16104160,42828,130,42698,Australia,Entire home/apt,1,0,80,4,10,10,10,t,1
17850774,42828,11,42817,Australia,Private room,1,1,80,0,,,,t,1
1472613,42829,1355,41474,Australia,Private room,1.5,1,79,4,10,9,9,f,1
16152806,42829,192,42637,Australia,Private room,1,1,50,0,,,,f,1
10910018,42829,505,42324,Australia,Entire home/apt,1,3,130,27,9,9,9,f,1
16873566,42830,75,42755,Australia,Private room,1,0,100,0,,,,f,1
16896803,42829,1108,41721,Australia,Private room,1,1,50,1,10,8,8,f,1
17624793,42830,119,42711,Australia,Private room,1,1,110,1,10,10,10,f,1
11759327,42830,528,42302,Australia,Private room,1,1,99,1,10,6,6,f,1
12156034,42829,1355,41474,Australia,Private room,1,1,128,0,,,,f,1
12156063,42829,1355,41474,Australia,Private room,2,1,89,0,,,,f,1
15063648,42829,583,42246,Australia,Private room,1,1,39,7,10,10,10,f,1
1408487,42829,1355,41474,Australia,Private room,1,1,128,4,9,9,9,f,1
13753034,42829,455,42374,Australia,Private room,1,1,35,2,10,10,10,f,1
5364488,42829,1289,41540,Australia,Private room,1,1,150,0,,,,f,1
12877410,42829,1793,41036,Australia,Private room,1,1,38,9,10,10,10,t,1
17292110,42829,359,42470,Australia,Entire home/apt,2,3,100,0,,,,f,1
16480138,42830,104,42726,Australia,Private room,1.5,1,50,0,,,,t,1
12306653,42830,975,41855,Australia,Private room,1,1,80,0,,,,f,1
11895726,42829,382,42447,Australia,Private room,1.5,1,45,10,9,9,10,f,1
17645734,42829,25,42804,Australia,Shared room,1,1,102,0,,,,f,1
6522122,42829,681,42148,Australia,Private room,1,1,60,3,6,8,8,f,1
5117491,42829,804,42025,Australia,Private room,1,1,100,0,,,,f,1
17987465,42829,4,42825,Australia,Entire home/apt,1,1,80,0,,,,f,1
15791828,42830,335,42495,Australia,Private room,1,1,64,12,10,10,10,t,1
9695700,42830,494,42336,Australia,Private room,1,1,30,25,10,9,10,t,1
16353274,42829,113,42716,Australia,Private room,1,1,64,2,10,8,10,t,1
17402895,42829,41,42788,Australia,Private room,1,1,110,0,,,,t,1
11701370,42829,1355,41474,Australia,Private room,2,1,99,1,8,8,8,f,1
10391321,42829,455,42374,Australia,Private room,1,1,100,3,10,10,9,f,1
16357074,42829,112,42717,Australia,Private room,1,1,60,1,10,10,10,f,1
10372515,42829,456,42373,Australia,Private room,1,1,50,0,,,,f,1
18010792,42829,248,42581,Australia,Private room,1,1,59,0,,,,f,1
3789451,42829,974,41855,Australia,Private room,2.5,1,80,3,8,9,9,t,1
14340485,42829,244,42585,Australia,Entire home/apt,2.5,3,200,13,10,10,10,f,1
15650737,42829,606,42223,Australia,Entire home/apt,1,1,88,24,10,10,10,f,1
12275298,42829,1355,41474,Australia,Private room,2,1,99,0,,,,f,1
12231199,42829,365,42464,Australia,Private room,1,1,70,0,,,,f,1
12633320,42829,345,42484,Australia,Private room,1,1,64,5,10,10,10,f,1
6079481,42829,716,42113,Australia,Private room,1,1,59,2,10,10,10,t,1
12306714,42829,974,41855,Australia,Private room,1.5,1,70,3,10,10,10,t,1
17221491,42829,1007,41822,Australia,Private room,2,1,45,1,,,,f,1
15121983,42829,258,42571,Australia,Entire home/apt,1,3,150,30,10,9,10,t,1
5753253,42829,1093,41736,Australia,Private room,0,1,55,1,10,10,10,f,1
17741500,42829,19,42810,Australia,Private room,1,1,100,0,,,,t,1
15120326,42829,1743,41086,Australia,Private room,1,1,70,2,10,10,10,f,1
15117996,42829,646,42183,Australia,Private room,1,1,64,19,10,10,10,f,1
9154208,42829,524,42305,Australia,Private room,1,1,198,0,,,,f,1
14722624,42829,223,42606,Australia,Private room,1,1,35,20,10,9,10,f,1
5087917,42829,1105,41724,Australia,Private room,3,1,55,0,,,,f,1
17865458,42829,12,42817,Australia,Private room,2,1,30,0,,,,t,1
10885387,42829,433,42396,Australia,Private room,1,1,50,3,10,10,10,f,1
236590,42829,2010,40819,Australia,Entire home/apt,1,1,120,32,10,9,10,f,1
10753714,42829,439,42390,Australia,Private room,1,1,60,5,9,9,10,t,1
11046333,42829,426,42403,Australia,Private room,1.5,1,50,2,6,9,6,f,1
15761054,42829,155,42674,Australia,Private room,1.5,1,69,1,,,,f,1
12155794,42829,1355,41474,Australia,Private room,2,1,79,1,8,10,10,f,1
14115877,42828,1773,41055,Australia,Entire home/apt,1,1,121,1,10,8,10,f,1
9850886,42828,483,42345,Australia,Entire home/apt,1,2,149,0,,,,f,1
14303010,42828,455,42373,Australia,Private room,1,1,60,3,10,10,10,f,1
12138276,42828,1354,41474,Australia,Private room,2,1,79,0,,,,f,1
5952932,42828,963,41865,Australia,Private room,1,1,45,1,10,10,10,f,1
14520669,42828,779,42049,Australia,Private room,0.5,1,45,5,10,9,9,f,1
14388855,42829,241,42588,Australia,Private room,1,1,60,5,10,9,9,f,1
13703983,42829,290,42539,Australia,Private room,1,1,64,10,9,9,9,f,1
17563435,42829,53,42776,Australia,Private room,1,1,45,2,10,10,8,f,1
2093730,42830,1260,41570,Australia,Private room,4,1,42,68,9,9,9,t,1
4298340,42829,1292,41537,Australia,Private room,1,1,35,4,10,9,10,f,1
17766700,42829,88,42741,Australia,Private room,1,1,60,0,,,,t,1
4585790,42830,1260,41570,Australia,Private room,1,1,29,43,9,9,9,f,1
15473877,42829,1367,41462,Australia,Private room,2.5,2,106,1,10,10,10,f,1
2725434,42829,1367,41462,Australia,Private room,2.5,1,45,8,10,9,9,f,1
11462057,42829,2147,40682,Australia,Private room,1,1,79,1,10,10,10,f,1
785805,42830,1604,41226,Australia,Private room,2,1,60,24,10,9,10,f,1
10088805,42829,472,42357,Australia,Entire home/apt,1,2,150,1,,,,f,1
16709661,42830,1311,41519,Australia,Private room,1,1,24,9,8,9,9,f,1
11499358,42830,1054,41776,Australia,Entire home/apt,2.5,4,275,12,9,9,8,f,1
6081623,42829,801,42028,Australia,Private room,1,1,30,0,,,,f,1
16511505,42829,99,42730,Australia,Entire home/apt,1,2,110,4,10,9,10,t,1
13019475,42829,326,42503,Australia,Private room,1,1,185,0,,,,t,1
14938461,42830,1260,41570,Australia,Private room,1,1,87,1,10,8,10,t,1
16313628,42830,1054,41776,Australia,Entire home/apt,3,5,275,2,10,9,10,f,1
9500082,42830,533,42297,Australia,Private room,1,1,60,0,,,,f,1
8906323,42830,1061,41769,Australia,Private room,1,1,70,2,10,10,8,f,1
16230843,42829,147,42682,Australia,Private room,2,1,49,0,,,,t,1
1350570,42829,1367,41462,Australia,Private room,2.5,1,55,29,10,9,9,f,1
9468533,42830,1061,41769,Australia,Private room,3,1,64,2,10,10,10,f,1
15774222,42829,155,42674,Australia,Private room,1,1,39,9,10,9,10,f,1
16713327,42828,83,42745,Australia,Private room,1,1,35,2,10,8,10,f,1
11799456,42828,1258,41570,Australia,Private room,1,1,41,8,9,9,10,f,1
9053285,42828,528,42300,Australia,Private room,1.5,1,48,0,,,,f,1
7349477,42828,1309,41519,Australia,Private room,1,1,41,24,9,8,9,f,1
796499,42828,1596,41232,Australia,Private room,,1,69,0,,,,f,1
3743191,42828,1258,41570,Australia,Private room,5,1,52,38,9,9,9,f,1
4729154,42828,853,41975,Australia,Private room,1,1,69,0,,,,f,1
5251091,42828,790,42038,Australia,Entire home/apt,1,2,115,0,,,,f,1
16984791,42828,549,42279,Australia,Private room,1,1,35,0,,,,t,1
17902328,42828,384,42444,Australia,Entire home/apt,1,2,110,0,,,,t,1
1384812,42828,1602,41226,Australia,Private room,2,1,60,15,10,9,10,f,1
16986757,42828,72,42756,Australia,Private room,1,1,41,7,10,9,10,f,1
17867444,42828,269,42559,Australia,Entire home/apt,1,2,94,0,,,,f,1
10366238,42828,455,42373,Australia,Private room,1,1,80,0,,,,f,1
3220300,42828,1059,41769,Australia,Private room,3.5,1,69,0,,,,f,1
15929380,42828,344,42484,Australia,Private room,1,1,50,1,,,,t,1
14429605,42828,502,42326,Australia,Private room,1.5,2,145,1,10,8,8,f,1
1693722,42828,1291,41537,Australia,Private room,1,1,35,48,9,8,9,f,1
17644434,42828,24,42804,Australia,Private room,1,1,24,0,,,,t,1
15944187,42828,1052,41776,Australia,Entire home/apt,2.5,4,295,2,9,9,10,f,1
17255709,42828,120,42708,Australia,Private room,1,1,30,4,10,9,10,f,1
16276635,42828,146,42682,Australia,Private room,1,1,48,1,6,10,10,t,1
15907677,42828,144,42684,Australia,Private room,1,1,41,0,,,,t,1
14900917,42828,502,42326,Australia,Private room,1.5,1,69,0,,,,f,1
13788924,42828,502,42326,Australia,Entire home/apt,2.5,3,240,6,10,9,9,f,1
15759442,42829,1164,41665,Australia,Private room,1,1,50,13,10,10,9,f,1
15956153,42829,369,42460,Australia,Entire home/apt,1.5,2,75,0,,,,f,1
15455613,42829,291,42538,Australia,Entire home/apt,1,2,175,3,8,9,9,f,1
17421865,42829,165,42664,Australia,Entire home/apt,1,1,64,0,,,,f,1
16337471,42829,270,42559,Australia,Entire home/apt,1,4,195,11,10,9,9,f,1
15892580,42829,1053,41776,Australia,Entire home/apt,2.5,4,295,2,10,7,8,f,1
8906333,42830,1061,41769,Australia,Private room,3,1,70,3,9,9,9,f,1
17335732,42829,73,42756,Australia,Private room,1,1,29,5,10,8,9,f,1
17629749,42829,27,42802,Australia,Entire home/apt,3,4,200,4,10,10,10,t,1
7310608,42829,632,42197,Australia,Private room,1,1,43,0,,,,f,1
4559006,42829,1259,41570,Australia,Shared room,1,1,33,10,9,9,10,f,1
16817160,42829,1053,41776,Australia,Entire home/apt,3,5,296,0,,,,f,1
16336545,42829,787,42042,Australia,Private room,1,1,150,0,,,,f,1
16303566,42829,1259,41570,Australia,Private room,1,1,39,1,10,8,10,f,1
1799424,42829,1267,41562,Australia,Entire home/apt,1,2,110,2,10,10,10,f,1
9616866,42829,1060,41769,Australia,Private room,2.5,1,70,1,10,10,10,f,1
16433339,42829,688,42141,Australia,Entire home/apt,1,2,91,1,6,10,8,t,1
9551605,42829,532,42297,Australia,Entire home/apt,2,3,150,4,10,10,10,f,1
15315885,42829,320,42509,Australia,Private room,1,1,91,0,,,,t,1
16166658,42829,1053,41776,Australia,Entire home/apt,2.5,4,275,1,8,10,10,f,1
15377105,42829,524,42305,Australia,Private room,1,1,39,7,9,9,10,t,1
1941150,42829,1603,41226,Australia,Private room,2,1,60,10,10,9,10,f,1
9934300,42829,1060,41769,Australia,Private room,2.5,1,70,1,10,10,8,f,1
14324153,42829,524,42305,Australia,Private room,1,1,51,7,9,10,10,t,1
9735187,42829,618,42211,Australia,Private room,1,1,70,4,10,10,10,f,1
16338836,42828,431,42397,Australia,Private room,1,1,197,0,,,,f,1
5984212,42828,722,42106,Australia,Entire home/apt,2,2,139,5,6,8,10,f,1
17319928,42828,1052,41776,Australia,Entire home/apt,3,6,275,0,,,,f,1
13834253,42828,273,42555,Australia,Private room,1,1,50,0,,,,f,1
14429829,42828,502,42326,Australia,Private room,1.5,1,55,0,,,,f,1
17370841,42828,1052,41776,Australia,Entire home/apt,3,6,275,0,,,,f,1
16799942,42828,1052,41776,Australia,Entire home/apt,3,5,295,0,,,,f,1
8328678,42828,571,42257,Australia,Entire home/apt,1,1,121,8,10,9,9,f,1
13820768,42829,1068,41761,Australia,Private room,1,1,81,25,10,10,9,f,1
17497416,42830,84,42746,Australia,Private room,1,1,80,5,10,10,10,f,1
10809569,42830,589,42241,Australia,Private room,1,1,35,2,10,9,10,f,1
12253408,42830,1760,41070,Australia,Private room,2,1,49,0,,,,f,1
2468217,42830,1134,41696,Australia,Entire home/apt,1,1,116,8,8,10,8,f,1
6974969,42830,1075,41755,Australia,Private room,1,1,75,3,9,9,9,f,1
14189604,42829,252,42577,Australia,Private room,1.5,1,50,3,10,10,10,f,1
13495755,42829,337,42492,Australia,Entire home/apt,2.5,3,300,1,10,8,10,f,1
17559447,42830,602,42228,Australia,Entire home/apt,1,1,74,0,,,,t,1
9829688,42830,486,42344,Australia,Entire home/apt,2,3,340,0,,,,f,1
2883252,42830,1075,41755,Australia,Entire home/apt,1,1,105,13,9,9,9,f,1
8829707,42829,542,42287,Australia,Private room,1,1,39,0,,,,t,1
12100207,42829,969,41860,Australia,Private room,2,1,60,3,9,10,10,f,1
15652350,42829,162,42667,Australia,Private room,1,1,56,6,9,8,10,t,1
5654225,42830,1212,41618,Australia,Private room,1,1,68,0,,,,f,1
15856517,42829,149,42680,Australia,Private room,1,1,35,20,10,9,10,f,1
17426987,42830,123,42707,Australia,Entire home/apt,1,2,116,9,9,10,10,t,1
12710484,42830,362,42468,Australia,Private room,1,1,60,5,9,9,9,f,1
4638949,42829,865,41964,Australia,Entire home/apt,2,4,280,1,10,10,10,f,1
3742006,42829,1173,41656,Australia,Entire home/apt,2,5,399,0,,,,f,1
15073102,42830,473,42357,Australia,Shared room,2,1,17,8,7,9,9,f,1
16115217,42830,473,42357,Australia,Shared room,2,1,22,3,7,9,8,f,1
16082531,42830,473,42357,Australia,Shared room,2,1,20,5,8,9,8,f,1
14146832,42829,472,42357,Australia,Shared room,2,1,17,4,7,9,10,f,1
15666308,42828,982,41846,Australia,Private room,1,1,60,8,10,9,9,f,1
6560317,42828,785,42043,Australia,Entire home/apt,1,2,107,136,8,9,8,t,1
9475599,42828,659,42169,Australia,Private room,1,1,66,55,10,10,10,f,1
15150609,42828,1672,41156,Australia,Entire home/apt,1,2,250,0,,,,f,1
18031841,42828,539,42289,Australia,Entire home/apt,3.5,3,300,0,,,,f,1
1118675,42828,1454,41374,Australia,Private room,1,1,100,1,10,10,10,f,1
17243246,42828,412,42416,Australia,Entire home/apt,1,0,125,4,10,10,10,t,1
13916740,42828,1126,41702,Australia,Entire home/apt,2,4,389,1,10,10,,f,1
3988058,42828,1082,41746,Australia,Entire home/apt,1,3,250,10,9,10,9,f,1
10104762,42828,547,42281,Australia,Private room,1,1,64,1,,,,f,1
8069028,42828,642,42186,Australia,Private room,1,1,90,5,9,9,8,f,1
14030846,42828,539,42289,Australia,Entire home/apt,1,0,100,37,10,10,10,f,1
13441146,42828,398,42430,Australia,Entire home/apt,2.5,3,248,34,9,9,9,t,1
17111237,42828,58,42770,Australia,Entire home/apt,2,2,145,4,10,10,9,f,1
6033240,42828,754,42074,Australia,Entire home/apt,1,1,69,0,,,,f,1
10028954,42828,1775,41053,Australia,Entire home/apt,1,2,149,0,,,,f,1
11287553,42828,587,42241,Australia,Private room,1,1,35,1,8,10,10,f,1
363237,42828,1859,40969,Australia,Entire home/apt,1,1,85,3,10,9,9,f,1
16233413,42828,589,42239,Australia,Entire home/apt,1,1,76,2,10,8,9,f,1
12796502,42828,1107,41721,Australia,Entire home/apt,2,4,170,1,,,,f,1
9516975,42828,981,41847,Australia,Entire home/apt,2.5,3,219,15,10,9,10,f,1
4245073,42828,1363,41465,Australia,Entire home/apt,3,4,536,0,,,,f,1
9702491,42828,1578,41250,Australia,Private room,1,1,79,7,10,10,9,f,1
8473485,42828,1284,41544,Australia,Entire home/apt,1,1,90,1,8,8,8,f,1
14044049,42828,260,42568,Australia,Private room,1,2,66,2,10,10,10,f,1
16534627,42828,665,42163,Australia,Entire home/apt,1,2,201,0,,,,f,1
15289490,42828,790,42038,Australia,Private room,1,1,69,0,,,,f,1
16469143,42828,232,42596,Australia,Shared room,2,1,30,0,,,,f,1
16352328,42828,281,42547,Australia,Private room,1,1,52,2,10,10,10,f,1
9260676,42828,970,41858,Australia,Entire home/apt,1,2,140,4,9,9,10,t,1
17978698,42828,243,42585,Australia,Entire home/apt,1,1,89,0,,,,t,1
13129170,42828,334,42494,Australia,Entire home/apt,1,1,75,1,10,10,10,f,1
4810818,42828,843,41985,Australia,Entire home/apt,2,4,350,0,,,,f,1
8310879,42828,701,42127,Australia,Private room,1,1,41,60,8,9,9,t,1
9353709,42828,511,42317,Australia,Entire home/apt,1,1,79,1,10,10,10,f,1
3075702,42828,1052,41776,Australia,Entire home/apt,1,1,100,14,9,9,9,f,1
16740410,42829,1441,41388,Australia,Private room,1,1,55,1,10,10,8,f,1
7891346,42828,1478,41350,Australia,Private room,2,1,50,2,10,8,10,f,1
18026310,42828,412,42416,Australia,Entire home/apt,2.5,4,350,0,,,,f,1
15456646,42828,761,42067,Australia,Entire home/apt,1,1,119,21,9,9,8,f,1
11428661,42828,485,42343,Australia,Private room,1,1,59,26,10,10,9,f,1
13067375,42828,1073,41755,Australia,Private room,1,1,69,2,10,8,10,f,1
12934724,42828,1073,41755,Australia,Entire home/apt,8,10,100,3,10,10,9,f,1
9202580,42828,1656,41172,Australia,Private room,1,1,149,0,,,,f,1
16151112,42829,1660,41169,Australia,Entire home/apt,1,2,325,0,,,,f,1
9202777,42829,621,42208,Australia,Entire home/apt,1,3,400,2,9,10,10,f,1
14576736,42829,922,41907,Australia,Private room,1,1,75,0,,,,t,1
14968616,42828,340,42488,Australia,Entire home/apt,2,2,199,36,7,9,8,f,1
12217465,42830,366,42464,Australia,Private room,1,1,39,1,8,10,10,f,1
10479956,42830,451,42379,Australia,Entire home/apt,1,1,99,54,10,10,10,f,1
13531354,42829,364,42465,Australia,Entire home/apt,1.5,5,249,2,10,9,10,f,1
13102433,42830,955,41875,Australia,Private room,2,1,50,0,,,,f,1
14187049,42829,253,42576,Australia,Private room,1.5,1,90,39,9,9,9,f,1
17879952,42829,11,42818,Australia,Private room,1,1,33,0,,,,f,1
12310166,42829,361,42468,Australia,Entire home/apt,1,1,116,31,9,9,9,f,1
17422105,42829,1146,41683,Australia,Private room,1,1,91,2,10,10,10,t,1
8282644,42829,574,42255,Australia,Entire home/apt,1,1,428,1,10,6,10,f,1
4512142,42829,881,41948,Australia,Entire home/apt,2,3,271,4,10,10,10,f,1
3571163,42829,998,41831,Australia,Entire home/apt,1,0,118,94,10,10,10,t,1
13036240,42829,324,42505,Australia,Entire home/apt,1,1,83,0,,,,f,1
5539193,42829,1248,41581,Australia,Entire home/apt,1,1,94,1,10,10,10,f,1
16507784,42829,1645,41184,Australia,Entire home/apt,1,1,100,8,9,9,9,f,1
5155471,42830,801,42029,Australia,Private room,1,1,64,19,10,8,9,f,1
16070941,42829,330,42499,Australia,Private room,1,1,59,5,8,9,10,t,1
13142255,42829,317,42512,Australia,Private room,2,1,47,1,10,10,10,f,1
16222858,42829,2208,40621,Australia,Entire home/apt,1.5,2,202,0,,,,f,1
16224583,42829,933,41896,Australia,Entire home/apt,1,1,135,4,10,10,9,f,1
12686821,42829,523,42306,Australia,Entire home/apt,1,1,91,1,10,8,10,f,1
8295824,42829,589,42240,Australia,Private room,1,1,39,43,10,9,9,f,1
17930068,42829,746,42083,Australia,Private room,1,1,45,0,,,,t,1
12689908,42829,659,42170,Australia,Private room,1.5,1,50,0,,,,f,1
4824469,42829,1052,41777,Australia,Private room,2,1,42,13,8,9,9,f,1
8003839,42829,998,41831,Australia,Entire home/apt,1,1,95,17,8,9,9,f,1
902984,42829,1671,41158,Australia,Entire home/apt,1.5,2,230,2,8,9,9,f,1
10211508,42829,466,42363,Australia,Entire home/apt,1.5,3,166,0,,,,f,1
11951365,42829,643,42186,Australia,Private room,0,1,39,0,,,,f,1
17332195,42830,345,42485,Australia,Entire home/apt,2,3,300,0,,,,f,1
5272557,42830,1053,41777,Australia,Private room,2,1,37,1,10,10,10,f,1
13037015,42830,368,42462,Australia,Entire home/apt,2,3,135,6,9,9,9,f,1
16113596,42829,390,42439,Australia,Entire home/apt,2,3,230,13,10,10,10,f,1
16898657,42829,341,42488,Australia,Entire home/apt,1,1,91,0,,,,f,1
17486076,42829,1586,41243,Australia,Private room,1,1,75,1,10,10,10,f,1
10932240,42829,453,42376,Australia,Private room,1,1,45,17,10,10,10,f,1
11193988,42829,1052,41777,Australia,Private room,2,1,33,1,6,10,10,f,1
14994963,42829,551,42278,Australia,Entire home/apt,1,2,166,2,,,,t,1
12743328,42829,1074,41755,Australia,Entire home/apt,8,10,80,7,9,9,9,f,1
7389844,42829,1048,41781,Australia,Entire home/apt,1,2,100,4,10,10,10,f,1
8833142,42829,1098,41731,Australia,Entire home/apt,1,4,420,1,10,10,10,f,1
16228916,42829,413,42416,Australia,Private room,0.5,1,50,4,10,9,10,f,1
17546897,42829,1127,41702,Australia,Private room,1.5,1,68,2,10,9,10,f,1
10141457,42829,1011,41818,Australia,Entire home/apt,1,1,80,13,8,9,9,f,1
9616226,42829,692,42137,Australia,Private room,1,1,45,4,10,10,10,f,1
13350376,42829,304,42525,Australia,Private room,1,1,35,1,8,8,6,t,1
16430216,42829,116,42713,Australia,Entire home/apt,1,1,81,0,,,,f,1
13349657,42829,691,42138,Australia,Entire home/apt,1,1,135,1,6,10,10,f,1
15117581,42829,665,42164,Australia,Private room,2,1,39,1,8,8,10,f,1
16198350,42829,447,42382,Australia,Entire home/apt,2,2,159,6,9,9,9,f,1
14654288,42829,227,42602,Australia,Private room,2,1,43,2,10,10,10,t,1
17703895,42829,83,42746,Australia,Entire home/apt,1,1,120,0,,,,f,1
16883108,42829,178,42651,Australia,Entire home/apt,1,2,179,8,10,10,10,t,1
8689789,42829,604,42225,Australia,Entire home/apt,1,2,125,84,10,10,10,f,1
16619196,42829,1441,41388,Australia,Private room,1,1,64,0,,,,f,1
16313940,42829,150,42679,Australia,Private room,1,1,50,1,8,8,8,t,1
13210806,42829,314,42515,Australia,Entire home/apt,1,2,120,0,,,,f,1
17863493,42829,1721,41108,Australia,Private room,1,0,35,0,,,,t,1
10915158,42829,1153,41676,Australia,Private room,1,1,17,1,10,10,10,f,1
13207837,42829,1074,41755,Australia,Private room,2.5,1,85,5,10,10,9,f,1
8096646,42829,585,42244,Australia,Private room,1,1,70,36,9,9,9,f,1
17798739,42829,631,42198,Australia,Private room,1,1,55,0,,,,t,1
16431280,42829,272,42557,Australia,Entire home/apt,1,1,100,4,8,9,9,t,1
16301355,42829,122,42707,Australia,Private room,1.5,1,45,1,8,6,10,f,1
17720640,42828,602,42226,Australia,Entire home/apt,1,1,66,0,,,,f,1
15032871,42828,777,42051,Australia,Private room,1,1,75,0,,,,f,1
14094396,42828,258,42570,Australia,Private room,2,1,55,28,9,10,9,f,1
16343121,42828,425,42403,Australia,Entire home/apt,1,1,79,1,10,10,10,f,1
13065874,42828,1073,41755,Australia,Private room,1,1,80,2,10,10,10,f,1
7155389,42828,1374,41454,Australia,Entire home/apt,1,1,89,26,10,9,10,f,1
4924913,42828,1696,41132,Australia,Entire home/apt,2,4,262,5,10,10,10,f,1
13705664,42828,626,42202,Australia,Entire home/apt,1,3,73,2,8,9,6,t,1
8815973,42828,608,42220,Australia,Private room,1,1,50,30,9,9,9,f,1
12916853,42828,352,42476,Australia,Private room,2.5,1,50,1,10,10,10,f,1
16430428,42828,194,42634,Australia,Private room,1,2,55,3,10,8,9,f,1
4787730,42828,845,41983,Australia,Private room,2,1,54,1,,,,f,1
9830522,42828,907,41921,Australia,Private room,1,1,35,9,7,9,8,f,1
15525398,42830,752,42078,Australia,Private room,1,1,50,2,10,9,10,f,1
3201248,42829,1039,41790,Australia,Entire home/apt,1,1,116,41,10,10,10,t,1
16028874,42829,137,42692,Australia,Private room,1,1,70,13,10,10,10,f,1
13107078,42830,1977,40853,Australia,Private room,1,1,70,15,10,10,10,f,1
16570364,42829,1539,41290,Australia,Entire home/apt,2,3,292,0,,,,t,1
13254056,42830,1480,41350,Australia,Private room,2,1,29,0,,,,f,1
6678360,42830,1480,41350,Australia,Private room,1,1,60,6,10,9,10,f,1
15512636,42829,852,41977,Australia,Private room,1,1,50,0,,,,f,1
12659066,42830,345,42485,Australia,Private room,1.5,1,80,11,10,10,10,f,1
17943724,42829,475,42354,Australia,Entire home/apt,1,1,70,0,,,,t,1
9467150,42830,658,42172,Australia,Entire home/apt,1,2,150,34,9,9,9,f,1
16643355,42830,392,42438,Australia,Entire home/apt,1,1,194,7,9,10,9,t,1
16221619,42829,280,42549,Australia,Private room,1.5,1,60,0,,,,t,1
15138240,42830,439,42391,Australia,Entire home/apt,1,2,200,4,10,10,9,f,1
6945301,42830,653,42177,Australia,Private room,1,1,55,2,10,10,10,f,1
14281300,42830,932,41898,Australia,Private room,1,1,75,8,9,9,9,f,1
13362938,42830,547,42283,Australia,Private room,1,1,88,31,10,9,10,t,1
288359,42830,1941,40889,Australia,Private room,1,1,92,43,9,9,9,f,1
13198039,42829,2268,40561,Australia,Private room,1,1,80,0,,,,f,1
9828640,42830,986,41844,Australia,Private room,1,1,75,0,,,,f,1
2224179,42830,1175,41655,Australia,Private room,1,1,120,0,,,,f,1
17366632,42830,400,42430,Australia,Private room,1,2,45,0,,,,t,1
1945364,42829,1234,41595,Australia,Entire home/apt,1,1,150,5,10,10,10,f,1
12815583,42829,734,42095,Australia,Private room,1,1,50,3,10,10,10,f,1
8409819,42829,1436,41393,Australia,Private room,1,1,64,4,10,10,10,f,1
17868249,42829,11,42818,Australia,Private room,2,1,80,0,,,,f,1
13554208,42829,670,42159,Australia,Private room,1.5,1,70,13,10,9,9,f,1
13034372,42829,796,42033,Australia,Entire home/apt,2,2,102,11,8,10,9,t,1
13478850,42829,519,42310,Australia,Entire home/apt,1,3,219,61,9,9,9,f,1
15199864,42830,288,42542,Australia,Private room,1,1,100,0,,,,t,1
13303025,42830,657,42173,Australia,Private room,1,1,70,1,8,10,8,f,1
4317740,42829,1138,41691,Australia,Entire home/apt,1,2,110,1,6,8,8,f,1
9925665,42830,846,41984,Australia,Private room,1,1,85,0,,,,f,1
8055505,42830,1870,40960,Australia,Entire home/apt,1,2,250,0,,,,f,1
8106535,42829,1272,41557,Australia,Entire home/apt,1,1,100,0,,,,f,1
16446164,42830,672,42158,Australia,Entire home/apt,1,1,180,0,,,,t,1
16054140,42830,1408,41422,Australia,Entire home/apt,1,2,349,0,,,,t,1
259857,42830,2129,40701,Australia,Private room,1,1,120,63,10,10,10,f,1
17028301,42829,265,42564,Australia,Private room,1,1,60,0,,,,f,1
9815678,42829,486,42343,Australia,Private room,1,1,70,0,,,,f,1
13884916,42829,1803,41026,Australia,Entire home/apt,1,1,70,1,10,8,10,f,1
10483638,42830,724,42106,Australia,Entire home/apt,2,3,219,23,10,10,10,f,1
4306385,42829,907,41922,Australia,Private room,1.5,1,46,0,,,,f,1
7922096,42829,1475,41354,Australia,Private room,1,1,75,11,10,10,9,f,1
17559974,42829,34,42795,Australia,Shared room,1.5,1,35,0,,,,t,1
16896811,42830,392,42438,Australia,Entire home/apt,1,1,70,14,8,8,9,t,1
17985411,42830,5,42825,Australia,Private room,1,1,50,0,,,,f,1
9371195,42830,822,42008,Australia,Entire home/apt,1,3,180,1,4,10,8,f,1
12057868,42830,374,42456,Australia,Entire home/apt,1,1,150,7,10,9,9,t,1
15652036,42829,1797,41032,Australia,Entire home/apt,1,2,124,4,9,9,9,f,1
15721726,42829,1462,41367,Australia,Private room,1,1,80,16,10,10,10,t,1
13629755,42829,895,41934,Australia,Private room,1,1,50,1,10,10,8,t,1
16903694,42830,995,41835,Australia,Entire home/apt,1,1,150,0,,,,f,1
12326780,42829,1521,41308,Australia,Private room,2,1,91,7,10,9,10,f,1
17819606,42830,392,42438,Australia,Entire home/apt,1,2,150,0,,,,f,1
18014497,42830,815,42015,Australia,Private room,1,1,91,0,,,,f,1
2548791,42829,1119,41710,Australia,Entire home/apt,1,1,95,14,10,9,10,f,1
17574508,42829,688,42141,Australia,Private room,1,1,150,0,,,,t,1
11589811,42829,599,42230,Australia,Private room,2,1,74,127,9,9,9,t,1
5550235,42829,863,41966,Australia,Private room,1,1,46,0,,,,f,1
7179657,42829,1594,41235,Australia,Private room,1,1,70,13,9,10,10,f,1
15903850,42829,1157,41672,Australia,Private room,1.5,1,72,9,10,9,10,f,1
4324531,42829,1086,41743,Australia,Private room,1,1,35,0,,,,f,1
12683896,42829,1405,41424,Australia,Private room,1,1,60,28,8,9,8,f,1
16635178,42830,440,42390,Australia,Private room,1,1,91,0,,,,t,1
13034788,42829,796,42033,Australia,Private room,2,1,70,2,10,10,10,f,1
7923071,42829,595,42234,Australia,Private room,1,1,80,25,10,10,10,t,1
16044464,42829,513,42316,Australia,Private room,2,1,30,1,10,10,10,t,1
16087005,42829,1108,41721,Australia,Private room,1,1,56,2,6,10,9,f,1
8176723,42829,868,41961,Australia,Private room,1,1,70,0,,,,f,1
15328614,42829,204,42625,Australia,Private room,1,1,45,6,9,10,10,f,1
9639849,42830,497,42333,Australia,Private room,1.5,1,64,1,10,8,10,f,1
16229845,42829,464,42365,Australia,Private room,1,1,55,3,10,10,10,f,1
10295733,42829,459,42370,Australia,Private room,1,1,60,42,10,10,10,f,1
4720112,42829,1672,41157,Australia,Private room,1,1,80,20,10,10,10,f,1
8819227,42829,1415,41414,Australia,Private room,1.5,1,75,1,8,10,10,f,1
4448723,42829,1828,41001,Australia,Entire home/apt,1,1,97,16,10,10,10,f,1
17883176,42829,79,42750,Australia,Entire home/apt,1,1,130,0,,,,t,1
16113926,42829,176,42653,Australia,Entire home/apt,1.5,1,175,10,10,10,10,f,1
3388294,42829,1017,41812,Australia,Private room,1,1,64,11,10,9,10,f,1
18010257,42829,1629,41200,Australia,Private room,1,1,72,0,,,,t,1
16740752,42830,1203,41627,Australia,Entire home/apt,1.5,2,200,0,,,,f,1
1077610,42830,1451,41379,Australia,Entire home/apt,1,1,116,26,9,10,9,f,1
6835793,42829,677,42152,Australia,Private room,1,1,95,7,9,9,9,f,1
17884263,42829,1202,41627,Australia,Private room,1,1,45,0,,,,t,1
9976954,42829,760,42069,Australia,Entire home/apt,1,1,110,1,10,,,f,1
15332409,42830,1298,41532,Australia,Private room,1,1,70,9,8,9,9,f,1
15199541,42830,989,41841,Australia,Private room,1,1,50,9,10,9,10,f,1
16167459,42829,467,42362,Australia,Private room,1,1,85,18,10,9,10,t,1
6603844,42829,675,42154,Australia,Entire home/apt,1,0,95,1,6,10,10,f,1
7186340,42829,641,42188,Australia,Private room,1.5,1,66,0,,,,f,1
16481465,42830,105,42725,Australia,Entire home/apt,1,1,120,10,9,10,10,t,1
16353148,42829,772,42057,Australia,Private room,1.5,1,110,6,9,10,10,t,1
17214251,42829,899,41930,Australia,Private room,2,1,55,1,,,,t,1
12837333,42829,1094,41735,Australia,Private room,0.5,1,112,0,,,,t,1
1382813,42829,1881,40948,Australia,Private room,1,2,84,2,10,9,10,f,1
12814872,42829,497,42332,Australia,Private room,1,1,78,28,10,10,10,f,1
15593525,42830,1109,41721,Australia,Private room,1,1,58,7,10,9,10,f,1
16315973,42829,1152,41677,Australia,Entire home/apt,1,1,155,6,8,10,10,f,1
9871196,42829,483,42346,Australia,Entire home/apt,1,1,110,7,8,9,9,t,1
11849322,42829,2393,40436,Australia,Private room,1,1,50,0,,,,t,1
9172058,42830,524,42306,Australia,Entire home/apt,1,3,349,33,10,10,10,f,1
13231480,42829,1966,40863,Australia,Private room,2,1,49,0,,,,t,1
17549559,42829,465,42364,Australia,Entire home/apt,1,2,141,0,,,,f,1
6217579,42829,705,42124,Australia,Private room,1,1,100,0,,,,f,1
13031064,42829,1344,41485,Australia,Private room,1,1,70,2,9,10,9,f,1
16358253,42829,112,42717,Australia,Private room,1.5,1,60,2,,,,f,1
17624150,42829,328,42501,Australia,Private room,1,0,70,2,3,8,5,f,1
16179515,42829,798,42031,Australia,Private room,2,1,50,0,,,,f,1
9847810,42829,489,42340,Australia,Private room,1,1,120,2,10,10,10,f,1
15961415,42829,445,42384,Australia,Private room,2,1,64,1,10,10,10,f,1
9759372,42830,938,41892,Australia,Private room,1,1,80,6,9,10,10,f,1
12330339,42829,393,42436,Australia,Entire home/apt,1,1,99,1,6,10,8,f,1
14142361,42829,268,42561,Australia,Private room,2,1,35,1,6,10,10,f,1
9481752,42829,505,42324,Australia,Entire home/apt,1,1,95,46,9,10,10,f,1
9416270,42829,2125,40704,Australia,Entire home/apt,1,1,100,1,10,10,10,f,1
4008486,42829,946,41883,Australia,Entire home/apt,2,3,175,2,8,10,9,f,1
17909979,42829,1586,41243,Australia,Private room,1,1,70,0,,,,f,1
10342605,42829,457,42372,Australia,Entire home/apt,1,0,68,0,,,,f,1
9654586,42829,901,41928,Australia,Private room,1,1,200,0,,,,f,1
16232750,42829,545,42284,Australia,Entire home/apt,1.5,3,399,0,,,,t,1
16639673,42830,599,42231,Australia,Entire home/apt,1,2,150,2,10,10,9,f,1
16246921,42830,296,42534,Australia,Private room,1,1,60,5,10,9,10,f,1
15590328,42829,989,41840,Australia,Private room,1.5,1,64,7,10,9,10,f,1
10481408,42829,1045,41784,Australia,Private room,1,1,39,2,8,9,9,f,1
9754274,42829,490,42339,Australia,Entire home/apt,1,1,120,48,9,10,9,f,1
12814203,42829,1531,41298,Australia,Private room,1.5,1,50,1,10,10,10,f,1
15307591,42829,1000,41829,Australia,Private room,1,1,72,4,10,9,8,f,1
15006173,42829,652,42177,Australia,Entire home/apt,1.5,2,200,9,10,8,9,t,1
5697163,42830,1675,41155,Australia,Entire home/apt,1,1,125,4,10,9,10,f,1
2877772,42830,2009,40821,Australia,Private room,1,1,100,0,,,,f,1
4710508,42829,859,41970,Australia,Entire home/apt,2.5,3,371,2,10,9,9,f,1
255059,42829,1986,40843,Australia,Entire home/apt,2.5,3,321,14,9,10,9,f,1
634443,42829,2060,40769,Australia,Entire home/apt,1,1,100,0,,,,f,1
6677270,42829,677,42152,Australia,Entire home/apt,1,1,125,4,10,10,10,f,1
1107512,42830,1442,41388,Australia,Entire home/apt,2,4,451,41,10,10,9,f,1
15463821,42830,510,42320,Australia,Entire home/apt,1,2,191,6,10,9,9,f,1
9757703,42829,1590,41239,Australia,Private room,0,1,53,2,6,9,9,f,1
4965954,42829,1202,41627,Australia,Entire home/apt,1,0,225,6,10,10,10,f,1
16244060,42829,1290,41539,Australia,Entire home/apt,1,1,95,24,10,10,10,t,1
9633744,42830,1655,41175,Australia,Entire home/apt,2.5,3,229,8,8,10,10,f,1
11660850,42830,1113,41717,Australia,Private room,2,1,30,1,10,10,10,f,1
9762063,42830,490,42340,Australia,Entire home/apt,1,1,110,0,,,,f,1
360141,42830,1864,40966,Australia,Entire home/apt,1,1,120,104,10,10,10,f,1
14808077,42829,253,42576,Australia,Entire home/apt,2,4,230,34,10,9,10,f,1
15788162,42830,1507,41323,Australia,Entire home/apt,1,1,91,10,9,9,10,t,1
9827828,42830,1185,41645,Australia,Private room,1,1,39,8,10,10,10,f,1
12771350,42829,1073,41756,Australia,Entire home/apt,2,4,300,24,10,9,9,f,1
9697852,42829,590,42239,Australia,Private room,1,1,80,0,,,,f,1
15397479,42830,990,41840,Australia,Private room,1.5,1,70,8,9,9,10,f,1
15989883,42830,234,42596,Australia,Private room,1,1,55,16,8,9,9,t,1
11681688,42828,399,42429,Australia,Shared room,2,1,201,0,,,,f,1
11778736,42829,421,42408,Australia,Entire home/apt,1,1,68,1,6,8,8,f,1
16262429,42829,119,42710,Australia,Private room,1,1,43,0,,,,f,1
6875952,42830,675,42155,Australia,Entire home/apt,1,1,91,47,10,9,10,f,1
13101452,42830,428,42402,Australia,Entire home/apt,1,2,120,11,10,9,9,f,1
15329655,42830,1168,41662,Australia,Private room,2,1,100,2,10,10,10,f,1
6837428,42830,678,42152,Australia,Entire home/apt,1,1,125,9,10,10,9,f,1
9053820,42829,1490,41339,Australia,Entire home/apt,1,1,130,3,9,9,9,f,1
15400368,42830,1373,41457,Australia,Entire home/apt,1,1,108,7,7,7,7,f,1
5632058,42829,1202,41627,Australia,Entire home/apt,1,0,225,3,9,10,9,f,1
1349941,42829,1592,41237,Australia,Entire home/apt,1,1,109,192,10,9,9,t,1
16707345,42829,437,42392,Australia,Entire home/apt,1,1,59,2,,,,t,1
4520616,42830,1468,41362,Australia,Entire home/apt,1,1,328,0,,,,f,1
4887442,42829,1202,41627,Australia,Entire home/apt,1,0,93,24,10,10,9,f,1
17868871,42830,344,42486,Australia,Entire home/apt,1,1,150,0,,,,t,1
10730850,42829,580,42249,Australia,Entire home/apt,1,2,100,0,,,,f,1
7266362,42829,686,42143,Australia,Entire home/apt,2,3,330,9,10,10,10,f,1
13980837,42829,331,42498,Australia,Entire home/apt,1,1,100,0,,,,f,1
17016990,42829,630,42199,Australia,Entire home/apt,1,2,148,0,,,,f,1
17563014,42830,1045,41785,Australia,Entire home/apt,2,3,134,0,,,,t,1
9960794,42830,479,42351,Australia,Entire home/apt,1,1,250,2,9,10,10,f,1
9891896,42830,974,41856,Australia,Entire home/apt,1.5,2,200,0,,,,f,1
1047087,42830,1696,41134,Australia,Entire home/apt,1,1,130,119,10,9,10,f,1
7706051,42829,665,42164,Australia,Entire home/apt,3,4,300,3,9,9,9,f,1
14325603,42829,719,42110,Australia,Entire home/apt,1,2,120,15,8,9,9,f,1
9336213,42830,1810,41020,Australia,Entire home/apt,1.5,4,200,2,10,7,10,f,1
808921,42828,1588,41240,Australia,Entire home/apt,2,2,210,6,9,9,9,f,1
13431098,42830,301,42529,Australia,Entire home/apt,1.5,2,180,0,,,,f,1
6081216,42829,715,42114,Australia,Entire home/apt,1,2,130,1,8,10,10,f,1
8958513,42829,588,42241,Australia,Entire home/apt,1,2,141,15,10,9,10,f,1
8427838,42829,566,42263,Australia,Entire home/apt,2,3,200,0,,,,f,1
9654507,42829,1279,41550,Australia,Entire home/apt,1,3,221,0,,,,f,1
9960672,42830,896,41934,Australia,Entire home/apt,1,1,120,0,,,,f,1
16242040,42829,1334,41495,Australia,Entire home/apt,1,3,198,5,10,10,9,f,1
14268754,42829,285,42544,Australia,Entire home/apt,2,3,120,7,10,10,10,f,1
15649481,42829,892,41937,Australia,Entire home/apt,1,2,120,2,8,8,8,f,1
9220063,42829,519,42310,Australia,Entire home/apt,1.5,3,260,6,9,10,10,f,1
4680624,42830,861,41969,Australia,Entire home/apt,1,2,120,5,8,9,9,f,1
16368923,42829,740,42089,Australia,Entire home/apt,1,1,150,1,10,10,10,f,1
6485882,42830,1177,41653,Australia,Entire home/apt,1,2,99,14,7,8,8,f,1
8111642,42829,1061,41768,Australia,Entire home/apt,2,3,290,1,,,,f,1
9829876,42830,2004,40826,Australia,Entire home/apt,1,1,75,1,10,8,10,f,1
368282,42829,1856,40973,Australia,Entire home/apt,1.5,3,290,5,10,9,10,f,1
9500400,42830,782,42048,Australia,Entire home/apt,1,2,180,0,,,,f,1
3932400,42828,1789,41039,Australia,Entire home/apt,1,3,160,22,9,10,9,f,1
4326431,42828,908,41920,Australia,Private room,1,1,125,6,9,9,9,f,1
4654976,42828,2088,40740,Australia,Private room,2,1,80,2,8,7,9,f,1
8259080,42828,662,42166,Australia,Entire home/apt,2,3,180,2,10,9,10,f,1
6293102,42828,698,42130,Australia,Private room,1.5,1,68,2,9,9,10,f,1
16713408,42828,629,42199,Australia,Entire home/apt,1,1,149,2,10,9,9,f,1
5376032,42828,1725,41103,Australia,Private room,1,1,60,0,,,,f,1
8652955,42828,814,42014,Australia,Private room,2,1,80,1,,,,f,1
16845039,42828,836,41992,Australia,Private room,1,1,50,1,10,10,10,f,1
4327753,42828,903,41925,Australia,Private room,1,1,240,0,,,,f,1
6390169,42828,1201,41627,Australia,Entire home/apt,1,0,225,8,10,10,8,f,1
15993295,42828,524,42304,Australia,Entire home/apt,1,3,281,3,9,10,9,f,1
16976345,42828,1557,41271,Australia,Private room,1,0,50,0,,,,f,1
13961693,42828,983,41845,Australia,Private room,3,1,59,1,6,8,8,f,1
16351763,42828,771,42057,Australia,Private room,1.5,1,100,6,10,10,10,t,1
16124546,42828,397,42431,Australia,Entire home/apt,1,2,270,5,10,10,8,f,1
16386692,42828,544,42284,Australia,Private room,3,1,45,0,,,,f,1
15272581,42828,897,41931,Australia,Entire home/apt,1,2,201,2,10,9,10,f,1
15349659,42828,181,42647,Australia,Private room,1,1,66,6,10,9,10,f,1
15666056,42828,867,41961,Australia,Entire home/apt,2,2,201,5,10,10,10,f,1
2687469,42828,1099,41729,Australia,Entire home/apt,1,1,121,20,9,9,9,f,1
9636825,42828,587,42241,Australia,Private room,1,1,50,1,10,10,10,f,1
13241388,42828,335,42493,Australia,Entire home/apt,2,4,149,8,10,10,10,f,1
396335,42828,1839,40989,Australia,Entire home/apt,1,1,145,47,9,10,9,f,1
9481446,42828,626,42202,Australia,Entire home/apt,1.5,2,149,7,10,10,10,f,1
17436013,42828,38,42790,Australia,Entire home/apt,1,2,69,0,,,,t,1
16262186,42828,1471,41357,Australia,Entire home/apt,2,4,281,1,8,,,f,1
9575048,42828,1199,41629,Australia,Private room,1,1,90,4,10,9,10,f,1
9121288,42828,821,42007,Australia,Private room,1,1,52,1,10,8,8,f,1
9122777,42828,764,42064,Australia,Private room,1,1,66,1,8,10,10,t,1
5058082,42828,1363,41465,Australia,Private room,1,1,100,0,,,,f,1
198170,42828,2059,40769,Australia,Private room,,1,48,31,8,8,8,f,1
10233007,42828,894,41934,Australia,Private room,1,1,75,0,,,,f,1
8723235,42828,937,41891,Australia,Entire home/apt,1,1,250,0,,,,f,1
16395872,42828,1147,41681,Australia,Entire home/apt,1,1,117,2,10,9,9,f,1
16781767,42828,154,42674,Australia,Entire home/apt,1,2,117,4,10,9,9,t,1
3157671,42828,1051,41777,Australia,Entire home/apt,4,4,398,1,,,,t,1
10298709,42828,472,42356,Australia,Private room,1,1,75,1,10,10,10,f,1
2172214,42828,1183,41645,Australia,Entire home/apt,1,1,85,49,9,9,9,f,1
7808384,42828,602,42226,Australia,Entire home/apt,1,2,100,1,6,8,10,f,1
17616490,42828,390,42438,Australia,Entire home/apt,1,1,89,3,9,9,8,t,1
16135202,42828,995,41833,Australia,Entire home/apt,1,2,227,2,10,10,10,f,1
7681065,42828,1106,41722,Australia,Entire home/apt,1.5,3,198,1,10,10,10,f,1
11536340,42828,1124,41704,Australia,Private room,1,1,100,7,10,10,10,f,1
15583921,42828,1036,41792,Australia,Private room,1,1,92,7,9,9,10,f,1
13250330,42828,709,42119,Australia,Private room,1.5,1,119,13,10,10,10,f,1
6886076,42828,676,42152,Australia,Private room,1,1,94,7,10,10,10,f,1
5960077,42828,725,42103,Australia,Entire home/apt,2,3,300,17,9,9,9,t,1
6628899,42828,676,42152,Australia,Private room,1,1,94,9,10,10,9,f,1
17374302,42828,1243,41585,Australia,Entire home/apt,1,2,130,0,,,,t,1
12070721,42828,1094,41734,Australia,Entire home/apt,1,1,160,3,10,10,10,f,1
10298958,42828,472,42356,Australia,Private room,1,1,69,10,9,10,9,f,1
16123873,42828,129,42699,Australia,Entire home/apt,1,2,170,0,,,,f,1
15345249,42828,225,42603,Australia,Private room,1,1,63,0,,,,f,1
13982238,42828,513,42315,Australia,Entire home/apt,1.5,1,31,1,,,,f,1
16653494,42828,1108,41720,Australia,Private room,1,1,45,3,9,10,10,f,1
11279571,42828,413,42415,Australia,Private room,1,1,66,13,9,9,9,f,1
11345113,42828,703,42125,Australia,Entire home/apt,3,4,499,1,10,10,10,f,1
405375,42828,1833,40995,Australia,Entire home/apt,1,2,160,19,9,10,9,f,1
15926906,42828,983,41845,Australia,Private room,3,1,55,0,,,,f,1
16653571,42828,629,42199,Australia,Entire home/apt,1,0,160,2,10,9,9,f,1
10299129,42828,1786,41042,Australia,Entire home/apt,1,0,83,26,8,9,9,t,1
9449381,42828,2098,40730,Australia,Private room,1,1,50,8,9,9,10,f,1
3742995,42828,1173,41655,Australia,Entire home/apt,1.5,1,135,62,10,10,10,f,1
7807827,42828,1019,41809,Australia,Entire home/apt,1,1,85,2,9,9,10,f,1
16782284,42828,886,41942,Australia,Entire home/apt,2,2,149,2,10,10,10,f,1
10233690,42828,1933,40895,Australia,Entire home/apt,1,1,68,2,10,9,10,f,1
12784636,42828,484,42344,Australia,Private room,1,1,60,2,10,10,10,f,1
9844148,42828,1654,41174,Australia,Private room,1.5,1,66,19,9,10,10,f,1
9516456,42828,817,42011,Australia,Private room,1,1,100,32,10,10,10,t,1
862191,42828,1557,41271,Australia,Entire home/apt,1,1,80,45,9,9,9,f,1
11017689,42828,426,42402,Australia,Private room,1,1,80,32,10,10,10,f,1
10891331,42828,1283,41545,Australia,Entire home/apt,1,2,100,0,,,,f,1
791731,42828,1598,41230,Australia,Entire home/apt,1,1,60,2,10,10,10,f,1
13767863,42828,278,42550,Australia,Private room,2,1,60,0,,,,f,1
6364712,42828,1036,41792,Australia,Private room,1,1,48,0,,,,f,1
4199664,42828,2162,40666,Australia,Private room,1.5,2,50,7,8,9,9,f,1
12071055,42828,706,42122,Australia,Entire home/apt,2,3,201,0,,,,f,1
4532415,42828,877,41951,Australia,Entire home/apt,1,2,220,5,10,10,10,f,1
12137650,42828,1343,41485,Australia,Private room,1,1,69,1,10,10,8,f,1
14826624,42828,216,42612,Australia,Shared room,1,1,22,6,8,9,9,f,1
16651655,42828,1330,41498,Australia,Entire home/apt,1,0,100,5,9,9,9,f,1
857500,42828,1710,41118,Australia,Private room,1.5,1,60,67,9,10,10,f,1
8399183,42828,767,42061,Australia,Private room,1,1,46,6,9,9,9,f,1
4068841,42828,938,41890,Australia,Entire home/apt,1,2,250,11,10,10,10,f,1
16134413,42828,479,42349,Australia,Entire home/apt,1.5,3,201,7,9,9,9,f,1
8134446,42828,675,42153,Australia,Entire home/apt,1,2,180,43,10,9,9,f,1
5903905,42828,1096,41732,Australia,Entire home/apt,1,1,180,2,6,6,6,f,1
16987372,42828,484,42344,Australia,Private room,1,1,80,0,,,,f,1
4719539,42828,854,41974,Australia,Private room,1,1,94,13,8,9,9,f,1
9842990,42828,897,41931,Australia,Entire home/apt,1,2,180,1,10,8,8,f,1
10234335,42828,462,42366,Australia,Entire home/apt,1,2,160,5,10,10,10,f,1
11131552,42828,1195,41633,Australia,Private room,1,1,62,2,9,8,9,f,1
16651956,42828,1112,41716,Australia,Private room,1,1,55,0,,,,t,1
11437828,42828,413,42415,Australia,Private room,1,1,94,0,,,,f,1
18030633,42828,764,42064,Australia,Private room,1,1,28,0,,,,t,1
16326723,42828,564,42264,Australia,Entire home/apt,1,1,350,0,,,,f,1
10778545,42828,1886,40942,Australia,Private room,1,1,41,1,10,8,8,f,1
16263818,42828,2078,40750,Australia,Entire home/apt,1,2,149,0,,,,f,1
1646742,42828,1710,41118,Australia,Private room,1.5,1,66,25,9,10,9,f,1
13251102,42828,310,42518,Australia,Entire home/apt,1,2,121,13,10,10,10,f,1
7149407,42828,640,42188,Australia,Entire home/apt,2,2,121,2,10,10,10,f,1
15474895,42828,887,41941,Australia,Private room,1.5,1,149,1,6,10,8,f,1
15712554,42828,1596,41232,Australia,Entire home/apt,1,2,204,2,10,10,10,f,1
18028430,42828,356,42472,Australia,Entire home/apt,1,1,92,0,,,,f,1
17640217,42828,1090,41738,Australia,Entire home/apt,1,3,128,0,,,,t,1
10756409,42828,438,42390,Australia,Entire home/apt,1,3,400,1,10,10,10,f,1
12530288,42828,1148,41680,Australia,Private room,1,1,50,2,10,9,9,f,1
17574758,42828,167,42661,Australia,Entire home/apt,1,2,202,0,,,,f,1
9035322,42828,530,42298,Australia,Private room,1,1,58,14,9,10,10,f,1
6871384,42828,676,42152,Australia,Private room,1,1,94,0,,,,f,1
10557469,42828,473,42355,Australia,Entire home/apt,1,2,250,2,10,10,10,t,1
11212853,42828,416,42412,Australia,Entire home/apt,1,3,94,0,,,,f,1
7678978,42828,1040,41788,Australia,Private room,1,1,59,0,,,,f,1
16125008,42828,592,42236,Australia,Entire home/apt,1,1,149,2,7,7,7,t,1
13249564,42828,1343,41485,Australia,Entire home/apt,1,0,94,10,10,10,10,f,1
16430755,42828,114,42714,Australia,Entire home/apt,1,1,149,11,10,10,10,t,1
17270909,42828,1112,41716,Australia,Private room,1,1,55,0,,,,f,1
13513470,42828,832,41996,Australia,Private room,2,1,43,1,,,,f,1
13249640,42828,694,42134,Australia,Private room,1,1,46,0,,,,t,1
10557616,42828,446,42382,Australia,Private room,2,1,39,0,,,,f,1
13375687,42828,578,42250,Australia,Private room,0,1,59,6,10,9,10,f,1
5188785,42828,796,42032,Australia,Entire home/apt,2,3,350,0,,,,t,1
16133319,42828,1027,41801,Australia,Entire home/apt,1,2,109,0,,,,t,1
15227270,42828,1023,41805,Australia,Entire home/apt,1,1,20,2,10,10,10,f,1
7217899,42828,636,42192,Australia,Entire home/apt,1,0,50,0,,,,f,1
9498470,42828,1868,40960,Australia,Private room,1,1,41,11,9,10,10,t,1
11016542,42828,1511,41317,Australia,Entire home/apt,3,6,600,6,10,10,10,f,1
10686358,42828,809,42019,Australia,Private room,0,1,66,0,,,,f,1
11875189,42828,430,42398,Australia,Private room,1,1,75,1,8,10,10,t,1
16128381,42828,1055,41773,Australia,Private room,1,1,149,0,,,,t,1
16786214,42828,228,42600,Australia,Private room,1,1,69,8,10,9,9,t,1
15082305,42828,1144,41684,Australia,Private room,1,1,55,3,8,10,10,f,1
12388503,42828,2192,40636,Australia,Private room,1,1,45,0,,,,f,1
7810383,42828,850,41978,Australia,Entire home/apt,1,2,100,1,10,10,10,f,1
13438961,42828,342,42486,Australia,Entire home/apt,1,1,69,0,,,,t,1
16652721,42828,507,42321,Australia,Private room,1,1,48,11,8,9,9,t,1
9657576,42828,494,42334,Australia,Entire home/apt,1,1,100,0,,,,f,1
17305607,42828,501,42327,Australia,Entire home/apt,1,1,90,2,10,10,10,t,1
17769353,42828,1109,41719,Australia,Private room,1,2,80,0,,,,f,1
13053302,42828,789,42039,Australia,Private room,1,1,60,23,10,9,10,f,1
4987377,42828,1139,41689,Australia,Entire home/apt,1,0,72,1,6,8,10,f,1
10621013,42828,443,42385,Australia,Private room,1,1,75,0,,,,f,1
17575377,42828,1537,41291,Australia,Private room,1,1,37,0,,,,f,1
3220450,42828,1375,41453,Australia,Entire home/apt,1,2,195,166,10,10,10,f,1
8141733,42828,1017,41811,Australia,Entire home/apt,1,2,110,0,,,,f,1
6634402,42828,1187,41641,Australia,Private room,1,1,52,4,8,10,9,f,1
277426,42828,2071,40757,Australia,Private room,1.5,1,85,67,9,10,9,f,1
736249,42828,1662,41166,Australia,Entire home/apt,1,1,140,52,10,10,10,f,1
7355414,42828,892,41936,Australia,Private room,0,1,66,27,10,9,10,t,1
13515822,42828,638,42190,Australia,Entire home/apt,1,0,126,2,9,10,9,f,1
9780282,42828,487,42341,Australia,Private room,1,1,64,40,10,9,10,f,1
17382600,42828,1058,41770,Australia,Entire home/apt,2,3,149,0,,,,f,1
6634698,42828,1098,41730,Australia,Entire home/apt,1,3,350,7,9,9,10,f,1
17841386,42828,12,42816,Australia,Private room,1,1,41,0,,,,f,1
9715129,42828,558,42270,Australia,Entire home/apt,1,3,270,1,10,8,10,f,1
3620287,42828,1960,40868,Australia,Private room,1,2,90,1,,,,t,1
6045171,42828,946,41882,Australia,Entire home/apt,1,3,190,3,10,10,10,t,1
13033425,42828,983,41845,Australia,Private room,3,1,59,2,4,10,4,f,1
17828478,42828,2107,40721,Australia,Private room,1,1,55,0,,,,f,1
2506504,42828,1125,41703,Australia,Private room,1,1,105,85,10,9,10,t,1
1195758,42828,1673,41155,Australia,Entire home/apt,1,1,115,165,9,9,9,f,1
8470340,42828,879,41949,Australia,Entire home/apt,1,1,121,0,,,,f,1
12861317,42828,2199,40629,Australia,Private room,1,1,69,5,10,9,10,f,1
9286979,42828,1842,40986,Australia,Private room,1,1,75,18,10,10,10,f,1
17514440,42828,1097,41731,Australia,Entire home/apt,1,1,176,5,10,10,10,f,1
7094226,42828,1447,41381,Australia,Entire home/apt,1,2,100,0,,,,t,1
8994847,42828,1935,40893,Australia,Entire home/apt,1,2,380,1,10,10,10,f,1
17319263,42828,264,42564,Australia,Private room,2,1,45,3,7,10,7,t,1
16072804,42828,132,42696,Australia,Private room,1,1,50,4,9,9,10,f,1
7095669,42828,1156,41672,Australia,Private room,1,1,50,1,10,10,10,f,1
15810719,42828,446,42382,Australia,Private room,2,1,80,0,,,,f,1
16232207,42828,201,42627,Australia,Private room,1,1,52,1,10,6,10,t,1
13256130,42828,309,42519,Australia,Private room,1,1,52,0,,,,f,1
9418136,42828,1455,41373,Australia,Private room,1.5,1,41,2,9,9,9,f,1
6108688,42828,909,41919,Australia,Private room,1,1,80,0,,,,t,1
13386423,42828,1205,41623,Australia,Private room,2,1,85,0,,,,t,1
15286987,42828,1779,41049,Australia,Entire home/apt,1,2,149,1,10,10,10,f,1
9454308,42828,506,42322,Australia,Entire home/apt,1.5,1,127,1,10,10,10,t,1
15087348,42828,199,42629,Australia,Private room,1,1,75,0,,,,f,1
11748078,42828,512,42316,Australia,Entire home/apt,1,2,149,19,10,10,10,f,1
6046427,42828,724,42104,Australia,Private room,1,1,79,50,10,9,9,t,1
8995573,42828,587,42241,Australia,Entire home/apt,2,3,149,1,10,10,10,f,1
9913107,42828,977,41851,Australia,Private room,1.5,1,100,3,9,10,10,f,1
9451399,42828,629,42199,Australia,Entire home/apt,1,1,330,4,10,10,10,t,1
15415181,42828,390,42438,Australia,Entire home/apt,1,1,89,17,8,9,8,t,1
6240203,42828,2548,40280,Australia,Entire home/apt,1,1,110,8,8,9,9,f,1
16018237,42828,539,42289,Australia,Private room,1,1,30,1,8,10,10,f,1
16005349,42828,1012,41816,Australia,Private room,1,1,52,4,9,10,10,f,1
4972252,42828,1347,41481,Australia,Private room,2,1,85,162,9,10,9,f,1
4864420,42828,835,41993,Australia,Private room,2.5,1,28,2,,,,f,1
17578428,42828,323,42505,Australia,Entire home/apt,1,1,125,2,10,10,10,f,1
7420458,42828,1636,41192,Australia,Private room,1,1,66,22,10,9,10,f,1
13515455,42828,294,42534,Australia,Private room,1,1,48,0,,,,t,1
9014287,42828,1539,41289,Australia,Entire home/apt,1,0,149,1,10,10,10,f,1
2508927,42828,1125,41703,Australia,Private room,1.5,1,69,92,9,10,9,f,1
17909962,42828,517,42311,Australia,Entire home/apt,2,3,149,0,,,,t,1
9240313,42828,1222,41606,Australia,Entire home/apt,1,2,180,4,10,10,10,f,1
12011310,42828,376,42452,Australia,Entire home/apt,1,1,201,1,10,10,10,f,1
16467766,42828,922,41906,Australia,Entire home/apt,2.5,3,176,0,,,,f,1
16664521,42828,761,42067,Australia,Entire home/apt,1,1,121,7,10,10,10,f,1
9979890,42828,1210,41618,Australia,Entire home/apt,1.5,1,100,0,,,,f,1
10576293,42828,560,42268,Australia,Entire home/apt,1,3,220,33,10,9,10,t,1
16337380,42828,1377,41451,Australia,Private room,2,1,69,1,10,8,10,f,1
3820076,42828,1960,40868,Australia,Private room,1,1,89,35,9,10,9,t,1
17910338,42828,792,42036,Australia,Entire home/apt,1,0,69,0,,,,t,1
4803139,42828,887,41941,Australia,Entire home/apt,1.5,3,450,0,,,,f,1
13716070,42828,416,42412,Australia,Private room,2,1,50,0,,,,f,1
13689389,42828,282,42546,Australia,Private room,1,1,30,1,,,,f,1
13536526,42828,1298,41530,Australia,Entire home/apt,1,2,195,24,10,10,10,f,1
8867190,42828,1222,41606,Australia,Private room,1,1,80,1,10,10,10,f,1
3820922,42828,1673,41155,Australia,Entire home/apt,1,2,149,12,9,10,9,f,1
15721061,42828,536,42292,Australia,Entire home/apt,2.5,4,303,0,,,,f,1
8801129,42828,1720,41108,Australia,Entire home/apt,1.5,2,130,0,,,,f,1
5458840,42828,984,41844,Australia,Entire home/apt,1,2,130,22,10,10,10,f,1
7976867,42828,865,41963,Australia,Private room,1,1,50,0,,,,f,1
8277582,42828,956,41872,Australia,Entire home/apt,1,1,110,7,10,10,10,f,1
15289525,42828,364,42464,Australia,Private room,1,1,100,14,10,9,10,f,1
4607813,42828,896,41932,Australia,Private room,1,1,89,35,9,10,10,f,1
7441778,42828,623,42205,Australia,Private room,2,1,45,0,,,,f,1
6835883,42828,676,42152,Australia,Entire home/apt,1,1,125,31,9,10,10,f,1
13193475,42828,315,42513,Australia,Private room,2,1,75,101,9,9,9,f,1
16666968,42828,1631,41197,Australia,Entire home/apt,1.5,3,201,4,10,9,10,f,1
14504337,42828,651,42177,Australia,Entire home/apt,3,4,400,12,9,10,10,f,1
8475764,42828,629,42199,Australia,Private room,1,1,48,0,,,,f,1
12073154,42828,387,42441,Australia,Entire home/apt,1,1,45,0,,,,f,1
16667839,42828,833,41995,Australia,Private room,1.5,1,60,3,10,9,10,f,1
8410563,42828,629,42199,Australia,Private room,1,1,48,0,,,,f,1
4478453,42828,1671,41157,Australia,Private room,1,1,75,35,9,10,9,f,1
17782339,42828,771,42057,Australia,Entire home/apt,2,3,199,0,,,,f,1
2971252,42828,1104,41724,Australia,Entire home/apt,1,1,100,9,10,9,9,f,1
6466373,42828,685,42143,Australia,Entire home/apt,1.5,2,160,0,,,,f,1
2578111,42828,1118,41710,Australia,Entire home/apt,1,1,118,22,10,10,9,f,1
14374657,42828,915,41913,Australia,Private room,1,1,69,0,,,,f,1
17913605,42828,75,42753,Australia,Private room,1,1,125,0,,,,f,1
16667581,42828,1248,41580,Australia,Entire home/apt,1,2,85,0,,,,f,1
16471051,42828,627,42201,Australia,Private room,1,1,100,0,,,,t,1
6590094,42828,676,42152,Australia,Entire home/apt,1,1,100,17,10,10,10,f,1
8739001,42828,1125,41703,Australia,Private room,1,1,69,51,10,10,10,t,1
17389986,42828,70,42758,Australia,Entire home/apt,1,1,90,4,10,10,10,f,1
13195975,42828,676,42152,Australia,Entire home/apt,2,2,60,0,,,,f,1
15424240,42828,177,42651,Australia,Entire home/apt,1,2,100,1,,,,f,1
11233509,42828,991,41837,Australia,Private room,1.5,1,69,19,10,10,9,f,1
17981998,42828,614,42214,Australia,Private room,1,1,56,0,,,,f,1
12095302,42828,640,42188,Australia,Private room,1,1,75,1,8,8,8,f,1
11362898,42828,569,42259,Australia,Entire home/apt,1,0,109,39,10,10,10,f,1
9334798,42829,1323,41506,Australia,Entire home/apt,1,2,80,0,,,,t,1
8119457,42828,582,42246,Australia,Entire home/apt,1,1,100,2,10,9,10,f,1
6516756,42829,2030,40799,Australia,Entire home/apt,1.5,2,210,5,9,10,9,t,1
4175503,42828,924,41904,Australia,Private room,1.5,1,94,7,8,9,8,f,1
11951078,42828,464,42364,Australia,Private room,1,1,69,30,10,10,10,f,1
15424507,42828,818,42010,Australia,Private room,1,1,100,0,,,,f,1
17590663,42828,1537,41291,Australia,Private room,1,1,42,0,,,,f,1
6249476,42828,702,42126,Australia,Entire home/apt,1,2,100,11,10,9,10,f,1
13930906,42828,770,42058,Australia,Entire home/apt,1,3,201,0,,,,f,1
16016122,42828,1074,41754,Australia,Private room,1,1,42,3,9,8,9,t,1
6647902,42829,725,42104,Australia,Private room,1.5,1,92,9,10,10,10,f,1
16999168,42828,499,42329,Australia,Entire home/apt,1,0,100,7,8,9,9,f,1
5542592,42829,875,41954,Australia,Private room,1.5,1,90,14,10,9,9,f,1
16258746,42828,979,41849,Australia,Private room,1,1,250,0,,,,f,1
6056584,42828,748,42080,Australia,Entire home/apt,2.5,4,250,2,10,10,10,f,1
3829938,42829,1172,41657,Australia,Private room,1,1,75,19,9,9,9,f,1
16149174,42828,1617,41211,Australia,Entire home/apt,1,1,121,1,2,10,8,f,1
13660392,42829,285,42544,Australia,Entire home/apt,1,1,176,11,9,9,9,f,1
5935272,42828,2000,40828,Australia,Private room,1,1,60,33,9,10,10,t,1
10861402,42828,471,42357,Australia,Entire home/apt,3,4,256,0,,,,f,1
5978687,42828,723,42105,Australia,Entire home/apt,1,0,100,63,10,9,10,t,1
1926238,42828,1237,41591,Australia,Private room,1,1,29,2,10,10,10,f,1
15625005,42828,938,41890,Australia,Private room,1.5,1,69,12,10,10,10,f,1
8512768,42828,666,42162,Australia,Private room,1,1,90,5,9,10,10,f,1
17915410,42828,421,42407,Australia,Private room,2,1,50,0,,,,t,1
16018338,42828,137,42691,Australia,Private room,1,1,92,13,10,9,10,f,1
16211545,42828,1827,41001,Australia,Private room,1,1,94,0,,,,f,1
16277130,42828,236,42592,Australia,Private room,2,1,260,1,8,10,10,t,1
12936567,42828,475,42353,Australia,Private room,1,1,35,0,,,,f,1
7010366,42828,1222,41606,Australia,Private room,1,1,66,19,9,9,9,f,1
9594335,42828,693,42135,Australia,Entire home/apt,1,1,300,0,,,,f,1
14968316,42828,340,42488,Australia,Entire home/apt,2,2,199,34,7,9,9,f,1
1467925,42828,1343,41485,Australia,Entire home/apt,1,3,275,51,9,10,9,f,1
2672066,42829,1723,41106,Australia,Private room,1,1,48,7,10,10,10,f,1
16151319,42829,42829,,Australia,Private room,1,1,48,5,10,10,10,t,1
5662585,42829,751,42078,Australia,Private room,1,1,69,35,10,10,9,f,1
9333973,42829,1490,41339,Australia,Private room,1,1,80,30,10,10,10,t,1
17981355,42828,71,42757,Australia,Entire home/apt,1,1,131,0,,,,f,1
14904643,42829,1062,41767,Australia,Entire home/apt,2,2,130,1,10,10,8,f,1
9399652,42829,917,41912,Australia,Entire home/apt,2,3,170,1,10,10,10,f,1
16279270,42828,117,42711,Australia,Entire home/apt,1.5,1,69,1,10,10,10,f,1
16281029,42829,1881,40948,Australia,Private room,1,1,75,0,,,,f,1
9597949,42830,849,41981,Australia,Private room,1,1,91,0,,,,f,1
4681276,42829,859,41970,Australia,Entire home/apt,1,1,75,6,10,9,10,f,1
17799505,42829,437,42392,Australia,Private room,1,1,48,1,10,10,10,t,1
14906472,42829,211,42618,Australia,Entire home/apt,2.5,5,600,17,10,10,9,f,1
13787335,42828,983,41845,Australia,Entire home/apt,1,2,121,1,,10,10,f,1
11300737,42829,413,42416,Australia,Entire home/apt,2,4,398,4,8,10,9,f,1
15744285,42829,1783,41046,Australia,Private room,1,1,50,9,10,10,10,f,1
8151329,42828,648,42180,Australia,Entire home/apt,2,4,450,0,,,,f,1
9468130,42829,516,42313,Australia,Entire home/apt,1,0,105,25,9,10,9,f,1
10123341,42829,978,41851,Australia,Private room,2,1,69,2,10,9,9,f,1
15956062,42829,232,42597,Australia,Private room,1,1,176,3,10,9,9,f,1
15504414,42829,1152,41677,Australia,Entire home/apt,1,2,201,6,10,10,10,f,1
13007038,42829,419,42410,Australia,Private room,2,1,80,2,9,10,9,f,1
14716753,42829,1258,41571,Australia,Private room,2,1,60,12,9,9,10,f,1
11517731,42829,697,42132,Australia,Entire home/apt,1,3,146,0,,,,f,1
2058631,42829,1211,41618,Australia,Entire home/apt,1,0,130,62,10,10,9,f,1
16152918,42829,436,42393,Australia,Private room,1,1,48,2,10,10,10,t,1
3176824,42829,1042,41787,Australia,Private room,1,1,85,5,9,10,9,f,1
14776724,42829,678,42151,Australia,Entire home/apt,1,1,121,10,10,10,10,f,1
14206111,42830,1277,41553,Australia,Private room,1,1,46,8,10,10,10,f,1
5405097,42829,1015,41814,Australia,Entire home/apt,1,1,180,47,10,9,9,f,1
9596360,42830,695,42135,Australia,Entire home/apt,1,0,300,1,10,10,10,f,1
16153168,42829,295,42534,Australia,Private room,1,1,60,3,8,9,9,f,1
4746744,42830,989,41841,Australia,Entire home/apt,1,1,80,136,9,9,9,f,1
8508281,42829,1331,41498,Australia,Entire home/apt,1,0,89,0,,,,f,1
16163649,42829,1696,41133,Australia,Private room,1,1,50,3,10,10,9,f,1
15848493,42829,901,41928,Australia,Entire home/apt,1,1,91,6,9,10,10,f,1
17595125,42829,908,41921,Australia,Private room,1,1,75,3,9,9,9,f,1
17421530,42829,259,42570,Australia,Entire home/apt,1,2,118,1,8,10,10,t,1
9738147,42830,492,42338,Australia,Entire home/apt,1,1,100,23,8,9,9,f,1
11720416,42829,621,42208,Australia,Entire home/apt,2,3,305,1,10,10,10,f,1
15137101,42830,625,42205,Australia,Private room,0,1,91,16,10,10,10,f,1
17422283,42829,40,42789,Australia,Entire home/apt,1,1,95,3,10,10,10,t,1
3305263,42830,2266,40564,Australia,Entire home/apt,1,1,112,65,10,9,10,f,1
9959769,42830,480,42350,Australia,Private room,1,1,64,2,10,10,10,f,1
7329877,42829,632,42197,Australia,Private room,1,1,50,0,,,,f,1
9600036,42829,795,42034,Australia,Private room,2,1,62,0,,,,f,1
11662571,42829,393,42436,Australia,Private room,1,1,66,26,10,10,10,f,1
5340282,42829,1565,41264,Australia,Private room,1,1,50,45,9,10,9,f,1
16454889,42829,1000,41829,Australia,Entire home/apt,1,1,149,6,10,10,10,f,1
8476652,42829,630,42199,Australia,Private room,1,1,60,1,10,10,6,f,1
15522464,42829,171,42658,Australia,Entire home/apt,2,4,380,0,,,,f,1
9034470,42829,1636,41193,Australia,Private room,1,1,99,3,10,10,10,f,1
5144118,42829,1238,41591,Australia,Entire home/apt,1,0,100,26,10,9,10,f,1
1571117,42829,1344,41485,Australia,Entire home/apt,2,3,310,42,9,10,9,f,1
4193200,42829,922,41907,Australia,Entire home/apt,1,1,67,3,8,8,7,f,1
6617584,42830,1490,41340,Australia,Private room,1,1,75,5,10,10,10,f,1
9493445,42829,505,42324,Australia,Private room,1,1,60,2,7,8,8,f,1
10845944,42829,1285,41544,Australia,Private room,1.5,1,45,0,,,,f,1
842778,42829,1577,41252,Australia,Private room,1,1,55,52,9,10,9,f,1
16482090,42829,860,41969,Australia,Private room,1.5,1,76,0,,,,t,1
15260779,42829,1797,41032,Australia,Private room,1,1,74,3,10,9,9,f,1
16112722,42829,131,42698,Australia,Private room,1,1,35,10,9,9,10,f,1
2654044,42829,2058,40771,Australia,Private room,1,1,80,48,9,10,9,f,1
7920800,42829,596,42233,Australia,Entire home/apt,1,1,70,0,,,,f,1
13032622,42829,1737,41092,Australia,Entire home/apt,1,2,180,2,,,,f,1
10059688,42829,536,42293,Australia,Entire home/apt,2,3,170,1,10,10,10,f,1
4027961,42829,1202,41627,Australia,Entire home/apt,1,0,388,28,10,10,9,f,1
16547791,42829,685,42144,Australia,Private room,1,1,90,4,10,10,10,f,1
17489154,42829,973,41856,Australia,Private room,1,1,64,1,10,10,10,t,1
10125298,42829,965,41864,Australia,Private room,2,1,29,0,,,,t,1
6544688,42829,1202,41627,Australia,Entire home/apt,1,0,300,2,10,10,10,f,1
4382029,42829,897,41932,Australia,Private room,1,1,75,25,8,9,8,f,1
13467692,42829,297,42532,Australia,Entire home/apt,1,1,75,4,10,9,9,f,1
4227133,42829,1090,41739,Australia,Entire home/apt,2.5,4,284,13,8,9,9,f,1
10256472,42829,471,42358,Australia,Private room,2,1,80,4,10,10,10,f,1
17465539,42829,1331,41498,Australia,Entire home/apt,1,0,109,0,,,,f,1
9601248,42829,498,42331,Australia,Private room,1,1,55,13,9,9,10,f,1
15696216,42829,924,41905,Australia,Entire home/apt,1,1,75,1,4,4,8,f,1
18013879,42829,1128,41701,Australia,Entire home/apt,1,1,116,0,,,,f,1
4054133,42829,1163,41666,Australia,Entire home/apt,1.5,2,290,11,10,10,10,f,1
6390122,42829,1202,41627,Australia,Entire home/apt,1,0,225,14,9,9,9,f,1
6939281,42829,1202,41627,Australia,Entire home/apt,1,0,117,59,10,10,10,f,1
6390340,42829,1044,41785,Australia,Entire home/apt,1,1,149,10,10,9,9,f,1
16417330,42829,314,42515,Australia,Private room,1,1,66,0,,,,f,1
1802864,42829,1863,40966,Australia,Entire home/apt,1,1,94,2,9,9,9,f,1
9601636,42829,1587,41242,Australia,Entire home/apt,1,5,350,0,,,,f,1
13399799,42829,670,42159,Australia,Private room,1,1,41,3,9,9,9,f,1
12092407,42829,42829,,Australia,Entire home/apt,1,1,90,0,,,,f,1
17332002,42829,888,41941,Australia,Private room,1,1,75,3,9,9,10,t,1
2818431,42829,1083,41746,Australia,Entire home/apt,1,0,66,14,9,9,9,t,1
9864482,42829,1597,41232,Australia,Entire home/apt,1,1,100,0,,,,f,1
17176111,42829,265,42564,Australia,Private room,2,1,66,1,6,4,6,f,1
820583,42829,1741,41088,Australia,Private room,1,2,69,2,,,,f,1
3835331,42829,988,41841,Australia,Entire home/apt,1,1,121,0,,,,f,1
2328016,42829,1961,40868,Australia,Private room,1,1,69,11,9,9,9,f,1
14129094,42829,256,42573,Australia,Entire home/apt,2.5,1,35,0,,,,f,1
17466913,42829,1109,41720,Australia,Private room,1,1,100,2,10,10,10,f,1
16316279,42830,1793,41037,Australia,Entire home/apt,2,1,125,0,,,,f,1
9537183,42829,42829,,Australia,Entire home/apt,1,1,110,33,10,10,10,f,1
12547947,42829,350,42479,Australia,Entire home/apt,1.5,4,160,4,10,9,9,f,1
4184965,42829,1331,41498,Australia,Entire home/apt,1,0,109,127,9,9,9,f,1
15824784,42830,955,41875,Australia,Private room,1,1,64,1,10,10,10,t,1
15300547,42829,235,42594,Australia,Private room,1,1,69,15,10,10,10,t,1
6980831,42829,1115,41714,Australia,Private room,1,1,39,6,10,8,8,f,1
5933301,42829,785,42044,Australia,Private room,1,1,50,0,,,,f,1
16222514,42829,122,42707,Australia,Private room,1.5,1,62,1,8,8,10,t,1
7637584,42829,614,42215,Australia,Private room,2,1,43,0,,,,f,1
7441098,42829,2842,39987,Australia,Entire home/apt,1,2,191,7,9,10,9,f,1
16354383,42829,1024,41805,Australia,Private room,1,3,47,1,10,10,10,f,1
1870918,42829,2427,40402,Australia,Private room,1,1,85,43,9,9,9,f,1
1543241,42829,1478,41351,Australia,Entire home/apt,1,2,99,88,10,10,10,f,1
5606448,42829,757,42072,Australia,Private room,1,1,80,1,10,10,8,f,1
9867783,42829,1058,41771,Australia,Private room,1,1,54,19,10,9,10,f,1
888255,42829,1541,41288,Australia,Private room,,1,59,82,8,9,8,f,1
6590862,42829,677,42152,Australia,Private room,1,1,64,0,,,,f,1
14192167,42829,1269,41560,Australia,Private room,1,1,70,0,,,,f,1
8831777,42829,1301,41528,Australia,Entire home/apt,1,2,159,1,10,8,6,f,1
15635057,42829,1724,41105,Australia,Private room,1.5,1,80,3,10,10,10,f,1
759218,42829,1618,41211,Australia,Entire home/apt,1,1,74,23,10,9,9,f,1
11244755,42829,427,42402,Australia,Private room,1,1,80,17,10,10,10,f,1
4235949,42829,1202,41627,Australia,Entire home/apt,1,0,225,21,10,10,9,f,1
7246634,42829,968,41861,Australia,Private room,1,1,76,5,10,10,10,f,1
15439805,42829,978,41851,Australia,Entire home/apt,1,1,80,2,10,10,10,f,1
2890011,42829,1578,41251,Australia,Entire home/apt,1,2,110,54,8,9,9,f,1
14653706,42829,916,41913,Australia,Private room,1,1,70,3,9,10,9,f,1
6395488,42829,691,42138,Australia,Entire home/apt,1,1,72,0,,,,f,1
12721051,42829,342,42487,Australia,Private room,1,1,37,0,,,,f,1
1350598,42829,1409,41420,Australia,Entire home/apt,1,1,95,1,,,,f,1
11050119,42829,459,42370,Australia,Entire home/apt,2,3,250,1,10,10,10,t,1
3458316,42829,1174,41655,Australia,Entire home/apt,1.5,1,145,56,10,10,9,f,1
11148977,42829,1031,41798,Australia,Private room,1,1,64,40,10,9,10,f,1
17854418,42829,105,42724,Australia,Entire home/apt,1,2,110,0,,,,f,1
8035003,42829,856,41973,Australia,Entire home/apt,1,2,89,3,10,10,10,f,1
4923726,42829,1919,40910,Australia,Entire home/apt,1,0,110,2,9,9,9,f,1
633749,42829,1704,41125,Australia,Entire home/apt,1.5,3,180,6,10,10,9,f,1
13348808,42829,585,42244,Australia,Entire home/apt,1,1,95,50,10,10,10,f,1
15825741,42830,1135,41695,Australia,Entire home/apt,1,0,120,4,10,10,10,f,1
9830389,42830,994,41836,Australia,Private room,1,1,72,4,9,9,8,f,1
7928456,42830,596,42234,Australia,Private room,1,1,70,0,,,,f,1
13498939,42830,296,42534,Australia,Entire home/apt,1,3,180,6,10,10,10,f,1
850442,42830,1568,41262,Australia,Private room,1,1,91,36,10,10,10,f,1
8846632,42830,672,42158,Australia,Entire home/apt,1,2,85,0,,,,f,1
16304725,42830,366,42464,Australia,Private room,1,1,39,1,8,8,8,f,1
10254691,42830,734,42096,Australia,Private room,1,1,75,6,10,10,10,f,1
17561588,42830,910,41920,Australia,Entire home/apt,1,2,275,0,,,,f,1
2353482,42830,1153,41677,Australia,Entire home/apt,2,2,130,4,10,9,10,f,1
3844323,42830,1098,41732,Australia,Entire home/apt,2,2,219,28,8,9,8,f,1
15759586,42830,238,42592,Australia,Entire home/apt,1.5,3,148,1,,,,f,1
11663577,42830,394,42436,Australia,Entire home/apt,1,2,150,0,,,,f,1
12612431,42830,602,42228,Australia,Private room,3,1,100,9,9,10,10,f,1
8123120,42830,584,42246,Australia,Private room,1,1,70,31,9,9,9,f,1
7828201,42830,602,42228,Australia,Private room,1,1,85,5,9,9,9,f,1
15255011,42830,2072,40758,Australia,Entire home/apt,2,2,280,1,10,10,10,f,1
16225055,42830,238,42592,Australia,Private room,2,1,100,0,,,,t,1
15889399,42830,214,42616,Australia,Entire home/apt,1,0,110,18,10,10,10,f,1
17593297,42830,858,41972,Australia,Entire home/apt,1,1,125,3,10,10,10,t,1
16019796,42830,753,42077,Australia,Private room,1,1,150,1,10,10,10,f,1
3076364,42830,1053,41777,Australia,Entire home/apt,4,4,398,32,9,9,10,f,1
15258324,42830,715,42115,Australia,Entire home/apt,1,1,160,18,10,10,10,f,1
7958728,42830,1786,41044,Australia,Private room,1,1,35,1,,,,f,1
12743316,42830,488,42342,Australia,Entire home/apt,1,2,275,33,10,10,9,f,1
17002219,42830,518,42312,Australia,Entire home/apt,2,1,108,0,,,,f,1
16313498,42830,985,41845,Australia,Private room,1,1,75,0,,,,f,1
9596478,42830,537,42293,Australia,Private room,1,1,70,2,10,8,9,f,1
9564427,42830,819,42011,Australia,Private room,1,1,75,28,10,10,9,f,1
8316234,42829,781,42048,Australia,Private room,1,1,39,1,8,10,10,f,1
17813561,42829,492,42337,Australia,Entire home/apt,1,1,100,0,,,,f,1
15590516,42829,1035,41794,Australia,Private room,1,1,91,14,10,10,10,f,1
2223715,42830,1175,41655,Australia,Entire home/apt,2.5,0,135,10,10,10,10,f,1
14148567,42829,440,42389,Australia,Private room,1,1,45,3,10,10,10,f,1
16420989,42829,431,42398,Australia,Private room,2,1,75,3,9,10,9,t,1
16441685,42829,106,42723,Australia,Entire home/apt,2.5,4,50,0,,,,t,1
16769257,42829,129,42700,Australia,Entire home/apt,1,1,200,1,10,10,10,f,1
11460824,42829,640,42189,Australia,Private room,1,1,39,0,,,,f,1
4972341,42829,1348,41481,Australia,Private room,2,1,79,148,9,10,9,f,1
14738007,42829,1645,41184,Australia,Entire home/apt,1,2,180,12,10,9,10,f,1
13689444,42829,1430,41399,Australia,Private room,1,1,95,0,,,,f,1
9101876,42829,1125,41704,Australia,Entire home/apt,1,1,120,2,7,10,9,f,1
16637429,42829,674,42155,Australia,Private room,1,1,60,1,10,10,10,f,1
4378518,42829,2029,40800,Australia,Entire home/apt,2,2,200,0,,,,f,1
15915670,42829,629,42200,Australia,Private room,2,1,80,1,,,,f,1
12637143,42829,725,42104,Australia,Private room,1,1,125,18,9,9,9,t,1
17224535,42829,485,42344,Australia,Entire home/apt,2,2,250,0,,,,f,1
10867281,42829,1284,41545,Australia,Private room,1,1,55,2,10,10,10,f,1
742298,42829,1944,40885,Australia,Entire home/apt,1,3,480,2,9,8,9,f,1
3657826,42829,988,41841,Australia,Private room,1,1,60,123,9,9,10,f,1
4476833,42829,894,41935,Australia,Entire home/apt,1,3,501,1,8,10,8,f,1
15847257,42829,313,42516,Australia,Entire home/apt,1,1,168,49,10,9,9,t,1
3526475,42829,2427,40402,Australia,Entire home/apt,1,2,225,2,10,10,10,f,1
16305993,42829,700,42129,Australia,Entire home/apt,1,2,328,0,,,,f,1
13422071,42829,398,42431,Australia,Private room,1,1,56,21,9,10,10,f,1
16305636,42829,1786,41043,Australia,Entire home/apt,1,1,141,1,8,10,8,t,1
16534885,42829,98,42731,Australia,Private room,0.5,1,51,0,,,,t,1
16633181,42829,1654,41175,Australia,Entire home/apt,3.5,4,1000,0,,,,f,1
15650138,42829,1023,41806,Australia,Entire home/apt,1,0,105,2,10,6,8,f,1
8769325,42829,1062,41767,Australia,Private room,2,1,75,2,10,10,10,f,1
4968224,42829,1053,41776,Australia,Entire home/apt,1,2,399,6,8,10,9,f,1
6660591,42829,677,42152,Australia,Entire home/apt,1,1,125,37,9,9,9,f,1
12176274,42829,934,41895,Australia,Entire home/apt,1,3,116,1,10,10,10,f,1
16370449,42829,362,42467,Australia,Private room,2.5,1,79,1,10,10,10,f,1
3721908,42829,1882,40947,Australia,Entire home/apt,1.5,2,145,14,10,10,10,f,1
4486693,42829,883,41946,Australia,Entire home/apt,2,4,300,6,9,9,10,f,1
16041078,42829,136,42693,Australia,Private room,1,1,88,6,10,9,9,t,1
11912292,42829,587,42242,Australia,Entire home/apt,1,2,300,2,10,10,8,f,1
907310,42829,1576,41253,Australia,Private room,1,1,85,28,10,9,10,t,1
8506394,42829,589,42240,Australia,Entire home/apt,1,2,200,2,9,10,10,f,1
11912144,42829,1061,41768,Australia,Private room,1,1,55,10,10,10,10,f,1
9814874,42829,748,42081,Australia,Entire home/apt,1,2,175,22,9,9,9,f,1
6267310,42829,701,42128,Australia,Private room,2,1,64,0,,,,f,1
3852787,42829,1097,41732,Australia,Entire home/apt,1,1,160,8,8,8,7,f,1
3852756,42829,1097,41732,Australia,Entire home/apt,1,2,210,13,9,9,10,f,1
6736178,42829,1293,41536,Australia,Private room,1,1,100,0,,,,f,1
9619470,42829,497,42332,Australia,Entire home/apt,2,4,399,14,9,10,9,f,1
14600032,42829,519,42310,Australia,Private room,1,1,50,16,9,9,10,t,1
16664301,42829,299,42530,Australia,Private room,1,1,49,0,,,,t,1
15976028,42829,1760,41069,Australia,Private room,1,1,53,12,8,9,10,t,1
4441613,42829,889,41940,Australia,Private room,1.5,1,79,18,10,10,10,f,1
5751172,42829,1958,40871,Australia,Private room,1,1,80,2,8,10,9,f,1
8831270,42829,911,41918,Australia,Entire home/apt,1,2,109,16,8,9,9,f,1
5895780,42829,1107,41722,Australia,Private room,1,1,60,0,,,,f,1
16141006,42829,141,42688,Australia,Entire home/apt,1,3,200,13,9,8,9,t,1
17481862,42829,1331,41498,Australia,Entire home/apt,1,0,109,0,,,,f,1
770164,42829,1612,41217,Australia,Private room,1.5,1,50,0,,,,f,1
11911003,42829,856,41973,Australia,Entire home/apt,1.5,3,349,0,,,,f,1
15646290,42829,525,42304,Australia,Private room,1,1,91,24,10,10,10,t,1
834913,42829,1577,41252,Australia,Private room,1,1,64,199,9,10,9,f,1
17880866,42829,388,42441,Australia,Entire home/apt,1,0,66,0,,,,f,1
1949479,42829,1422,41407,Australia,Private room,1,1,70,19,9,9,9,f,1
12369624,42829,431,42398,Australia,Private room,2,1,71,11,9,10,10,f,1
10600138,42829,1138,41691,Australia,Entire home/apt,1.5,3,385,1,8,10,10,f,1
10075097,42829,473,42356,Australia,Entire home/apt,1,2,120,1,10,10,10,f,1
17997597,42829,1870,40959,Australia,Entire home/apt,1,1,150,0,,,,f,1
16151650,42829,436,42393,Australia,Private room,1,1,55,8,9,10,10,t,1
11192745,42829,791,42038,Australia,Entire home/apt,1,1,200,5,9,10,10,f,1
9812392,42829,487,42342,Australia,Entire home/apt,1,1,175,42,10,10,10,f,1
9943444,42829,480,42349,Australia,Private room,1.5,1,50,0,,,,f,1
8239446,42829,822,42007,Australia,Entire home/apt,1,3,150,9,9,9,9,f,1
15710525,42829,1199,41630,Australia,Entire home/apt,2,3,250,2,10,10,10,f,1
4765977,42829,891,41938,Australia,Entire home/apt,2,2,130,14,9,9,9,f,1
18013902,42829,814,42015,Australia,Entire home/apt,1,2,260,0,,,,f,1
10089095,42829,534,42295,Australia,Entire home/apt,1,1,100,0,,,,f,1
10074964,42829,473,42356,Australia,Entire home/apt,1,1,100,0,,,,t,1
832754,42829,1578,41251,Australia,Entire home/apt,1,1,92,63,9,9,9,f,1
6206719,42829,707,42122,Australia,Entire home/apt,3,3,255,2,7,10,9,f,1
6010043,42829,1086,41743,Australia,Private room,1,1,80,0,,,,f,1
6010034,42829,1086,41743,Australia,Private room,1,1,45,1,10,10,10,f,1
15774825,42829,2107,40722,Australia,Entire home/apt,1,2,198,7,10,10,10,f,1
6730794,42829,667,42162,Australia,Private room,1,1,30,0,,,,f,1
11443708,42829,1167,41662,Australia,Entire home/apt,1,2,175,1,10,10,10,f,1
15119270,42829,624,42205,Australia,Entire home/apt,1,2,169,1,10,8,10,f,1
10597238,42829,546,42283,Australia,Private room,1,1,200,0,,,,f,1
16234117,42829,862,41967,Australia,Private room,1,1,47,0,,,,t,1
17674455,42829,23,42806,Australia,Entire home/apt,1,1,130,0,,,,t,1
15342796,42829,748,42081,Australia,Entire home/apt,2,3,501,0,,,,t,1
13480116,42829,1011,41818,Australia,Private room,2,1,75,0,,,,f,1
17610652,42829,1037,41792,Australia,Entire home/apt,1,1,91,1,10,10,10,f,1
9154234,42829,855,41974,Australia,Private room,1,1,95,0,,,,f,1
16166535,42829,492,42337,Australia,Private room,2,1,150,5,7,8,8,t,1
634459,42829,1704,41125,Australia,Private room,1,1,56,2,10,7,8,f,1
6206200,42829,706,42123,Australia,Private room,1,1,45,1,8,8,8,f,1
16020247,42829,137,42692,Australia,Entire home/apt,1,2,210,7,9,10,10,t,1
6926895,42829,1602,41227,Australia,Entire home/apt,1,2,116,1,10,10,10,f,1
16363046,42829,386,42443,Australia,Private room,1,1,80,0,,,,f,1
2730994,42829,1094,41735,Australia,Private room,1,1,79,124,10,10,10,f,1
15903382,42829,882,41947,Australia,Entire home/apt,1,2,349,1,10,10,8,f,1
6368694,42829,1274,41555,Australia,Private room,1,1,50,1,10,10,10,f,1
16100684,42829,1416,41413,Australia,Private room,1,1,100,0,,,,f,1
6663443,42829,1374,41455,Australia,Private room,1,1,105,2,10,10,10,f,1
17410436,42829,2019,40810,Australia,Entire home/apt,1,1,95,0,,,,f,1
13084591,42829,1086,41743,Australia,Private room,1,1,35,0,,,,f,1
17476390,42829,425,42404,Australia,Private room,1,1,50,2,10,,,t,1
16165662,42829,1274,41555,Australia,Private room,1,1,100,0,,,,f,1
9479754,42829,728,42101,Australia,Private room,1,1,64,0,,,,f,1
16098799,42829,1292,41537,Australia,Private room,1,1,68,1,10,10,10,f,1
14525817,42829,252,42577,Australia,Private room,1,1,100,8,9,9,9,t,1
14787735,42829,219,42610,Australia,Private room,2,1,78,16,9,10,9,f,1
6661053,42829,677,42152,Australia,Entire home/apt,1,1,125,28,9,9,10,f,1
3449802,42829,1869,40960,Australia,Entire home/apt,1,2,210,1,,,,f,1
17999689,42829,698,42131,Australia,Entire home/apt,1,1,91,0,,,,f,1
16164657,42829,219,42610,Australia,Private room,2,1,150,0,,,,f,1
16164597,42829,1190,41639,Australia,Private room,1,1,100,0,,,,f,1
1909483,42829,1242,41587,Australia,Private room,1,1,99,65,10,9,10,f,1
17670899,42829,1621,41208,Australia,Entire home/apt,1,1,130,0,,,,t,1
15738064,42829,1614,41215,Australia,Entire home/apt,1,1,100,2,10,10,9,f,1
17147080,42829,425,42404,Australia,Entire home/apt,1,2,75,6,10,10,10,t,1
4235759,42829,1202,41627,Australia,Entire home/apt,1,0,150,40,10,10,9,f,1
16818614,42829,2372,40457,Australia,Private room,1,1,110,7,10,10,10,f,1
7053733,42829,2144,40685,Australia,Private room,1,1,45,2,10,10,10,f,1
15638827,42829,488,42341,Australia,Private room,1,1,50,1,2,8,6,f,1
16950118,42829,150,42679,Australia,Entire home/apt,1,0,100,8,10,10,10,t,1
11969328,42829,856,41973,Australia,Private room,1.5,1,100,0,,,,f,1
6660903,42829,677,42152,Australia,Entire home/apt,1,1,110,21,10,9,10,f,1
9411501,42829,1239,41590,Australia,Private room,1,1,56,2,5,9,9,f,1
15833896,42829,1513,41316,Australia,Entire home/apt,1,1,127,2,9,9,9,t,1
14675761,42829,225,42604,Australia,Private room,1,1,59,10,10,10,10,f,1
17799916,42829,48,42781,Australia,Private room,1,1,60,0,,,,t,1
9738978,42829,490,42339,Australia,Private room,1,1,89,5,10,9,10,f,1
7903943,42829,42829,,Australia,Entire home/apt,2,3,185,0,,,,f,1
14655515,42829,916,41913,Australia,Private room,1,1,60,6,9,10,10,f,1
9740259,42829,490,42339,Australia,Private room,1,1,110,0,,,,f,1
6528840,42829,1141,41688,Australia,Entire home/apt,2,2,180,11,9,10,10,f,1
14720719,42829,403,42426,Australia,Entire home/apt,1,1,150,4,10,9,9,f,1
4824556,42829,843,41986,Australia,Private room,1,1,50,0,,,,f,1
11639869,42829,1294,41535,Australia,Entire home/apt,2,2,160,11,9,10,10,f,1
17504761,42829,450,42379,Australia,Entire home/apt,2,2,210,0,,,,f,1
16030238,42829,137,42692,Australia,Entire home/apt,1,1,100,0,,,,t,1
1808902,42829,1265,41564,Australia,Entire home/apt,2,3,280,3,10,10,10,f,1
7902539,42829,1024,41805,Australia,Private room,1,3,70,3,10,9,10,f,1
8688786,42829,550,42279,Australia,Private room,1,1,75,90,10,10,10,f,1
17045943,42829,67,42762,Australia,Private room,1,1,39,1,4,,,f,1
6363703,42829,810,42019,Australia,Private room,1,1,150,0,,,,f,1
15636376,42829,583,42246,Australia,Entire home/apt,1,1,110,1,,,,f,1
3774294,42829,2038,40791,Australia,Entire home/apt,1,0,141,49,9,9,9,f,1
6853218,42829,665,42164,Australia,Entire home/apt,1,1,194,52,10,10,10,f,1
14914132,42829,211,42618,Australia,Private room,1,1,55,0,,,,f,1
10393031,42829,2232,40597,Australia,Entire home/apt,1,1,75,0,,,,f,1
15634211,42829,553,42276,Australia,Private room,1,1,85,24,10,10,10,f,1
15634198,42829,721,42108,Australia,Private room,1,1,85,2,7,10,9,f,1
17535887,42829,668,42161,Australia,Private room,2,1,79,2,10,9,10,t,1
16323439,42829,115,42714,Australia,Entire home/apt,1,1,168,10,10,9,10,t,1
5739351,42829,744,42085,Australia,Private room,2,1,150,32,10,9,10,f,1
4296371,42829,1726,41103,Australia,Entire home/apt,1,2,148,41,9,9,9,t,1
9931893,42829,668,42161,Australia,Private room,2,1,79,5,10,9,10,t,1
5609319,42829,756,42073,Australia,Entire home/apt,1,1,89,28,9,9,9,f,1
12028991,42829,375,42454,Australia,Entire home/apt,1,1,72,5,10,10,10,f,1
15603888,42829,1094,41735,Australia,Entire home/apt,1,1,110,3,9,10,10,f,1
13865238,42829,1176,41653,Australia,Entire home/apt,1,2,151,4,10,10,10,f,1
2920714,42829,1211,41618,Australia,Entire home/apt,2,3,200,3,8,9,9,f,1
14717060,42829,223,42606,Australia,Private room,2,1,70,21,9,9,10,f,1
15043008,42829,1176,41653,Australia,Private room,1,1,100,0,,,,f,1
8818276,42829,542,42287,Australia,Entire home/apt,1,1,85,5,8,9,8,f,1
9866560,42829,500,42329,Australia,Entire home/apt,1.5,2,200,0,,,,f,1
9799556,42829,487,42342,Australia,Entire home/apt,1,0,75,5,8,9,9,f,1
15763234,42829,226,42603,Australia,Private room,1,1,80,1,10,10,10,f,1
9668343,42829,495,42334,Australia,Private room,1,1,150,1,10,10,10,f,1
17466504,42829,994,41835,Australia,Private room,2,1,45,1,10,8,8,t,1
10061270,42829,473,42356,Australia,Entire home/apt,1,1,121,0,,,,f,1
6963127,42829,874,41955,Australia,Private room,1,1,90,24,10,10,10,f,1
16089228,42829,684,42145,Australia,Private room,1,1,75,39,8,9,9,f,1
13467060,42829,1357,41472,Australia,Entire home/apt,1,0,121,49,10,10,10,f,1
13532548,42829,918,41911,Australia,Entire home/apt,1,1,149,4,5,9,7,f,1
9599821,42829,1521,41308,Australia,Private room,1,1,90,16,10,10,10,f,1
769833,42829,1779,41050,Australia,Entire home/apt,1,2,130,5,9,10,9,f,1
9599708,42829,498,42331,Australia,Entire home/apt,1,1,118,1,,,,f,1
1184869,42829,1961,40868,Australia,Entire home/apt,3,3,245,7,7,10,8,f,1
9862279,42829,871,41958,Australia,Entire home/apt,0,1,85,2,10,8,8,f,1
16350210,42829,1790,41039,Australia,Private room,1,1,100,0,,,,f,1
16203594,42829,124,42705,Australia,Private room,2.5,1,121,1,10,10,10,f,1
11303091,42829,816,42013,Australia,Private room,1,1,69,0,,,,f,1
6451827,42829,1784,41045,Australia,Entire home/apt,1,1,176,6,10,10,10,f,1
13333971,42829,306,42523,Australia,Entire home/apt,1,1,100,1,10,8,8,f,1
5215132,42829,794,42035,Australia,Entire home/apt,1.5,2,250,0,,,,t,1
4748763,42829,851,41978,Australia,Private room,1,1,75,2,9,9,10,f,1
12611323,42829,398,42431,Australia,Entire home/apt,2,2,80,0,,,,t,1
3656211,42829,2060,40769,Australia,Private room,1,1,100,11,10,10,10,f,1
4679833,42828,1698,41130,Australia,Private room,1,1,100,0,,,,f,1
17001410,42828,245,42583,Australia,Private room,1,1,100,0,,,,t,1
10839998,42828,1211,41617,Australia,Private room,1,1,45,1,10,6,10,f,1
17655672,42828,24,42804,Australia,Private room,1,1,89,1,10,10,10,t,1
4811114,42828,1371,41457,Australia,Private room,1,1,94,0,,,,f,1
11953830,42828,1254,41574,Australia,Private room,2,1,90,0,,,,f,1
15426457,42828,634,42194,Australia,Private room,1,1,50,0,,,,f,1
1073607,42828,1710,41118,Australia,Private room,1.5,1,66,52,9,9,9,f,1
15557341,42828,1480,41348,Australia,Entire home/apt,1.5,3,450,1,10,10,10,f,1
13852630,42828,1136,41692,Australia,Entire home/apt,1,3,121,3,10,10,10,f,1
13197553,42828,390,42438,Australia,Entire home/apt,1,1,66,24,8,8,7,t,1
5923031,42828,1381,41447,Australia,Entire home/apt,1,1,185,10,10,10,9,t,1
8019306,42828,1569,41259,Australia,Private room,1,1,45,2,6,8,10,f,1
16538207,42828,110,42718,Australia,Entire home/apt,1,1,69,1,,,,t,1
17519138,42828,817,42011,Australia,Private room,1,1,149,3,10,10,10,f,1
16819389,42828,76,42752,Australia,Private room,1,1,51,1,4,8,8,f,1
15945334,42828,316,42512,Australia,Entire home/apt,1,3,201,3,9,9,10,f,1
17976936,42828,1116,41712,Australia,Private room,1,1,60,0,,,,f,1
16273882,42828,2766,40062,Australia,Private room,1,1,85,1,10,10,10,f,1
16470141,42828,784,42044,Australia,Private room,1,1,69,1,6,10,8,f,1
16666643,42828,1014,41814,Australia,Entire home/apt,1.5,2,130,0,,,,f,1
14307330,42828,1107,41721,Australia,Private room,1,1,45,22,10,9,10,f,1
17125366,42828,57,42771,Australia,Entire home/apt,2,3,336,9,9,10,9,t,1
4477362,42828,1118,41710,Australia,Entire home/apt,3,4,300,0,,,,f,1
15746632,42828,992,41836,Australia,Private room,1,1,55,1,8,8,8,f,1
9779233,42828,489,42339,Australia,Private room,1,1,89,1,10,,,f,1
11614218,42828,771,42057,Australia,Entire home/apt,1,2,145,4,10,10,9,f,1
16364931,42828,1960,40868,Australia,Private room,1,1,113,2,8,10,9,t,1
4863206,42828,1099,41729,Australia,Entire home/apt,1,1,90,20,9,9,9,f,1
2448921,42828,1723,41105,Australia,Private room,1,1,69,147,9,9,9,f,1
15346093,42828,181,42647,Australia,Private room,1.5,1,45,2,10,10,10,t,1
13772567,42828,1050,41778,Australia,Entire home/apt,1,0,134,1,10,10,10,f,1
5908579,42828,1134,41694,Australia,Private room,1,1,80,0,,,,f,1
16327404,42828,683,42145,Australia,Private room,1,1,60,15,8,9,9,t,1
3940420,42828,966,41862,Australia,Entire home/apt,1,2,270,26,10,10,10,f,1
9654747,42828,494,42334,Australia,Entire home/apt,1,2,281,0,,,,t,1
16195553,42828,618,42210,Australia,Private room,1,1,75,12,9,10,10,f,1
8724337,42828,546,42282,Australia,Private room,1,1,69,2,10,10,10,f,1
16785755,42828,483,42345,Australia,Entire home/apt,1,2,114,2,10,10,10,f,1
12328180,42828,578,42250,Australia,Private room,1,1,59,23,9,9,9,f,1
12525115,42828,922,41906,Australia,Private room,1.5,1,62,1,8,8,10,t,1
16522241,42828,655,42173,Australia,Private room,1,1,75,1,8,10,10,t,1
12196629,42828,740,42088,Australia,Private room,1,1,62,3,8,10,9,f,1
13179018,42828,331,42497,Australia,Entire home/apt,1,2,270,2,10,9,10,f,1
12720229,42828,1107,41721,Australia,Private room,1,1,28,1,8,10,10,f,1
4396793,42828,894,41934,Australia,Private room,1,1,87,7,9,10,9,f,1
6559450,42828,1224,41604,Australia,Private room,1,1,45,0,,,,f,1
464584,42828,1793,41035,Australia,Private room,1,1,66,4,9,10,10,f,1
16520806,42828,1831,40997,Australia,Private room,1,0,85,1,10,10,10,f,1
15472217,42828,1736,41092,Australia,Entire home/apt,2,1,165,4,9,10,9,t,1
12521057,42828,565,42263,Australia,Entire home/apt,1,1,110,12,9,9,9,f,1
8356428,42828,1486,41342,Australia,Entire home/apt,1,1,190,17,10,10,10,f,1
10816948,42828,578,42250,Australia,Entire home/apt,1,3,149,18,10,10,10,f,1
16455192,42828,211,42617,Australia,Private room,1,1,201,0,,,,f,1
15535664,42828,169,42659,Australia,Private room,1.5,1,69,12,9,9,9,t,1
8575036,42828,763,42065,Australia,Entire home/apt,2.5,2,300,1,10,10,10,f,1
13963472,42828,1068,41760,Australia,Entire home/apt,1,2,130,12,10,10,9,f,1
14749700,42828,274,42554,Australia,Private room,1,1,52,4,10,9,10,t,1
6980262,42828,1114,41714,Australia,Private room,1,1,45,1,10,10,10,f,1
16518981,42828,988,41840,Australia,Private room,1.5,1,69,1,10,10,10,f,1
8393935,42828,991,41837,Australia,Entire home/apt,1,0,90,14,9,10,9,f,1
2561206,42828,1381,41447,Australia,Entire home/apt,1,1,184,36,10,10,9,f,1
17563001,42828,1407,41421,Australia,Private room,1,1,66,0,,,,f,1
6750984,42828,1388,41440,Australia,Private room,1,1,39,4,10,10,10,f,1
9573847,42828,1322,41506,Australia,Entire home/apt,1,1,111,38,9,10,9,f,1
13833492,42828,280,42548,Australia,Private room,1,1,50,18,9,10,10,f,1
16057780,42828,133,42695,Australia,Private room,1,1,50,1,4,8,6,t,1
329096,42828,1958,40870,Australia,Entire home/apt,2,3,201,1,,,,f,1
9241862,42828,1105,41723,Australia,Entire home/apt,1,2,201,0,,,,f,1
3605647,42828,1288,41540,Australia,Private room,1,1,76,0,,,,f,1
11949568,42828,718,42110,Australia,Entire home/apt,2.5,2,225,27,10,10,10,t,1
5178277,42828,1347,41481,Australia,Private room,2,1,83,144,9,9,9,f,1
10093476,42828,470,42358,Australia,Entire home/apt,1,1,100,13,9,10,9,f,1
14287747,42828,776,42052,Australia,Private room,1,1,121,2,10,8,9,f,1
15991596,42828,1227,41601,Australia,Private room,1,1,60,4,9,9,9,f,1
17367686,42828,1148,41680,Australia,Private room,1,1,50,0,,,,t,1
4048134,42828,941,41887,Australia,Entire home/apt,1,0,75,30,8,9,9,f,1
394428,42828,1841,40987,Australia,Private room,1,1,121,61,10,9,10,f,1
15401042,42828,695,42133,Australia,Entire home/apt,1,2,80,3,9,10,9,f,1
5178024,42828,1347,41481,Australia,Private room,2,1,79,138,9,9,9,f,1
16319163,42828,1475,41353,Australia,Entire home/apt,1,1,121,3,9,9,9,f,1
10093225,42828,470,42358,Australia,Private room,2,1,121,0,,,,f,1
9841341,42828,798,42030,Australia,Entire home/apt,3,3,315,0,,,,f,1
6926217,42829,712,42117,Australia,Entire home/apt,1,1,150,1,10,8,10,t,1
15117103,42829,226,42603,Australia,Shared room,1,1,39,2,9,8,8,f,1
16150888,42830,128,42702,Australia,Private room,1,1,85,0,,,,f,1
9944044,42829,480,42349,Australia,Private room,1,1,200,1,10,8,8,f,1
9961027,42830,1499,41331,Australia,Private room,1,1,150,11,10,10,9,f,1
9435420,42829,513,42316,Australia,Private room,1,1,100,0,,,,f,1
17562170,42830,918,41912,Australia,Private room,1,1,49,1,8,10,10,f,1
17293322,42829,905,41924,Australia,Private room,1.5,1,50,3,10,10,10,t,1
14731445,42829,243,42586,Australia,Private room,1,1,300,0,,,,f,1
17015032,42829,590,42239,Australia,Private room,1,1,110,3,9,10,10,f,1
10075684,42829,533,42296,Australia,Private room,1.5,1,60,0,,,,f,1
12842573,42829,1011,41818,Australia,Private room,1,1,75,0,,,,f,1
8629949,42829,832,41997,Australia,Private room,,1,66,0,,,,f,1
4652788,42830,1209,41621,Australia,Private room,1,1,50,0,,,,f,1
6010171,42829,1909,40920,Australia,Private room,1,1,85,33,10,10,10,f,1
12113270,42829,880,41949,Australia,Private room,1,1,46,0,,,,f,1
6811495,42830,663,42167,Australia,Private room,1,1,85,1,10,10,10,f,1
245990,42829,1999,40830,Australia,Private room,1,1,116,1,8,8,6,f,1
9433481,42830,510,42320,Australia,Private room,1,1,99,0,,,,f,1
9433499,42830,510,42320,Australia,Private room,1,1,99,0,,,,f,1
11627733,42830,1060,41770,Australia,Private room,1,1,59,8,10,9,10,f,1
16230369,42830,313,42517,Australia,Entire home/apt,1,0,150,9,10,10,10,f,1
7721515,42830,1421,41409,Australia,Entire home/apt,1,1,110,49,10,10,10,f,1
10523374,42829,450,42379,Australia,Entire home/apt,1,2,191,19,9,10,9,t,1
2079185,42829,1207,41622,Australia,Private room,1,1,169,76,10,10,10,t,1
14660659,42829,1659,41170,Australia,Entire home/apt,1,1,150,19,10,10,10,f,1
16246823,42830,196,42634,Australia,Entire home/apt,1.5,3,340,16,10,10,10,t,1
8487984,42829,1603,41226,Australia,Entire home/apt,1,1,100,38,9,10,9,f,1
16901521,42829,71,42758,Australia,Private room,1,2,70,3,8,9,7,f,1
16817290,42829,77,42752,Australia,Private room,1,0,64,5,10,10,10,t,1
11956630,42830,508,42322,Australia,Private room,1,1,85,15,10,10,10,t,1
12571143,42829,349,42480,Australia,Private room,1,1,75,28,10,10,10,f,1
11403093,42830,408,42422,Australia,Private room,1,1,280,7,10,10,9,f,1
3264454,42830,1033,41797,Australia,Private room,1,1,68,44,9,9,10,f,1
11194794,42829,889,41940,Australia,Entire home/apt,1,2,240,18,9,10,10,f,1
15847749,42829,372,42457,Australia,Private room,1,1,85,2,10,10,10,t,1
4550363,42830,975,41855,Australia,Entire home/apt,1,1,105,106,10,10,9,f,1
17016465,42829,917,41912,Australia,Private room,1,1,51,6,10,9,9,f,1
16314087,42830,117,42713,Australia,Entire home/apt,2.5,3,501,11,10,10,10,t,1
10284912,42830,599,42231,Australia,Private room,1,1,49,24,10,9,10,f,1
13903345,42829,667,42162,Australia,Private room,1,1,35,4,10,10,10,f,1
16862064,42829,590,42239,Australia,Private room,1,1,141,3,10,10,10,f,1
18009658,42829,1143,41686,Australia,Private room,1,1,64,0,,,,t,1
5029398,42829,982,41847,Australia,Private room,1,1,85,4,9,8,9,f,1
2795307,42829,1204,41625,Australia,Private room,1,1,80,12,10,10,9,f,1
15332117,42830,831,41999,Australia,Private room,1,2,50,9,10,10,10,f,1
15260661,42829,817,42012,Australia,Private room,1,1,55,1,10,10,10,t,1
1853179,42829,1254,41575,Australia,Private room,1,1,55,43,10,9,10,f,1
17627330,42830,219,42611,Australia,Entire home/apt,1,1,75,2,10,10,10,f,1
5086074,42829,808,42021,Australia,Entire home/apt,1,1,110,46,10,10,9,f,1
8278082,42828,573,42255,Australia,Entire home/apt,0,1,100,0,,,,f,1
17848401,42828,12,42816,Australia,Entire home/apt,1,2,121,0,,,,t,1
17545702,42829,41,42788,Australia,Entire home/apt,1,1,89,0,,,,t,1
257847,42830,1983,40847,Australia,Entire home/apt,2,3,200,4,9,10,10,f,1
9828161,42830,1879,40951,Australia,Entire home/apt,2,2,250,8,10,10,10,f,1
3471735,42829,1905,40924,Australia,Entire home/apt,2.5,3,210,2,10,10,10,f,1
14505995,42830,890,41940,Australia,Entire home/apt,1,1,50,4,10,10,10,f,1
8705622,42829,1240,41589,Australia,Entire home/apt,1.5,3,280,2,10,9,10,f,1
14129791,42829,256,42573,Australia,Entire home/apt,1,2,93,0,,,,f,1
14775409,42830,297,42533,Australia,Entire home/apt,5,1,191,1,10,10,10,f,1
11596728,42829,397,42432,Australia,Entire home/apt,1,1,150,0,,,,f,1
16639665,42830,218,42612,Australia,Shared room,1,1,100,2,10,10,10,f,1
11992162,42830,379,42451,Australia,Entire home/apt,2.5,3,110,0,,,,f,1
17944286,42829,184,42645,Australia,Entire home/apt,2.5,4,180,0,,,,t,1
17561885,42829,540,42289,Australia,Entire home/apt,1.5,3,200,4,9,10,10,f,1
15044811,42829,684,42145,Australia,Entire home/apt,1,2,125,9,10,9,10,f,1
5698067,42829,748,42081,Australia,Entire home/apt,1,1,349,0,,,,f,1
12099307,42829,405,42424,Australia,Entire home/apt,2,3,650,8,9,10,10,f,1
4514517,42829,1999,40830,Australia,Entire home/apt,1,2,200,0,,,,f,1
15889679,42829,846,41983,Australia,Entire home/apt,1,2,185,3,9,10,9,f,1
14549288,42828,280,42548,Australia,Entire home/apt,1,2,130,5,10,10,10,f,1
5243185,42828,874,41954,Australia,Entire home/apt,2,2,350,54,10,10,9,f,1
918844,42828,1521,41307,Australia,Private room,1,1,901,0,,,,f,1
16124115,42828,1561,41267,Australia,Private room,1,1,119,0,,,,f,1
10816627,42828,702,42126,Australia,Private room,1,1,60,16,9,10,10,f,1
7539029,42828,847,41981,Australia,Private room,1,3,110,7,10,10,9,f,1
2820832,42828,1117,41711,Australia,Entire home/apt,3,4,714,1,8,10,10,f,1
15272716,42828,1061,41767,Australia,Entire home/apt,1,2,138,36,9,10,9,f,1
10947414,42828,481,42347,Australia,Entire home/apt,2,3,750,2,10,10,9,f,1
14289784,42828,1449,41379,Australia,Entire home/apt,1,2,160,14,10,10,10,f,1
13699963,42828,282,42546,Australia,Entire home/apt,1,2,62,4,9,10,10,t,1
11013069,42828,426,42402,Australia,Private room,1,1,30,22,9,10,10,f,1
13962261,42828,265,42563,Australia,Entire home/apt,2,2,100,27,10,9,9,t,1
17501206,42828,33,42795,Australia,Private room,1,1,75,3,10,10,10,f,1
1125557,42828,1316,41512,Australia,Private room,1,1,155,16,9,10,9,t,1
10751354,42828,666,42162,Australia,Entire home/apt,2.5,3,110,3,9,9,10,f,1
16456718,42828,302,42526,Australia,Private room,1,1,80,3,8,9,9,t,1
14362106,42828,702,42126,Australia,Private room,1,1,85,1,2,8,6,f,1
9315846,42828,666,42162,Australia,Private room,1,1,42,29,10,10,10,f,1
14752847,42828,2007,40821,Australia,Entire home/apt,1,2,201,1,10,10,10,f,1
10497925,42828,449,42379,Australia,Entire home/apt,1,2,201,21,10,10,10,t,1
17707116,42828,1001,41827,Australia,Entire home/apt,1,1,149,0,,,,t,1
14556746,42828,1061,41767,Australia,Entire home/apt,1,1,94,31,10,10,10,f,1
15605479,42828,164,42664,Australia,Entire home/apt,1,2,155,6,10,10,10,f,1
15411686,42828,1623,41205,Australia,Entire home/apt,1,1,201,5,10,10,9,f,1
16984582,42828,517,42311,Australia,Entire home/apt,1,2,155,6,10,10,10,f,1
16326647,42828,113,42715,Australia,Private room,1,1,30,6,9,9,9,f,1
1124908,42828,1493,41335,Australia,Private room,1,1,85,7,9,9,9,f,1
3877598,42828,963,41865,Australia,Private room,1,1,68,59,10,10,10,f,1
15805187,42828,152,42676,Australia,Entire home/apt,1,1,241,2,10,10,10,f,1
6960449,42828,650,42178,Australia,Private room,1,1,48,0,,,,f,1
13196437,42828,313,42515,Australia,Private room,1,1,50,0,,,,f,1
5387039,42828,775,42053,Australia,Entire home/apt,1,2,201,5,9,9,8,f,1
9579603,42828,498,42330,Australia,Entire home/apt,2,2,240,1,10,10,10,f,1
17640607,42828,25,42803,Australia,Entire home/apt,1,0,170,2,10,10,10,t,1
14489836,42828,235,42593,Australia,Entire home/apt,1,1,170,16,10,10,10,f,1
5387081,42828,775,42053,Australia,Entire home/apt,1,1,73,32,10,9,10,f,1
14555396,42828,231,42597,Australia,Entire home/apt,1,1,139,3,10,10,9,f,1
860817,42828,1558,41270,Australia,Entire home/apt,1.5,2,389,47,9,10,9,f,1
17436516,42828,116,42712,Australia,Private room,1,1,121,0,,,,t,1
9244606,42828,517,42311,Australia,Private room,2,1,59,5,8,9,9,t,1
9907618,42828,1086,41742,Australia,Entire home/apt,2,3,160,49,10,10,10,t,1
14099469,42828,348,42480,Australia,Entire home/apt,2.5,3,499,5,8,10,10,f,1
9255850,42828,1500,41328,Australia,Entire home/apt,1,0,90,0,,,,f,1
2047067,42828,1825,41003,Australia,Private room,1,1,69,7,10,9,9,f,1
16860300,42828,2125,40703,Australia,Entire home/apt,1.5,1,110,1,10,10,10,f,1
2374839,42828,1561,41267,Australia,Private room,1,1,110,1,10,10,10,f,1
15458185,42828,174,42654,Australia,Entire home/apt,1,1,149,12,9,9,9,t,1
9846487,42828,1190,41638,Australia,Private room,1,1,240,1,10,10,8,f,1
5671564,42828,883,41945,Australia,Entire home/apt,2,2,475,2,10,10,10,f,1
16072579,42828,134,42694,Australia,Entire home/apt,1,2,190,14,9,10,10,f,1
6438798,42828,791,42037,Australia,Entire home/apt,2,2,300,0,,,,f,1
16072623,42828,810,42018,Australia,Entire home/apt,1,1,89,18,10,10,10,f,1
6439053,42828,686,42142,Australia,Entire home/apt,2,3,250,10,9,9,8,f,1
16859372,42828,74,42754,Australia,Entire home/apt,1,0,163,2,10,9,9,t,1
17643040,42828,60,42768,Australia,Private room,1,1,60,0,,,,f,1
6505984,42828,682,42146,Australia,Entire home/apt,2,2,400,0,,,,f,1
6633281,42828,1480,41348,Australia,Entire home/apt,1,2,201,47,10,10,9,f,1
10040803,42828,494,42334,Australia,Entire home/apt,1,1,140,25,10,10,10,t,1
8341532,42828,949,41879,Australia,Entire home/apt,1,1,239,8,10,10,9,f,1
3490714,42828,1364,41464,Australia,Private room,1,1,68,6,7,7,8,f,1
16204717,42828,1530,41298,Australia,Entire home/apt,1,1,121,1,8,8,10,f,1
7947225,42828,951,41877,Australia,Private room,3.5,1,236,0,,,,f,1
8274955,42828,2511,40317,Australia,Entire home/apt,1,2,220,7,10,10,9,f,1
8078382,42828,949,41879,Australia,Entire home/apt,1,1,288,6,10,9,9,f,1
11680167,42828,392,42436,Australia,Entire home/apt,1,2,140,30,10,10,10,f,1
8997080,42828,726,42102,Australia,Entire home/apt,1,1,107,38,10,10,10,f,1
870012,42828,1550,41278,Australia,Private room,1,1,60,20,9,9,10,f,1
13715183,42828,365,42463,Australia,Entire home/apt,1,2,100,35,9,10,10,f,1
14043443,42828,261,42567,Australia,Entire home/apt,1.5,3,135,1,,,,f,1
2705312,42828,1096,41732,Australia,Private room,1,1,79,40,10,9,10,t,1
5982199,42828,2535,40293,Australia,Entire home/apt,1,1,89,12,9,10,9,f,1
9718474,42828,490,42338,Australia,Private room,1,1,90,3,9,9,7,f,1
6174597,42828,707,42121,Australia,Private room,1,1,64,12,10,10,10,f,1
85331,42828,2199,40629,Australia,Private room,2,1,69,113,9,9,9,f,1
13915001,42828,269,42559,Australia,Entire home/apt,2,2,90,1,10,10,10,t,1
14044207,42828,261,42567,Australia,Private room,1.5,1,80,3,10,9,9,f,1
12209660,42828,857,41971,Australia,Entire home/apt,1,2,149,3,10,9,9,f,1
5459813,42828,768,42060,Australia,Private room,1,1,100,2,8,10,10,t,1
15535395,42828,1073,41755,Australia,Private room,1,1,55,6,10,8,10,f,1
14308147,42828,1176,41652,Australia,Entire home/apt,1,0,80,8,10,10,10,t,1
17388700,42828,874,41954,Australia,Entire home/apt,4,4,1000,0,,,,f,1
15488891,42828,1723,41105,Australia,Entire home/apt,2.5,3,650,2,6,10,8,t,1
17848216,42828,629,42199,Australia,Entire home/apt,2,2,176,0,,,,f,1
8411046,42828,1411,41417,Australia,Entire home/apt,1.5,3,201,1,,,,t,1
10704511,42828,440,42388,Australia,Entire home/apt,1,2,117,0,,,,f,1
15470077,42828,1239,41589,Australia,Entire home/apt,1.5,3,281,1,10,10,10,f,1
10443017,42828,451,42377,Australia,Entire home/apt,1,0,300,4,10,10,10,f,1
6838995,42828,1099,41729,Australia,Entire home/apt,3,3,229,15,9,10,10,f,1
11362854,42828,1430,41398,Australia,Entire home/apt,2,4,350,5,9,10,8,f,1
16276371,42828,135,42693,Australia,Entire home/apt,1.5,3,281,13,9,9,9,f,1
9333066,42828,1352,41476,Australia,Entire home/apt,2,3,260,2,10,10,9,f,1
17718322,42828,450,42378,Australia,Entire home/apt,1,0,90,3,10,10,10,f,1
16804314,42828,714,42114,Australia,Entire home/apt,1,2,180,3,10,9,9,f,1
7891514,42828,712,42116,Australia,Entire home/apt,1,2,100,2,6,10,9,f,1
225478,42829,42829,,Australia,Entire home/apt,2.5,3,499,7,10,10,9,f,1
9395407,42828,645,42183,Australia,Entire home/apt,1,1,100,6,10,9,9,f,1
15102258,42829,998,41831,Australia,Entire home/apt,1.5,2,160,6,,,,f,1
15756034,42828,949,41879,Australia,Private room,1,1,41,1,10,10,10,f,1
14510856,42828,233,42595,Australia,Entire home/apt,2,4,180,2,10,10,10,f,1
15665121,42828,161,42667,Australia,Entire home/apt,1,1,100,15,10,10,10,f,1
4942640,42828,828,42000,Australia,Entire home/apt,1,2,180,54,10,9,9,t,1
15364557,42829,42829,,Australia,Entire home/apt,1,2,281,2,9,9,9,f,1
7012405,42828,647,42181,Australia,Private room,1,1,60,25,10,9,9,f,1
16443202,42828,527,42301,Australia,Entire home/apt,1,0,94,18,10,10,10,t,1
16932446,42828,69,42759,Australia,Entire home/apt,3,5,800,5,10,10,10,f,1
4351402,42828,901,41927,Australia,Entire home/apt,2,2,130,1,10,10,10,f,1
5467489,42829,769,42060,Australia,Entire home/apt,1,2,111,125,10,10,10,t,1
11498492,42830,474,42356,Australia,Private room,0,1,70,0,,,,f,1
12742182,42829,568,42261,Australia,Entire home/apt,1,1,191,2,10,9,9,f,1
10774334,42828,1456,41372,Australia,Entire home/apt,1,1,210,21,10,10,9,f,1
15099857,42828,770,42058,Australia,Entire home/apt,1.5,2,94,1,6,10,10,f,1
15819029,42828,151,42677,Australia,Private room,1,1,41,7,9,9,9,f,1
16479578,42829,916,41913,Australia,Private room,2,2,55,9,10,10,10,t,1
16148444,42829,219,42610,Australia,Entire home/apt,2.5,4,901,0,,,,f,1
16151782,42829,771,42058,Australia,Private room,1.5,1,94,4,10,10,10,f,1
14874474,42830,215,42615,Australia,Entire home/apt,2.5,2,280,4,10,10,10,f,1
16640763,42829,89,42740,Australia,Entire home/apt,1,1,79,2,10,10,10,f,1
10058220,42829,499,42330,Australia,Entire home/apt,1,1,180,3,9,10,10,f,1
9032953,42829,531,42298,Australia,Entire home/apt,1,1,64,0,,,,f,1
15760149,42829,1028,41801,Australia,Private room,1,1,121,13,10,10,10,t,1
14472503,42829,237,42592,Australia,Entire home/apt,2,2,100,3,9,10,10,f,1
13007771,42829,584,42245,Australia,Private room,1.5,1,30,9,10,9,9,f,1
11720516,42829,1455,41374,Australia,Entire home/apt,3,3,240,0,,,,f,1
14014867,42829,322,42507,Australia,Entire home/apt,1,2,230,0,,,,f,1
14940685,42830,1644,41186,Australia,Entire home/apt,2,3,229,3,10,10,10,t,1
5364907,42829,875,41954,Australia,Entire home/apt,2,2,399,9,10,10,9,f,1
8117666,42829,589,42240,Australia,Entire home/apt,1,2,250,18,10,10,10,f,1
15916478,42829,145,42684,Australia,Entire home/apt,2.5,3,650,0,,,,t,1
2681223,42830,1256,41574,Australia,Entire home/apt,1,2,145,6,9,10,8,f,1
15040985,42829,349,42480,Australia,Private room,1,1,69,6,10,10,10,f,1
17531445,42829,33,42796,Australia,Entire home/apt,1,2,130,1,10,10,10,f,1
16967963,42829,69,42760,Australia,Entire home/apt,1.5,2,102,0,,,,t,1
4702361,42829,1604,41225,Australia,Entire home/apt,1,0,128,85,10,10,9,f,1
12813283,42829,1340,41489,Australia,Private room,1,1,75,5,10,10,9,f,1
4486913,42829,1241,41588,Australia,Entire home/apt,2,2,176,6,10,10,10,f,1
15762720,42829,386,42443,Australia,Entire home/apt,1,1,94,2,10,10,10,f,1
5473593,42829,1098,41731,Australia,Entire home/apt,1,1,100,18,10,10,10,f,1
1869390,42829,1251,41578,Australia,Entire home/apt,3,4,800,28,10,9,10,f,1
16418468,42829,2050,40779,Australia,Entire home/apt,1,1,115,10,10,10,10,f,1
13141828,42829,318,42511,Australia,Entire home/apt,3,3,200,2,10,9,9,t,1
10194061,42829,1357,41472,Australia,Entire home/apt,1,1,85,21,10,10,10,f,1
16354049,42829,112,42717,Australia,Entire home/apt,1,1,79,0,,,,f,1
10390197,42829,455,42374,Australia,Private room,1,1,150,0,,,,f,1
8294494,42829,1351,41478,Australia,Entire home/apt,1,0,160,15,10,10,9,f,1
9866725,42829,484,42345,Australia,Entire home/apt,1,1,100,0,,,,f,1
9605400,42829,1100,41729,Australia,Private room,1,1,55,12,10,10,10,f,1
11932510,42829,398,42431,Australia,Entire home/apt,1,2,110,0,,,,f,1
5214996,42829,935,41894,Australia,Entire home/apt,1,2,120,4,9,9,9,f,1
11834537,42829,847,41982,Australia,Entire home/apt,1,2,219,10,10,10,10,f,1
16914144,42829,1644,41185,Australia,Entire home/apt,2,4,260,0,,,,f,1
2071663,42829,1511,41318,Australia,Private room,2,1,60,0,,,,f,1
14523956,42829,233,42596,Australia,Entire home/apt,0,1,79,36,9,9,10,t,1
1941785,42829,1254,41575,Australia,Entire home/apt,3.5,4,850,3,10,10,10,f,1
12611317,42829,478,42351,Australia,Entire home/apt,1.5,3,300,0,,,,f,1
1165097,42829,2245,40584,Australia,Private room,1,1,75,1,8,8,6,f,1
9699249,42830,688,42142,Australia,Private room,1,1,275,0,,,,f,1
5241815,42830,799,42031,Australia,Private room,1,1,102,7,9,9,8,t,1
17561987,42830,529,42301,Australia,Entire home/apt,1,0,110,3,10,9,10,t,1
16249957,42830,121,42709,Australia,Entire home/apt,1,1,81,7,8,9,8,f,1
9686966,42830,494,42336,Australia,Entire home/apt,1,2,194,17,10,10,10,f,1
7326820,42830,688,42142,Australia,Private room,2,1,125,1,10,10,10,f,1
17625628,42830,971,41859,Australia,Entire home/apt,2,2,138,0,,,,f,1
5108735,42830,1554,41276,Australia,Entire home/apt,1,2,198,6,9,10,10,f,1
16772888,42830,1858,40972,Australia,Entire home/apt,1,2,99,0,,,,f,1
17557412,42830,591,42239,Australia,Private room,1,1,79,0,,,,f,1
9812975,42830,488,42342,Australia,Private room,1,1,120,8,9,10,10,f,1
17000527,42830,65,42765,Australia,Entire home/apt,1,2,70,8,10,9,10,t,1
17623187,42830,322,42508,Australia,Entire home/apt,1,2,349,0,,,,f,1
17293763,42829,905,41924,Australia,Private room,1.5,1,35,2,10,6,9,t,1
5623791,42829,757,42072,Australia,Entire home/apt,1,1,85,51,10,9,10,t,1
10811901,42829,436,42393,Australia,Entire home/apt,1,1,122,28,10,9,10,f,1
13884061,42829,291,42538,Australia,Entire home/apt,1,2,166,8,9,10,10,t,1
15652957,42829,911,41918,Australia,Entire home/apt,1,1,110,17,10,10,10,t,1
6870201,42829,658,42171,Australia,Private room,1,1,50,0,,,,f,1
14471394,42829,237,42592,Australia,Entire home/apt,1,3,120,0,,,,f,1
5951208,42829,1481,41348,Australia,Entire home/apt,1,2,150,21,9,10,9,f,1
9686594,42829,493,42336,Australia,Entire home/apt,1,2,233,25,10,10,9,f,1
10931760,42829,1124,41705,Australia,Private room,1,1,50,13,10,10,9,f,1
17606048,42829,28,42801,Australia,Entire home/apt,1,2,219,0,,,,t,1
13815576,42829,688,42141,Australia,Entire home/apt,1,1,145,5,9,10,10,t,1
5033329,42829,813,42016,Australia,Entire home/apt,1,3,145,16,10,10,10,f,1
6603644,42829,675,42154,Australia,Entire home/apt,2,2,255,8,10,10,9,f,1
4311513,42829,907,41922,Australia,Entire home/apt,2,2,250,0,,,,f,1
15845536,42829,187,42642,Australia,Entire home/apt,1,2,180,4,10,10,10,f,1
8177473,42829,588,42241,Australia,Entire home/apt,1,1,93,0,,,,f,1
13289145,42829,1014,41815,Australia,Entire home/apt,1,2,285,1,,,,t,1
4244939,42829,916,41913,Australia,Private room,1,1,150,21,9,10,10,t,1
4048286,42829,945,41884,Australia,Entire home/apt,1,1,141,11,10,10,9,f,1
9553298,42829,1136,41693,Australia,Entire home/apt,1,0,150,15,10,10,9,f,1
17285534,42829,556,42273,Australia,Entire home/apt,2,3,300,0,,,,t,1
17679264,42829,905,41924,Australia,Private room,1.5,1,45,1,10,10,10,t,1
245993,42829,1999,40830,Australia,Private room,1,1,141,0,,,,f,1
14205053,42829,252,42577,Australia,Private room,1,1,70,17,10,10,10,f,1
5619581,42829,756,42073,Australia,Entire home/apt,1,2,169,41,10,10,9,f,1
16105006,42829,603,42226,Australia,Private room,1,1,67,2,10,10,10,f,1
245955,42829,1999,40830,Australia,Entire home/apt,1,1,200,4,10,9,10,f,1
6485196,42829,1357,41472,Australia,Entire home/apt,1,2,250,6,8,10,9,f,1
9812708,42829,487,42342,Australia,Entire home/apt,1,2,300,2,9,10,9,f,1
2603082,42829,1111,41718,Australia,Entire home/apt,1,2,80,1,10,10,10,f,1
3259195,42829,1045,41784,Australia,Private room,1,1,78,2,10,10,10,f,1
17741841,42829,38,42791,Australia,Entire home/apt,3,3,501,0,,,,f,1
9418747,42829,509,42320,Australia,Entire home/apt,1,2,169,1,10,10,10,f,1
16102896,42829,632,42197,Australia,Entire home/apt,1,0,145,10,10,10,10,t,1
701670,42829,1659,41170,Australia,Entire home/apt,1,1,95,128,10,10,10,f,1
6468861,42829,728,42101,Australia,Entire home/apt,1,1,181,30,9,10,9,f,1
8828141,42829,542,42287,Australia,Private room,1,1,70,0,,,,f,1
17348432,42829,44,42785,Australia,Entire home/apt,3.5,5,700,3,10,10,10,t,1
12695308,42829,343,42486,Australia,Private room,0.5,1,200,0,,,,f,1
16758383,42829,699,42130,Australia,Private room,1.5,1,100,0,,,,t,1
9614930,42829,498,42331,Australia,Entire home/apt,2,2,168,2,8,8,8,f,1
16429500,42829,170,42659,Australia,Entire home/apt,1,2,246,5,10,10,10,f,1
16233696,42829,509,42320,Australia,Entire home/apt,1.5,3,300,0,,,,t,1
12044261,42829,1057,41772,Australia,Entire home/apt,1,0,110,29,10,10,10,f,1
15381268,42829,721,42108,Australia,Entire home/apt,2,2,200,5,8,10,8,f,1
16429527,42829,107,42722,Australia,Entire home/apt,3,4,600,0,,,,f,1
13222694,42829,902,41927,Australia,Entire home/apt,1,1,105,22,10,10,10,f,1
16100024,42829,576,42253,Australia,Entire home/apt,4,4,501,0,,,,f,1
5087904,42829,813,42016,Australia,Entire home/apt,1,3,145,14,10,10,10,f,1
11870846,42829,480,42349,Australia,Entire home/apt,2,2,200,0,,,,f,1
17408603,42829,828,42001,Australia,Entire home/apt,2,3,297,0,,,,t,1
9282044,42829,1262,41567,Australia,Entire home/apt,2,4,280,0,,,,f,1
16196891,42829,738,42091,Australia,Private room,1,1,120,1,10,10,8,f,1
17342670,42829,1364,41465,Australia,Entire home/apt,2,1,187,0,,,,t,1
17210650,42829,53,42776,Australia,Private room,1,1,85,6,10,9,9,f,1
8089456,42829,586,42243,Australia,Private room,1,1,125,9,10,9,9,f,1
14721092,42829,1596,41233,Australia,Entire home/apt,2.5,4,501,1,,,,f,1
7905207,42829,917,41912,Australia,Entire home/apt,1,1,120,5,10,9,8,f,1
9740160,42829,532,42297,Australia,Entire home/apt,1,2,120,1,8,10,10,f,1
15572551,42829,644,42185,Australia,Private room,1,1,85,0,,,,f,1
17406190,42829,313,42516,Australia,Entire home/apt,1,2,156,2,10,10,10,f,1
16619621,42829,111,42718,Australia,Entire home/apt,2,2,480,1,10,10,10,f,1
2094037,42829,1204,41625,Australia,Private room,1,1,89,0,,,,f,1
16617706,42829,91,42738,Australia,Entire home/apt,2,4,300,1,10,10,10,f,1
16029413,42829,137,42692,Australia,Entire home/apt,1,3,191,3,10,10,10,f,1
16223696,42829,1139,41690,Australia,Private room,1,1,78,5,10,10,10,t,1
14253516,42829,249,42580,Australia,Entire home/apt,2,3,201,1,,,,f,1
12714903,42829,572,42257,Australia,Entire home/apt,1,2,250,7,10,10,10,f,1
15471775,42829,174,42655,Australia,Entire home/apt,1.5,3,281,0,,,,f,1
13702233,42829,838,41991,Australia,Entire home/apt,1,2,242,17,10,10,10,f,1
16549021,42829,96,42733,Australia,Entire home/apt,2,3,330,8,10,10,10,f,1
4025310,42828,944,41884,Australia,Entire home/apt,1,3,395,56,10,10,9,f,1
11559572,42828,402,42426,Australia,Entire home/apt,2,3,250,1,10,10,10,f,1
15874725,42828,147,42681,Australia,Entire home/apt,1,2,149,0,,,,t,1
1138483,42828,1429,41399,Australia,Entire home/apt,1,1,110,146,10,10,10,t,1
7887439,42828,614,42214,Australia,Private room,2,1,160,2,,,,f,1
16666362,42828,1005,41823,Australia,Entire home/apt,1,0,90,6,10,10,9,f,1
5329076,42828,782,42046,Australia,Private room,1,1,75,1,10,10,10,f,1
16404644,42828,1460,41368,Australia,Entire home/apt,1,1,180,0,,,,f,1
4476987,42828,884,41944,Australia,Entire home/apt,1,1,250,12,10,10,10,f,1
2838442,42828,1142,41686,Australia,Private room,1,1,60,22,10,10,10,f,1
5196131,42828,934,41894,Australia,Entire home/apt,1,0,89,72,10,10,9,f,1
9064795,42828,528,42300,Australia,Entire home/apt,1,2,159,2,10,9,10,t,1
16532480,42828,97,42731,Australia,Entire home/apt,2.5,4,225,0,,,,t,1
17778218,42828,16,42812,Australia,Private room,1,1,149,0,,,,t,1
16834006,42828,180,42648,Australia,Entire home/apt,2,3,391,0,,,,t,1
10559437,42828,446,42382,Australia,Entire home/apt,1,1,110,24,9,10,10,f,1
9576631,42828,508,42320,Australia,Private room,1,1,75,0,,,,f,1
16260343,42828,184,42644,Australia,Private room,1,1,50,4,10,10,10,f,1
14489868,42828,1945,40883,Australia,Entire home/apt,1,1,201,6,10,9,9,f,1
8553437,42828,1548,41280,Australia,Private room,1,1,60,2,8,9,8,t,1
16521006,42828,1076,41752,Australia,Entire home/apt,1,1,149,2,10,10,10,t,1
17829635,42828,13,42815,Australia,Private room,1,1,45,0,,,,t,1
15696038,42828,320,42508,Australia,Entire home/apt,1,2,355,2,9,10,9,t,1
9241437,42828,605,42223,Australia,Private room,1,1,85,102,9,10,9,f,1
15270389,42828,616,42212,Australia,Entire home/apt,1,1,153,5,10,9,10,t,1
13566090,42828,290,42538,Australia,Private room,1,1,105,27,10,10,10,t,1
10522700,42829,470,42359,Australia,Private room,1,1,50,19,9,10,9,t,1
8230853,42829,590,42239,Australia,Private room,1,1,68,6,9,8,8,f,1
16019311,42830,139,42691,Australia,Private room,1,1,120,0,,,,t,1
12092818,42829,1128,41701,Australia,Private room,1,1,78,9,10,10,10,f,1
16315546,42830,754,42076,Australia,Private room,1,1,35,3,8,9,8,f,1
16901673,42830,76,42754,Australia,Private room,1.5,1,79,6,10,10,9,t,1
9827207,42829,486,42343,Australia,Private room,1,1,55,27,8,9,9,f,1
1372558,42830,1363,41467,Australia,Private room,1,1,79,95,10,10,10,f,1
15138283,42830,327,42503,Australia,Private room,1,1,54,3,10,9,9,f,1
15043889,42829,450,42379,Australia,Private room,1,1,58,3,10,9,10,f,1
10506222,42829,814,42015,Australia,Private room,1,1,50,1,10,10,10,f,1
10571527,42829,1288,41541,Australia,Private room,1,1,64,0,,,,f,1
10127692,42829,469,42360,Australia,Private room,2,1,70,2,6,8,7,f,1
11799348,42828,494,42334,Australia,Private room,2.5,1,100,0,,,,t,1
1106059,42829,1441,41388,Australia,Private room,1,1,127,10,10,9,10,f,1
652063,42830,1693,41137,Australia,Private room,1,1,43,229,9,9,9,t,1
17550424,42829,84,42745,Australia,Private room,1,1,80,7,10,10,10,f,1
16511579,42830,1265,41565,Australia,Entire home/apt,2,2,135,9,9,10,10,t,1
16184081,42830,1054,41776,Australia,Entire home/apt,1,2,194,0,,,,f,1
17779434,42829,2079,40750,Australia,Entire home/apt,2,3,85,1,10,10,10,t,1
16183847,42829,1053,41776,Australia,Entire home/apt,1,2,194,4,9,9,8,f,1
13300524,42829,334,42495,Australia,Entire home/apt,1.5,3,250,0,,,,f,1
16233174,42829,409,42420,Australia,Entire home/apt,1,1,114,5,10,10,10,f,1
8955421,42829,1193,41636,Australia,Private room,2,1,70,104,10,10,10,t,1
4112392,42829,933,41896,Australia,Entire home/apt,2,2,180,17,9,9,8,t,1
15758637,42830,159,42671,Australia,Entire home/apt,2.5,2,240,0,,,,t,1
11324230,42829,1155,41674,Australia,Entire home/apt,2,5,240,0,,,,t,1
6328156,42829,1066,41763,Australia,Private room,1,1,64,128,8,9,9,f,1
16195313,42829,1053,41776,Australia,Entire home/apt,1,2,194,1,10,10,10,f,1
13631182,42830,1181,41649,Australia,Entire home/apt,1,1,95,1,6,6,6,f,1
14607383,42829,1402,41427,Australia,Entire home/apt,1,1,80,5,10,9,9,f,1
10341531,42830,1344,41486,Australia,Entire home/apt,2.5,2,142,5,10,9,10,f,1
7195732,42829,1053,41776,Australia,Entire home/apt,1,3,296,7,8,8,7,f,1
17613841,42829,27,42802,Australia,Entire home/apt,2.5,3,200,3,9,9,9,f,1
11376819,42829,1126,41703,Australia,Entire home/apt,1,1,120,43,10,10,10,f,1
16887870,42829,555,42274,Australia,Entire home/apt,1,2,160,0,,,,f,1
17164531,42830,63,42767,Australia,Entire home/apt,1,2,120,0,,,,t,1
16183249,42830,1054,41776,Australia,Entire home/apt,1,2,194,1,6,8,4,f,1
13999472,42829,1441,41388,Australia,Shared room,1,1,32,0,,,,f,1
11070617,42829,933,41896,Australia,Entire home/apt,2,2,200,4,10,10,10,t,1
824383,42829,1582,41247,Australia,Entire home/apt,2,3,250,123,10,9,10,f,1
11703585,42829,589,42240,Australia,Entire home/apt,1,1,91,14,10,10,10,f,1
15889227,42830,1604,41226,Australia,Private room,1,1,70,10,10,9,10,f,1
12954762,42829,330,42499,Australia,Private room,1,1,53,144,10,9,10,t,1
9947809,42829,657,42172,Australia,Entire home/apt,1,2,166,6,10,10,9,f,1
17272646,42829,275,42554,Australia,Private room,1,1,53,3,10,10,9,f,1
15711600,42830,922,41908,Australia,Entire home/apt,1,1,130,22,10,10,10,f,1
12906796,42829,332,42497,Australia,Private room,2,2,79,102,10,10,10,t,1
12905057,42830,335,42495,Australia,Entire home/apt,1,2,269,0,,,,f,1
11949843,42830,381,42449,Australia,Private room,0.5,1,39,1,10,10,10,f,1
842766,42829,1582,41247,Australia,Entire home/apt,3,6,501,9,10,9,10,f,1
2035858,42829,1275,41554,Australia,Entire home/apt,1,2,179,34,9,9,9,f,1
9082051,42829,1357,41472,Australia,Entire home/apt,2,3,551,11,10,10,10,f,1
10024489,42830,1164,41666,Australia,Entire home/apt,1,0,70,1,8,8,8,f,1
16901936,42830,631,42199,Australia,Entire home/apt,1,2,116,1,10,6,10,t,1
17031539,42829,62,42767,Australia,Private room,1,1,95,0,,,,t,1
11663236,42830,1050,41780,Australia,Private room,1,1,64,1,10,10,10,f,1
17467122,42829,36,42793,Australia,Entire home/apt,1,1,101,0,,,,t,1
17671719,42829,92,42737,Australia,Entire home/apt,2,2,198,6,10,10,9,f,1
10414152,42830,455,42375,Australia,Private room,1,1,50,0,,,,f,1
17687984,42829,22,42807,Australia,Entire home/apt,1,1,80,0,,,,t,1
14446609,42830,1727,41103,Australia,Entire home/apt,1,2,179,39,10,10,9,t,1
15346001,42828,629,42199,Australia,Entire home/apt,1,2,145,38,9,9,9,t,1
6068616,42829,716,42113,Australia,Entire home/apt,4,4,795,7,9,10,9,f,1
15133607,42830,1727,41103,Australia,Entire home/apt,2,2,189,7,10,10,10,f,1
14920264,42829,1085,41744,Australia,Private room,1,1,60,8,9,9,9,f,1
11719917,42829,417,42412,Australia,Entire home/apt,1.5,2,200,27,9,10,10,f,1
14349690,42829,1333,41496,Australia,Private room,2,1,125,0,,,,f,1
15411722,42829,179,42650,Australia,Private room,1,1,50,2,9,10,9,f,1
8615061,42830,668,42162,Australia,Entire home/apt,2.5,3,355,0,,,,f,1
17809876,42829,15,42814,Australia,Entire home/apt,1,2,160,0,,,,f,1
6562229,42829,678,42151,Australia,Entire home/apt,1,1,116,93,10,9,10,f,1
16165448,42829,627,42202,Australia,Entire home/apt,1,2,275,0,,,,f,1
16221604,42829,1827,41002,Australia,Entire home/apt,1,2,150,0,,,,f,1
15794192,42828,299,42529,Australia,Private room,1,1,77,37,10,10,10,f,1
14156092,42828,253,42575,Australia,Shared room,1,1,25,1,,,,f,1
5308736,42828,784,42044,Australia,Private room,2,1,55,34,10,9,10,f,1
17893284,42828,14,42814,Australia,Private room,1.5,1,39,0,,,,t,1
13436669,42828,1440,41388,Australia,Private room,1,1,48,1,10,10,6,f,1
13437109,42828,298,42530,Australia,Private room,1,1,25,0,,,,f,1
16780527,42828,220,42608,Australia,Private room,3,2,90,0,,,,f,1
11931851,42828,379,42449,Australia,Private room,1,1,59,28,10,10,10,f,1
2035951,42828,1215,41613,Australia,Entire home/apt,2,4,281,72,9,9,9,f,1
17575455,42828,547,42281,Australia,Private room,1,1,55,6,10,9,10,f,1
2503577,42828,1125,41703,Australia,Entire home/apt,1,1,125,172,10,9,10,f,1
17947057,42828,839,41989,Australia,Private room,1,1,75,0,,,,t,1
13701565,42828,1429,41399,Australia,Private room,2,1,140,0,,,,f,1
17968801,42828,537,42291,Australia,Private room,1,1,45,0,,,,t,1
17783557,42828,70,42758,Australia,Private room,2,1,52,0,,,,t,1
8327732,42828,1247,41581,Australia,Private room,2,1,69,35,9,9,10,f,1
17374255,42828,293,42535,Australia,Entire home/apt,1,1,100,0,,,,t,1
9313355,42828,1507,41321,Australia,Entire home/apt,1,3,350,23,10,9,9,f,1
8721153,42828,547,42281,Australia,Private room,0,1,66,8,8,9,9,f,1
15539333,42828,553,42275,Australia,Private room,1,1,75,10,10,10,10,f,1
9187163,42828,521,42307,Australia,Private room,2,1,66,10,7,9,9,f,1
17898710,42828,386,42442,Australia,Entire home/apt,1.5,3,400,0,,,,f,1
12784509,42828,445,42383,Australia,Private room,1,1,55,1,8,8,8,f,1
3284239,42828,1081,41747,Australia,Private room,1,1,121,33,10,10,10,f,1
5051321,42828,853,41975,Australia,Private room,1,1,100,0,,,,f,1
17706977,42828,20,42808,Australia,Entire home/apt,1.5,3,364,1,10,10,10,f,1
14750788,42828,1411,41417,Australia,Private room,1,1,100,11,10,9,10,f,1
13702313,42828,380,42448,Australia,Private room,1,1,52,44,10,10,10,f,1
16397454,42828,220,42608,Australia,Entire home/apt,2,2,320,5,10,10,10,f,1
9578622,42828,727,42101,Australia,Private room,1,1,60,4,10,8,9,f,1
10302621,42828,457,42371,Australia,Entire home/apt,1,2,195,47,10,10,10,f,1
10301601,42828,1156,41672,Australia,Private room,1,1,52,24,10,9,10,f,1
12653985,42828,738,42090,Australia,Entire home/apt,3,5,350,23,8,9,9,f,1
12464366,42828,352,42476,Australia,Private room,2,1,85,0,,,,f,1
10236156,42828,558,42270,Australia,Private room,0,1,41,1,10,10,10,t,1
16199968,42828,1440,41388,Australia,Entire home/apt,1,2,288,0,,,,f,1
17685135,42828,140,42688,Australia,Private room,1.5,1,60,0,,,,t,1
4663713,42828,1072,41756,Australia,Entire home/apt,1,1,100,7,9,9,9,t,1
14554664,42828,460,42368,Australia,Entire home/apt,2,2,100,46,8,10,9,f,1
5253652,42828,974,41854,Australia,Private room,1,1,89,23,10,9,10,f,1
13180972,42828,573,42255,Australia,Private room,1,1,75,4,9,9,9,f,1
16986602,42828,425,42403,Australia,Entire home/apt,1,2,100,3,10,10,10,f,1
14889488,42828,493,42335,Australia,Entire home/apt,1,2,115,3,9,7,9,f,1
7282861,42828,1274,41554,Australia,Entire home/apt,2,3,368,14,9,9,10,f,1
16914300,42828,70,42758,Australia,Private room,2,2,56,1,10,10,10,f,1
6828592,42828,975,41853,Australia,Entire home/apt,1,1,90,128,10,9,10,f,1
15282787,42828,557,42271,Australia,Entire home/apt,1,2,201,16,10,9,9,t,1
7280633,42828,633,42195,Australia,Entire home/apt,1,2,89,0,,,,t,1
17766451,42828,37,42791,Australia,Entire home/apt,1.5,2,149,0,,,,t,1
17179227,42828,59,42769,Australia,Entire home/apt,1,2,176,7,5,9,8,t,1
12399428,42828,780,42048,Australia,Private room,1,1,201,16,10,9,9,f,1
8526065,42828,558,42270,Australia,Private room,0,1,35,3,6,9,7,t,1
17968473,42828,294,42534,Australia,Private room,1,1,98,0,,,,t,1
17703795,42828,1149,41679,Australia,Private room,1,1,85,0,,,,t,1
8007038,42828,589,42239,Australia,Private room,1,1,66,30,8,9,9,f,1
13031852,42828,324,42504,Australia,Private room,1,1,60,27,9,9,9,f,1
11742609,42828,2168,40660,Australia,Shared room,1,1,51,70,10,10,10,f,1
8619097,42828,552,42276,Australia,Entire home/apt,2.5,4,780,0,,,,f,1
8074169,42828,781,42047,Australia,Entire home/apt,1,2,199,3,6,9,7,f,1
10367930,42828,455,42373,Australia,Private room,3,1,195,0,,,,f,1
16196651,42828,1052,41776,Australia,Entire home/apt,1,2,195,2,6,9,6,f,1
17500685,42828,135,42693,Australia,Private room,1,1,110,0,,,,f,1
16137467,42828,127,42701,Australia,Private room,1,1,79,1,10,10,10,f,1
13647608,42828,1147,41681,Australia,Shared room,1,1,35,3,6,10,8,f,1
5652283,42828,752,42076,Australia,Private room,1,1,35,15,9,9,9,f,1
15502034,42828,2247,40581,Australia,Private room,1,1,59,3,10,10,10,f,1
17580293,42828,1514,41314,Australia,Private room,2,1,45,0,,,,f,1
15811084,42828,256,42572,Australia,Private room,1,1,80,0,,,,f,1
17712729,42828,651,42177,Australia,Entire home/apt,1,1,149,0,,,,t,1
11155054,42828,483,42345,Australia,Private room,1,1,60,26,10,9,10,f,1
7550669,42828,775,42053,Australia,Entire home/apt,1,2,330,41,9,9,9,t,1
13580026,42828,1591,41237,Australia,Private room,1,1,47,17,10,10,10,f,1
16335647,42828,113,42715,Australia,Entire home/apt,1,3,165,3,9,10,10,f,1
14474888,42828,1498,41330,Australia,Private room,3,3,75,1,10,10,10,f,1
16167929,42828,536,42292,Australia,Private room,1,1,59,1,10,10,10,f,1
14891151,42828,1513,41315,Australia,Private room,1,1,45,8,10,10,10,f,1
887180,42828,1581,41247,Australia,Entire home/apt,1,3,250,30,10,9,10,f,1
12990834,42828,327,42501,Australia,Private room,1.5,1,121,0,,,,f,1
15874487,42828,256,42572,Australia,Private room,1,1,80,0,,,,f,1
9976248,42828,477,42351,Australia,Entire home/apt,2.5,3,281,0,,,,f,1
16729173,42828,1951,40877,Australia,Entire home/apt,2,1,178,0,,,,f,1
7620738,42828,781,42047,Australia,Entire home/apt,2,3,370,3,9,8,9,f,1
16419903,42828,217,42611,Australia,Entire home/apt,2,3,166,1,10,6,10,t,1
16795458,42828,78,42750,Australia,Private room,3,,50,0,,,,f,1
8275848,42828,618,42210,Australia,Entire home/apt,1,1,125,12,9,10,10,f,1
15682168,42828,178,42650,Australia,Private room,1,1,41,0,,,,f,1
16796930,42828,78,42750,Australia,Private room,4,4,80,0,,,,f,1
13848078,42828,475,42353,Australia,Entire home/apt,1,1,125,43,10,10,10,f,1
5655272,42828,1564,41264,Australia,Private room,1.5,1,85,0,,,,f,1
9849696,42828,483,42345,Australia,Private room,1,1,69,4,10,8,9,f,1
10505270,42828,459,42369,Australia,Private room,1,1,98,0,,,,f,1
15551551,42828,2247,40581,Australia,Entire home/apt,1,2,100,2,8,,,f,1
16208350,42828,1052,41776,Australia,Entire home/apt,1,2,195,0,,,,f,1
10374849,42828,454,42374,Australia,Private room,1,1,66,2,10,10,9,f,1
15880520,42828,452,42376,Australia,Entire home/apt,2,2,149,18,10,10,10,t,1
15946142,42828,141,42687,Australia,Private room,1,1,60,0,,,,f,1
16208544,42828,755,42073,Australia,Entire home/apt,2,2,170,5,10,9,10,f,1
16208587,42828,1052,41776,Australia,Entire home/apt,1,2,195,0,,,,f,1
17323390,42828,1815,41013,Australia,Entire home/apt,1,2,135,0,,,,f,1
5264894,42828,788,42040,Australia,Private room,2,1,50,63,8,9,9,t,1
17913375,42828,8,42820,Australia,Private room,1,1,45,0,,,,t,1
9983974,42828,476,42352,Australia,Private room,2,1,149,0,,,,f,1
17979204,42828,1027,41801,Australia,Private room,1,1,69,0,,,,f,1
15029113,42828,230,42598,Australia,Shared room,2,1,60,25,8,10,9,f,1
16667598,42828,523,42305,Australia,Shared room,1,1,41,7,9,9,9,f,1
12409008,42828,1372,41456,Australia,Private room,1,1,42,0,,,,f,1
16197494,42828,1052,41776,Australia,Entire home/apt,1,2,195,1,10,8,8,f,1
17817343,42828,24,42804,Australia,Entire home/apt,1,2,149,0,,,,f,1
15496428,42829,542,42287,Australia,Private room,1,1,34,2,8,8,8,f,1
9884347,42828,761,42067,Australia,Private room,1,1,47,18,9,9,10,t,1
12740757,42828,764,42064,Australia,Private room,1,1,66,8,10,9,10,f,1
16936791,42829,42829,,Australia,Private room,1,1,168,5,10,8,8,f,1
14705149,42828,1951,40877,Australia,Entire home/apt,1,1,159,3,10,10,10,f,1
9265665,42828,1541,41287,Australia,Private room,1,1,56,34,10,10,10,f,1
17197327,42828,1165,41663,Australia,Private room,1,1,41,4,9,9,10,f,1
11954620,42828,391,42437,Australia,Entire home/apt,1,2,149,21,10,10,10,t,1
13398097,42829,927,41902,Australia,Private room,2,1,80,3,10,10,10,f,1
16289925,42828,752,42076,Australia,Private room,1,1,42,2,9,10,10,f,1
6708403,42828,2031,40797,Australia,Private room,1,1,85,0,,,,f,1
17718555,42828,765,42063,Australia,Private room,1,1,66,0,,,,f,1
14379813,42828,1498,41330,Australia,Entire home/apt,3,3,160,1,10,8,8,f,1
8021117,42828,665,42163,Australia,Private room,1,1,80,0,,,,f,1
4809862,42828,1081,41747,Australia,Entire home/apt,2,1,201,4,9,10,10,f,1
5716844,42828,2043,40785,Australia,Private room,2,1,107,16,10,10,10,f,1
16147658,42828,127,42701,Australia,Entire home/apt,1,1,140,0,,,,t,1
15102414,42829,753,42076,Australia,Private room,1,1,42,6,9,8,7,f,1
10642989,42828,826,42002,Australia,Private room,1,1,79,0,,,,f,1
13033321,42828,554,42274,Australia,Entire home/apt,2,2,100,1,10,10,10,f,1
13657466,42828,533,42295,Australia,Entire home/apt,1,2,140,23,10,10,10,t,1
14704422,42828,1951,40877,Australia,Entire home/apt,1,1,138,1,10,10,10,f,1
14183537,42829,253,42576,Australia,Entire home/apt,1.5,2,80,4,7,10,9,t,1
7824999,42828,601,42227,Australia,Private room,1,1,56,70,9,9,10,f,1
15208436,42828,1532,41296,Australia,Private room,1,1,45,10,9,10,9,f,1
15363497,42829,181,42648,Australia,Private room,1,1,75,16,10,10,9,f,1
17784974,42828,1082,41746,Australia,Shared room,1,1,31,5,9,10,10,f,1
12074270,42829,372,42457,Australia,Private room,1,1,59,39,10,10,10,f,1
13592600,42828,335,42493,Australia,Private room,1,1,56,3,10,10,10,f,1
17594355,42829,490,42339,Australia,Entire home/apt,1,1,92,1,,,,f,1
6344484,42829,1508,41321,Australia,Private room,1,1,120,1,10,8,10,f,1
16480541,42829,103,42726,Australia,Private room,1,1,50,1,,,,t,1
14237420,42829,534,42295,Australia,Entire home/apt,1,2,140,16,10,9,10,t,1
7469145,42830,765,42065,Australia,Entire home/apt,2,2,150,1,8,10,10,f,1
8616529,42829,667,42162,Australia,Private room,1,1,94,58,9,9,9,t,1
16218740,42829,1952,40877,Australia,Entire home/apt,1,2,180,2,8,8,6,f,1
16677604,42829,120,42709,Australia,Private room,0.5,1,30,0,,,,f,1
6616025,42830,1442,41388,Australia,Private room,1,1,188,0,,,,f,1
8544848,42829,890,41939,Australia,Private room,1,1,60,24,10,10,10,f,1
17487586,42829,797,42032,Australia,Private room,1,1,50,0,,,,f,1
10058741,42829,2032,40797,Australia,Private room,1,1,100,0,,,,f,1
17333266,42829,53,42776,Australia,Private room,1,1,75,10,9,10,10,t,1
14908679,42829,1952,40877,Australia,Private room,1,1,138,0,,,,f,1
15318034,42830,185,42645,Australia,Private room,1,1,138,0,,,,t,1
7268930,42829,634,42195,Australia,Entire home/apt,1,2,149,41,10,10,9,f,1
9993680,42829,482,42347,Australia,Entire home/apt,2,2,80,0,,,,f,1
2172424,42829,1275,41554,Australia,Entire home/apt,1,3,689,0,,,,f,1
10214419,42829,652,42177,Australia,Entire home/apt,1,2,159,16,9,9,9,f,1
16440386,42829,106,42723,Australia,Entire home/apt,1,1,120,1,10,10,10,t,1
13688052,42829,455,42374,Australia,Private room,1,1,54,27,10,10,10,f,1
15302639,42829,379,42450,Australia,Private room,1,1,50,6,10,10,10,f,1
2654172,42829,1126,41703,Australia,Entire home/apt,1,1,121,204,10,9,10,f,1
8314314,42829,590,42239,Australia,Entire home/apt,2,3,180,20,7,8,8,f,1
15696139,42829,187,42642,Australia,Private room,1,1,69,11,10,10,10,t,1
1105656,42829,2012,40817,Australia,Entire home/apt,1,2,95,95,10,9,10,f,1
14008804,42829,461,42368,Australia,Private room,2,2,55,12,10,10,9,f,1
9798143,42829,652,42177,Australia,Entire home/apt,1,3,149,49,9,9,9,t,1
16548520,42829,96,42733,Australia,Private room,1,1,50,2,10,9,10,f,1
16291291,42829,117,42712,Australia,Private room,1,1,90,5,10,10,10,t,1
17738127,42830,477,42353,Australia,Entire home/apt,1.5,2,120,0,,,,t,1
15693718,42829,42829,,Australia,Shared room,1,1,75,8,10,9,9,t,1
16086965,42829,381,42448,Australia,Private room,1,1,55,1,10,8,10,f,1
6718230,42829,667,42162,Australia,Private room,1,1,120,58,9,9,9,t,1
17465613,42829,423,42406,Australia,Private room,1,1,34,4,10,9,10,f,1
11699265,42829,448,42381,Australia,Private room,1,1,39,1,,,,t,1
15959248,42829,141,42688,Australia,Private room,1.5,1,70,0,,,,t,1
17271153,42829,423,42406,Australia,Private room,1.5,1,32,2,10,9,10,f,1
15501813,42829,172,42657,Australia,Entire home/apt,3,3,501,16,10,9,10,f,1
1477777,42829,1582,41247,Australia,Entire home/apt,1,2,160,59,9,9,9,f,1
16564691,42829,98,42731,Australia,Entire home/apt,1,2,180,0,,,,f,1
2657522,42829,1113,41716,Australia,Private room,2,1,74,79,10,10,10,f,1
10195324,42829,954,41875,Australia,Entire home/apt,1,1,88,1,10,10,10,f,1
17011085,42829,426,42403,Australia,Private room,1,1,45,4,10,10,10,f,1
16323298,42829,451,42378,Australia,Entire home/apt,1,0,120,3,9,9,9,t,1
9049551,42829,897,41932,Australia,Private room,1,1,70,1,10,10,10,f,1
5937215,42829,1520,41309,Australia,Entire home/apt,3.5,4,395,2,10,8,8,f,1
15833043,42829,1023,41806,Australia,Private room,1,1,55,21,10,9,10,f,1
13821303,42829,275,42554,Australia,Private room,1,1,42,11,10,9,10,f,1
5151871,42829,801,42028,Australia,Private room,1,1,80,0,,,,f,1
17669481,42829,24,42805,Australia,Entire home/apt,1,1,100,6,9,10,10,t,1
17800635,42829,38,42791,Australia,Private room,1.5,1,75,0,,,,t,1
9739836,42829,667,42162,Australia,Entire home/apt,2.5,3,380,2,7,8,8,t,1
16759011,42829,81,42748,Australia,Private room,1,1,100,0,,,,f,1
4041716,42829,942,41887,Australia,Entire home/apt,1,2,75,1,10,10,10,f,1
6355034,42830,695,42135,Australia,Entire home/apt,1,1,100,1,10,10,10,f,1
15793550,42830,173,42657,Australia,Entire home/apt,3,4,501,17,10,10,9,f,1
12843124,42830,944,41886,Australia,Private room,1,1,66,0,,,,f,1
17429589,42830,1054,41776,Australia,Entire home/apt,3,3,275,1,10,10,10,f,1
9991050,42830,1446,41384,Australia,Private room,1,1,120,2,10,10,10,f,1
14807587,42830,335,42495,Australia,Entire home/apt,1,2,250,0,,,,f,1
17481114,42830,416,42414,Australia,Private room,1,1,50,1,10,10,10,f,1
15789896,42830,382,42448,Australia,Private room,1,1,55,0,,,,f,1
16183061,42830,597,42233,Australia,Private room,1,1,75,0,,,,f,1
16247711,42830,854,41976,Australia,Entire home/apt,4,4,800,10,10,10,10,t,1
17492570,42830,898,41932,Australia,Private room,1,1,70,0,,,,f,1
10087759,42830,665,42165,Australia,Private room,1,1,91,0,,,,f,1
3337502,42830,1024,41806,Australia,Private room,1,1,80,6,9,9,9,t,1
16743631,42830,1953,40877,Australia,Entire home/apt,2,0,194,1,6,8,6,f,1
16509611,42830,928,41902,Australia,Entire home/apt,1,2,120,9,10,9,10,f,1
9348379,42829,710,42119,Australia,Private room,1,1,79,5,9,10,10,f,1
16635891,42829,90,42739,Australia,Private room,1,3,50,1,10,10,10,f,1
12238064,42829,1515,41314,Australia,Private room,2,1,55,4,10,10,10,f,1
15979330,42829,406,42423,Australia,Entire home/apt,1,2,183,11,10,10,10,f,1
9294540,42829,1508,41321,Australia,Private room,1,1,219,3,10,10,10,f,1
17486384,42829,828,42001,Australia,Entire home/apt,1,3,200,0,,,,f,1
11588036,42829,405,42424,Australia,Entire home/apt,2,2,189,12,8,9,9,f,1
17879437,42829,12,42817,Australia,Private room,1,1,80,0,,,,f,1
16207770,42829,484,42345,Australia,Private room,1,1,85,4,10,10,10,f,1
12472213,42829,353,42476,Australia,Entire home/apt,2,3,125,1,8,8,10,f,1
15650489,42829,172,42657,Australia,Entire home/apt,3,4,501,24,9,10,10,f,1
10473136,42829,451,42378,Australia,Private room,1.5,1,80,11,9,9,9,t,1
5754439,42829,1999,40830,Australia,Private room,1,1,114,0,,,,f,1
17780195,42829,247,42582,Australia,Private room,2,1,42,1,10,10,10,t,1
17943925,42829,1422,41407,Australia,Entire home/apt,1,1,125,0,,,,t,1
14110150,42829,630,42199,Australia,Entire home/apt,1,2,141,61,9,9,9,t,1
18009424,42829,3,42826,Australia,Private room,1,1,45,0,,,,f,1
13159634,42829,753,42076,Australia,Private room,1,1,42,13,9,9,9,f,1
16370854,42829,538,42291,Australia,Private room,1,1,46,0,,,,f,1
5033099,42829,1824,41005,Australia,Private room,1,1,39,1,8,8,8,f,1
13279754,42829,330,42499,Australia,Private room,1,1,53,75,10,9,10,t,1
6736825,42829,1067,41762,Australia,Private room,2,1,53,0,,,,f,1
5032772,42829,1120,41709,Australia,Entire home/apt,1,2,120,14,10,9,10,t,1
10536125,42829,966,41863,Australia,Entire home/apt,2,4,250,26,10,9,9,t,1
17548346,42829,630,42199,Australia,Entire home/apt,2,2,250,0,,,,f,1
18009104,42829,1514,41315,Australia,Private room,2,1,43,0,,,,f,1
16696297,42829,650,42179,Australia,Private room,1,1,66,0,,,,f,1
15649058,42829,980,41849,Australia,Entire home/apt,1,2,85,2,8,10,10,t,1
15747215,42829,686,42143,Australia,Private room,1,1,80,2,10,10,10,f,1
8242869,42829,753,42076,Australia,Entire home/apt,1,2,100,1,10,10,10,f,1
15255152,42829,876,41953,Australia,Entire home/apt,3,4,600,4,10,10,9,f,1
15941868,42829,1152,41677,Australia,Private room,1,1,75,3,8,8,8,f,1
5816444,42829,1490,41339,Australia,Private room,1,1,60,10,9,9,9,f,1
6405648,42829,690,42139,Australia,Private room,1,1,50,2,10,10,9,f,1
15318440,42829,184,42645,Australia,Private room,1,1,39,0,,,,t,1
16195481,42829,124,42705,Australia,Private room,1,1,60,2,10,9,10,f,1
17546451,42829,652,42177,Australia,Entire home/apt,1,2,150,1,10,8,6,t,1
15317198,42829,1884,40945,Australia,Entire home/apt,2,4,349,1,4,10,4,t,1
12499057,42829,351,42478,Australia,Private room,1,1,60,9,9,10,9,f,1
2014074,42829,1275,41554,Australia,Entire home/apt,2,3,332,40,9,9,9,f,1
17349393,42829,321,42508,Australia,Private room,1,1,109,0,,,,t,1
15906170,42829,634,42195,Australia,Private room,1,1,49,1,10,10,10,f,1
16364794,42829,113,42716,Australia,Private room,1,1,55,6,9,9,10,t,1
2275189,42829,1165,41664,Australia,Private room,2,1,64,30,9,9,8,f,1
17872705,42829,84,42745,Australia,Entire home/apt,1,1,100,0,,,,f,1
17020124,42829,65,42764,Australia,Private room,1,1,169,0,,,,t,1
16232987,42829,121,42708,Australia,Private room,1,1,120,1,10,10,10,f,1
16559646,42829,96,42733,Australia,Private room,1,1,180,1,10,10,10,f,1
3386553,42829,1208,41621,Australia,Private room,2,1,85,13,10,10,10,f,1
9480207,42829,518,42311,Australia,Private room,1,1,70,1,,,,f,1
14920393,42829,494,42335,Australia,Private room,1,1,75,10,9,9,9,f,1
14525931,42829,476,42353,Australia,Entire home/apt,2,2,208,9,10,10,10,f,1
6202366,42829,713,42116,Australia,Entire home/apt,2,3,255,56,9,9,10,f,1
2073474,42829,1275,41554,Australia,Entire home/apt,1,1,166,21,9,9,8,f,1
14657206,42829,753,42076,Australia,Private room,1,1,35,7,9,9,9,f,1
13116145,42829,320,42509,Australia,Private room,1,1,236,0,,,,t,1
11444709,42829,405,42424,Australia,Private room,1,1,56,1,10,10,10,f,1
17800308,42829,38,42791,Australia,Private room,1.5,1,80,2,10,10,8,t,1
16358049,42829,876,41953,Australia,Entire home/apt,2,3,380,4,9,9,8,f,1
9214590,42829,1508,41321,Australia,Private room,1,1,100,5,10,10,9,f,1
17799286,42829,651,42178,Australia,Private room,1,1,49,0,,,,t,1
16946900,42829,244,42585,Australia,Entire home/apt,2.5,2,250,0,,,,t,1
15635986,42829,179,42650,Australia,Private room,1,1,30,1,,,,f,1
4886370,42829,834,41995,Australia,Private room,1,1,45,1,10,10,10,f,1
17796370,42829,603,42226,Australia,Entire home/apt,1,1,130,0,,,,f,1
17271443,42829,423,42406,Australia,Private room,1.5,1,28,3,10,9,10,f,1
15974983,42829,140,42689,Australia,Private room,2,1,56,0,,,,f,1
16091446,42829,740,42089,Australia,Entire home/apt,1,1,95,13,10,10,10,t,1
15237759,42829,534,42295,Australia,Entire home/apt,2,4,300,2,9,10,10,f,1
14844789,42829,215,42614,Australia,Private room,2,1,47,0,,,,t,1
16154542,42829,127,42702,Australia,Entire home/apt,2,3,229,0,,,,t,1
14187112,42829,253,42576,Australia,Private room,2,1,55,0,,,,f,1
6635337,42829,799,42030,Australia,Entire home/apt,2,3,48,0,,,,f,1
4355656,42829,1126,41703,Australia,Entire home/apt,1,1,125,99,10,9,10,f,1
17332137,42829,45,42784,Australia,Private room,1,1,419,0,,,,t,1
13660650,42829,416,42413,Australia,Entire home/apt,1,2,89,3,10,10,10,t,1
16148940,42828,1504,41324,Australia,Entire home/apt,2,2,201,1,10,10,10,f,1
9136131,42828,1192,41636,Australia,Entire home/apt,2,2,210,0,,,,f,1
14377982,42828,1725,41103,Australia,Entire home/apt,2,2,189,36,10,10,9,t,1
16932937,42828,863,41965,Australia,Entire home/apt,1,1,130,4,10,9,7,t,1
13590515,42828,290,42538,Australia,Private room,1,1,100,0,,,,f,1
17653531,42828,24,42804,Australia,Entire home/apt,1,1,131,1,10,10,10,f,1
877757,42828,1545,41283,Australia,Private room,1,2,48,126,9,9,10,f,1
9395110,42828,509,42319,Australia,Private room,1,1,50,0,,,,f,1
7232174,42828,635,42193,Australia,Entire home/apt,1,2,140,12,10,10,9,f,1
5394943,42828,1244,41584,Australia,Entire home/apt,1,2,176,0,,,,f,1
16207503,42828,546,42282,Australia,Entire home/apt,2,4,199,11,5,9,8,t,1
14057618,42828,260,42568,Australia,Private room,1,1,58,1,10,10,10,f,1
17714826,42828,127,42701,Australia,Private room,2,1,69,1,10,10,10,t,1
17125442,42828,57,42771,Australia,Private room,1,,75,2,3,8,5,f,1
16208172,42828,1052,41776,Australia,Entire home/apt,1,2,195,1,8,8,8,f,1
14694307,42828,629,42199,Australia,Entire home/apt,1,2,132,54,9,9,9,t,1
2503546,42828,1125,41703,Australia,Entire home/apt,1,1,115,212,10,9,10,f,1
12463841,42828,1333,41495,Australia,Private room,2,1,100,0,,,,f,1
2367879,42828,2454,40374,Australia,Private room,1,1,62,18,10,9,10,f,1
16261308,42828,118,42710,Australia,Private room,1,1,149,0,,,,f,1
8002559,42828,589,42239,Australia,Private room,1,1,55,7,8,9,8,f,1
16522178,42828,1287,41541,Australia,Entire home/apt,1,2,195,0,,,,f,1
8525600,42828,558,42270,Australia,Private room,0,1,38,0,,,,f,1
15208024,42828,440,42388,Australia,Private room,1,1,489,0,,,,t,1
17831901,42828,14,42814,Australia,Private room,1.5,1,48,0,,,,t,1
16783213,42828,79,42749,Australia,Entire home/apt,1,1,100,3,10,9,9,f,1
12717567,42828,949,41879,Australia,Private room,1,1,59,4,8,9,9,f,1
16126243,42828,1022,41806,Australia,Entire home/apt,1,1,121,3,9,10,10,f,1
10552207,42828,729,42099,Australia,Private room,1,1,121,8,10,10,10,f,1
15009278,42828,204,42624,Australia,Entire home/apt,1,1,60,1,8,10,10,t,1
9569744,42828,1375,41453,Australia,Private room,1,1,69,4,10,8,10,f,1
5178287,42828,1355,41473,Australia,Private room,1,1,52,13,10,10,10,f,1
17683931,42828,468,42360,Australia,Entire home/apt,2,3,199,0,,,,f,1
17498738,42828,34,42794,Australia,Private room,1,1,60,1,10,10,10,f,1
12059231,42828,816,42012,Australia,Entire home/apt,3,4,281,2,10,10,10,f,1
9765405,42828,1005,41823,Australia,Private room,1,1,69,0,,,,t,1
17892559,42828,1151,41677,Australia,Entire home/apt,2,1,201,0,,,,f,1
10617276,42828,1684,41144,Australia,Private room,1.5,1,90,82,10,10,10,f,1
17301635,42828,294,42534,Australia,Private room,1,1,43,0,,,,t,1
17869614,42829,1152,41677,Australia,Private room,1,1,75,0,,,,f,1
11400200,42829,450,42379,Australia,Private room,1,1,80,1,10,10,10,f,1
17736900,42829,727,42102,Australia,Private room,1,1,43,0,,,,f,1
16561491,42829,95,42734,Australia,Private room,1,1,64,0,,,,f,1
14732850,42829,401,42428,Australia,Private room,2,1,99,0,,,,f,1
16182338,42830,200,42630,Australia,Private room,1,1,55,5,10,10,10,f,1
11400730,42829,450,42379,Australia,Private room,1,1,68,1,10,10,8,f,1
4497296,42829,961,41868,Australia,Private room,1,1,70,7,9,9,10,f,1
7115419,42829,643,42186,Australia,Private room,1,1,80,1,10,10,10,f,1
11400916,42829,450,42379,Australia,Private room,1,1,58,6,9,10,9,f,1
11400634,42829,450,42379,Australia,Private room,1,1,78,0,,,,f,1
5893273,42830,772,42058,Australia,Private room,1,1,99,28,9,9,9,t,1
16768945,42829,316,42513,Australia,Private room,1,1,55,0,,,,f,1
12833780,42830,338,42492,Australia,Private room,1,1,60,8,10,10,10,f,1
14732710,42829,401,42428,Australia,Private room,2,1,60,1,10,,,f,1
8894113,42829,538,42291,Australia,Private room,1,1,53,0,,,,f,1
7640081,42829,771,42058,Australia,Private room,1,1,68,37,9,9,9,t,1
9225571,42829,523,42306,Australia,Private room,1,1,91,1,10,10,10,f,1
14733310,42829,401,42428,Australia,Private room,2,1,95,0,,,,f,1
16314101,42829,123,42706,Australia,Private room,4,5,80,0,,,,t,1
11400847,42829,450,42379,Australia,Private room,1,1,300,0,,,,f,1
11517961,42829,401,42428,Australia,Entire home/apt,2,7,650,8,9,9,9,f,1
9865805,42829,1122,41707,Australia,Entire home/apt,1,1,64,0,,,,f,1
14678578,42830,394,42436,Australia,Entire home/apt,2,3,248,19,10,10,10,f,1
17628381,42830,67,42763,Australia,Entire home/apt,1,2,95,0,,,,t,1
9814107,42829,497,42332,Australia,Entire home/apt,1,1,105,28,10,9,9,f,1
15594585,42830,962,41868,Australia,Entire home/apt,1,4,163,12,9,9,9,f,1
8097307,42829,757,42072,Australia,Entire home/apt,2,4,300,36,10,10,10,f,1
5173182,42830,800,42030,Australia,Entire home/apt,2,5,349,2,8,8,8,f,1
9173857,42829,654,42175,Australia,Entire home/apt,1.5,2,197,2,10,9,10,f,1
6309008,42828,697,42131,Australia,Entire home/apt,2,2,100,0,,,,f,1
16549390,42828,827,42001,Australia,Private room,1,1,62,0,,,,f,1
17439677,42828,209,42619,Australia,Private room,1,1,66,2,10,8,10,t,1
10230758,42828,462,42366,Australia,Private room,1.5,1,52,16,10,9,10,f,1
17046959,42828,61,42767,Australia,Private room,1,1,55,1,10,8,10,t,1
13705028,42828,281,42547,Australia,Entire home/apt,1,1,33,1,,,,t,1
16196081,42828,194,42634,Australia,Private room,1,1,60,1,10,10,10,t,1
17766601,42828,17,42811,Australia,Entire home/apt,1,0,60,0,,,,t,1
8138035,42828,844,41984,Australia,Private room,1,1,102,1,10,10,10,f,1
16211792,42828,122,42706,Australia,Private room,2,1,69,4,9,9,9,t,1
1697465,42828,1816,41012,Australia,Private room,1,1,55,55,9,9,10,f,1
14694649,42828,400,42428,Australia,Private room,2,1,60,2,10,10,10,f,1
14695005,42828,400,42428,Australia,Private room,2,1,60,0,,,,f,1
17124153,42828,333,42495,Australia,Entire home/apt,2,3,148,4,10,10,9,f,1
13128298,42828,598,42230,Australia,Entire home/apt,2,3,170,2,10,9,9,f,1
11555670,42828,449,42379,Australia,Private room,1,1,58,6,10,10,10,f,1
8672527,42828,550,42278,Australia,Private room,1,1,75,17,10,10,10,f,1
15685660,42828,380,42448,Australia,Entire home/apt,1,2,140,42,10,9,10,f,1
16784243,42828,587,42241,Australia,Private room,1,1,69,13,10,10,10,t,1
17848771,42828,12,42816,Australia,Private room,2,1,50,0,,,,t,1
9203848,42829,1280,41549,Australia,Entire home/apt,1,1,100,7,10,10,10,f,1
13130914,42828,317,42511,Australia,Private room,1,1,60,28,10,9,10,t,1
11825317,42829,450,42379,Australia,Private room,1,1,58,3,9,9,9,f,1
11593563,42828,2069,40759,Australia,Private room,1,1,69,0,,,,f,1
355597,42829,1867,40962,Australia,Private room,3,1,66,37,10,10,10,f,1
5893296,42830,772,42058,Australia,Private room,1,1,88,19,9,10,10,t,1
14171912,42829,714,42115,Australia,Entire home/apt,1,1,121,6,10,10,10,f,1
7502396,42829,660,42169,Australia,Entire home/apt,1,1,107,59,10,10,10,f,1
5895030,42830,772,42058,Australia,Private room,1,1,88,18,9,10,9,t,1
5895126,42830,772,42058,Australia,Private room,1,1,88,14,9,9,9,t,1
11893731,42829,383,42446,Australia,Private room,1,1,100,2,10,9,10,t,1
5733723,42829,771,42058,Australia,Private room,1,1,79,31,9,9,9,t,1
11721524,42829,956,41873,Australia,Private room,1,1,79,54,10,9,10,t,1
12610179,42829,615,42214,Australia,Private room,1,1,69,0,,,,f,1
16088868,42829,132,42697,Australia,Entire home/apt,2.5,2,170,0,,,,t,1
16965055,42829,659,42170,Australia,Private room,2.5,3,35,1,10,10,10,f,1
14733238,42829,401,42428,Australia,Private room,2,1,78,0,,,,f,1
9814072,42829,497,42332,Australia,Entire home/apt,1,1,79,36,9,9,9,t,1
13793021,42830,1117,41713,Australia,Private room,1,1,63,14,10,9,9,t,1
14320912,42829,514,42315,Australia,Private room,1,1,60,0,,,,f,1
9864735,42829,484,42345,Australia,Private room,1,1,60,1,10,8,6,f,1
12973305,42830,389,42441,Australia,Private room,1,1,80,8,9,9,8,f,1
9083220,42829,654,42175,Australia,Private room,1.5,1,49,24,10,9,10,f,1
368513,42829,1856,40973,Australia,Entire home/apt,1,2,167,34,10,9,9,f,1
13792267,42830,1117,41713,Australia,Private room,1,1,63,3,9,10,9,t,1
5435721,42830,772,42058,Australia,Private room,1,1,88,42,10,10,9,t,1
17075987,42830,579,42251,Australia,Private room,1,1,58,0,,,,f,1
10146368,42829,551,42278,Australia,Private room,1,1,95,3,10,8,9,f,1
5165286,42829,799,42030,Australia,Private room,0.5,1,160,0,,,,f,1
15978559,42829,322,42507,Australia,Private room,1.5,1,80,2,10,10,10,f,1
17930137,42829,8,42821,Australia,Private room,1,1,79,0,,,,t,1
15846592,42829,149,42680,Australia,Private room,1,1,85,5,10,9,10,f,1
16042774,42829,245,42584,Australia,Private room,2,1,39,0,,,,f,1
16042375,42829,510,42319,Australia,Private room,1,1,70,0,,,,t,1
9336207,42829,514,42315,Australia,Private room,1,1,75,0,,,,f,1
13688854,42829,316,42513,Australia,Private room,1,1,60,11,10,10,10,f,1
15056920,42829,1527,41302,Australia,Private room,1,1,53,0,,,,f,1
16621838,42829,163,42666,Australia,Entire home/apt,2,3,145,9,10,10,10,t,1
16169482,42829,149,42680,Australia,Private room,1,1,70,2,8,9,10,f,1
11647773,42829,2459,40370,Australia,Private room,1,1,55,3,7,9,9,t,1
9612902,42829,647,42182,Australia,Entire home/apt,3,4,300,22,10,10,10,f,1
15837783,42829,245,42584,Australia,Private room,1,1,75,1,10,10,10,f,1
15442153,42829,700,42129,Australia,Private room,1,1,80,0,,,,f,1
17736551,42829,727,42102,Australia,Private room,1,1,53,0,,,,f,1
10002290,42829,476,42353,Australia,Private room,1.5,1,35,9,8,10,10,t,1
8427910,42829,566,42263,Australia,Entire home/apt,1,1,120,26,10,10,10,f,1
12093839,42829,578,42251,Australia,Entire home/apt,2,3,200,6,7,9,8,t,1
4811748,42828,844,41984,Australia,Private room,1.5,1,121,2,10,8,9,t,1
10839757,42828,449,42379,Australia,Entire home/apt,2,7,700,10,9,9,7,f,1
9172889,42828,522,42306,Australia,Private room,1,1,29,3,8,9,9,f,1
8674363,42828,550,42278,Australia,Private room,1,1,69,14,10,10,10,f,1
14694833,42828,400,42428,Australia,Private room,2,1,79,4,10,9,9,f,1
17256647,42828,85,42743,Australia,Entire home/apt,1,1,85,14,10,10,10,f,1
13905959,42828,269,42559,Australia,Private room,1,1,54,2,10,9,9,f,1
9634963,42828,496,42332,Australia,Entire home/apt,1,2,159,57,9,9,9,f,1
15275733,42828,1001,41827,Australia,Private room,1,1,66,3,9,8,8,t,1
16690763,42828,461,42367,Australia,Private room,1,1,38,1,10,,,f,1
5309801,42828,784,42044,Australia,Private room,1,1,50,74,10,9,9,t,1
3146896,42828,1611,41217,Australia,Private room,1,1,60,0,,,,f,1
15595064,42829,382,42447,Australia,Private room,1,1,70,15,9,9,9,t,1
16962714,42829,68,42761,Australia,Private room,1,1,43,3,9,9,9,f,1
16382442,42829,127,42702,Australia,Private room,1,1,55,2,9,9,10,f,1
11068704,42829,505,42324,Australia,Private room,1,1,80,6,9,10,10,f,1
9496638,42830,506,42324,Australia,Private room,1,1,50,1,6,8,10,f,1
11348263,42829,831,41998,Australia,Private room,1,1,47,64,9,10,10,t,1
13268712,42830,460,42370,Australia,Private room,1,1,78,11,10,10,9,t,1
17945015,42829,7,42822,Australia,Private room,1,1,39,0,,,,t,1
16432240,42829,108,42721,Australia,Private room,1,1,63,2,10,10,10,t,1
17083575,42829,433,42396,Australia,Private room,1,1,64,2,9,10,9,f,1
1428128,42829,1431,41398,Australia,Private room,2,1,60,36,10,10,10,f,1
15064386,42829,504,42325,Australia,Private room,1,1,39,0,,,,f,1
9220442,42829,923,41906,Australia,Private room,1,1,32,1,10,10,10,f,1
16557223,42829,366,42463,Australia,Entire home/apt,1,1,85,9,9,9,9,t,1
13947896,42829,280,42549,Australia,Entire home/apt,1,1,145,13,9,9,9,f,1
6486698,42830,685,42145,Australia,Private room,1,1,64,1,10,10,10,f,1
16835530,42829,573,42256,Australia,Entire home/apt,1,1,75,0,,,,f,1
16249968,42830,213,42617,Australia,Entire home/apt,2,2,191,15,10,10,10,t,1
16443268,42830,2066,40764,Australia,Private room,1,1,72,1,10,10,10,t,1
17012621,42829,708,42121,Australia,Entire home/apt,1,2,102,4,10,10,10,t,1
6678072,42830,1032,41798,Australia,Private room,1,1,91,11,10,10,9,f,1
11854315,42829,384,42445,Australia,Private room,1,1,60,20,8,10,9,f,1
12932140,42829,334,42495,Australia,Entire home/apt,2,2,150,8,10,10,10,f,1
4848476,42829,1980,40849,Australia,Private room,2,1,39,1,10,8,10,f,1
17997746,42829,810,42019,Australia,Entire home/apt,1,2,180,0,,,,t,1
17320682,42828,82,42746,Australia,Entire home/apt,1.5,3,180,3,10,10,10,t,1
2155920,42829,1187,41642,Australia,Private room,1,1,60,29,9,9,9,f,1
5825945,42829,737,42092,Australia,Entire home/apt,1,2,118,42,9,9,9,t,1
13348266,42829,305,42524,Australia,Entire home/apt,2,3,194,0,,,,t,1
17733779,42829,20,42809,Australia,Entire home/apt,1,2,100,0,,,,t,1
16901638,42830,303,42527,Australia,Private room,1,1,43,0,,,,t,1
14256436,42829,672,42157,Australia,Private room,2,1,55,9,9,10,9,f,1
12960597,42829,329,42500,Australia,Private room,2,1,45,0,,,,f,1
16578943,42830,265,42565,Australia,Private room,1,1,55,5,10,9,10,f,1
15364911,42829,525,42304,Australia,Private room,1,1,60,1,10,10,10,f,1
16180290,42829,893,41936,Australia,Private room,1,1,55,0,,,,f,1
9621111,42829,569,42260,Australia,Private room,1,1,50,2,10,9,10,f,1
6855205,42829,658,42171,Australia,Private room,1,1,89,2,8,10,9,f,1
12118378,42830,371,42459,Australia,Private room,1,1,80,0,,,,f,1
12432576,42829,360,42469,Australia,Private room,1,1,75,1,8,10,10,f,1
13145271,42829,660,42169,Australia,Entire home/apt,1,0,109,26,10,10,9,f,1
12316674,42830,361,42469,Australia,Private room,1,1,70,0,,,,f,1
9219313,42829,520,42309,Australia,Entire home/apt,2,2,179,38,9,10,10,f,1
13192966,42828,437,42391,Australia,Entire home/apt,1.5,2,121,0,,,,f,1
11530700,42830,402,42428,Australia,Entire home/apt,1,2,200,6,10,9,8,f,1
17799952,42829,405,42424,Australia,Entire home/apt,2,2,169,1,10,10,10,f,1
11644174,42829,778,42051,Australia,Entire home/apt,1,1,168,4,10,10,10,f,1
6453760,42829,1581,41248,Australia,Entire home/apt,1,2,151,3,10,10,10,f,1
10306550,42829,647,42182,Australia,Entire home/apt,1,0,110,8,10,8,9,f,1
16815761,42829,114,42715,Australia,Entire home/apt,3,3,250,0,,,,f,1
14779618,42828,218,42610,Australia,Private room,1,1,79,0,,,,f,1
14360467,42829,280,42549,Australia,Entire home/apt,2.5,4,501,5,10,10,10,f,1
5625244,42829,2237,40592,Australia,Entire home/apt,2,2,100,3,9,9,9,f,1
15060385,42829,856,41973,Australia,Entire home/apt,1,3,240,0,,,,t,1
9175022,42830,523,42307,Australia,Entire home/apt,0.5,2,50,7,9,10,10,f,1
5040608,42830,957,41873,Australia,Private room,1.5,1,80,3,9,10,10,f,1
6677876,42829,1031,41798,Australia,Private room,1,1,75,4,7,10,9,f,1
4979927,42829,846,41983,Australia,Entire home/apt,1,1,85,29,10,10,10,f,1
14644879,42830,228,42602,Australia,Entire home/apt,1,1,49,0,,,,f,1
9464114,42828,506,42322,Australia,Private room,1,1,76,10,8,9,7,t,1
4317166,42829,907,41922,Australia,Private room,1,1,56,57,10,9,9,f,1
6156965,42829,1721,41108,Australia,Private room,2,1,64,0,,,,f,1
14220382,42830,1067,41763,Australia,Private room,1,1,59,0,,,,f,1
11534637,42828,399,42429,Australia,Private room,1.5,1,69,1,,,,t,1
14288831,42828,245,42583,Australia,Entire home/apt,2,4,233,25,9,9,10,t,1
17238130,42828,173,42655,Australia,Entire home/apt,2,4,235,5,10,10,10,t,1
16417192,42828,107,42721,Australia,Private room,1,1,131,0,,,,f,1
17435877,42828,38,42790,Australia,Private room,1,1,45,1,10,10,10,t,1
10947669,42828,442,42386,Australia,Private room,1,1,90,0,,,,f,1
16352364,42828,518,42310,Australia,Private room,1,1,30,3,7,9,10,f,1
17898203,42828,76,42752,Australia,Entire home/apt,1,1,138,0,,,,f,1
9580286,42828,568,42260,Australia,Private room,1.5,1,35,1,10,10,10,f,1
16782058,42828,845,41983,Australia,Private room,1,1,41,5,10,10,10,f,1
9578087,42828,836,41992,Australia,Private room,1,1,60,0,,,,f,1
15668117,42828,1428,41400,Australia,Private room,1,1,80,5,9,9,10,f,1
16394374,42828,671,42157,Australia,Private room,2,1,59,1,10,8,8,f,1
16069792,42828,255,42573,Australia,Private room,1,1,66,1,8,10,10,f,1
17346507,42828,650,42178,Australia,Private room,1,1,77,0,,,,t,1
16001352,42828,138,42690,Australia,Private room,1,1,100,0,,,,f,1
14489070,42828,235,42593,Australia,Private room,1,1,66,12,10,10,10,f,1
15994243,42828,138,42690,Australia,Entire home/apt,1,0,80,1,10,10,8,t,1
17770964,42828,16,42812,Australia,Entire home/apt,3,6,267,1,10,8,8,t,1
6730511,42828,1076,41752,Australia,Private room,1.5,1,50,0,,,,f,1
17899458,42828,1325,41503,Australia,Private room,1,1,28,0,,,,t,1
12334350,42828,358,42470,Australia,Private room,1,1,94,3,10,9,10,f,1
15013582,42828,671,42157,Australia,Private room,2,1,50,12,10,9,10,f,1
18030766,42828,369,42459,Australia,Entire home/apt,3,8,400,0,,,,t,1
5841201,42828,1718,41110,Australia,Entire home/apt,2,2,140,1,8,8,8,f,1
16261496,42828,123,42705,Australia,Private room,1,1,55,0,,,,f,1
16521258,42828,820,42008,Australia,Private room,1,1,48,4,10,8,10,f,1
15739943,42828,680,42148,Australia,Entire home/apt,2,2,130,9,10,10,10,f,1
18031194,42828,12,42816,Australia,Private room,2,2,35,0,,,,t,1
16592073,42828,786,42042,Australia,Private room,2,3,80,4,9,10,9,t,1
17907521,42828,333,42495,Australia,Entire home/apt,1,0,109,0,,,,f,1
16495535,42828,100,42728,Australia,Private room,2,1,375,0,,,,t,1
9454512,42828,626,42202,Australia,Private room,3,1,55,7,10,9,9,f,1
17369439,42828,78,42750,Australia,Entire home/apt,1,0,160,2,10,10,10,t,1
12335207,42828,358,42470,Australia,Private room,1,1,94,0,,,,f,1
9910698,42828,777,42051,Australia,Private room,1,1,94,3,9,9,8,f,1
16923153,42828,353,42475,Australia,Private room,1,1,106,0,,,,f,1
8997050,42828,1594,41234,Australia,Entire home/apt,2,2,199,1,10,10,8,f,1
10110911,42828,813,42015,Australia,Private room,1,1,47,13,10,9,10,f,1
9391360,42828,777,42051,Australia,Entire home/apt,1,2,187,14,10,10,10,f,1
10439492,42828,451,42377,Australia,Private room,1,1,75,9,9,10,10,f,1
4803401,42828,844,41984,Australia,Entire home/apt,2,2,100,2,10,6,10,f,1
6507961,42828,1381,41447,Australia,Private room,1,1,58,7,9,8,9,f,1
17779611,42828,20,42808,Australia,Entire home/apt,2,2,109,0,,,,f,1
11684823,42828,415,42413,Australia,Private room,2,1,69,4,10,10,9,t,1
4345304,42828,980,41848,Australia,Entire home/apt,1,2,80,0,,,,f,1
15027829,42828,1548,41280,Australia,Private room,1.5,1,69,7,10,10,10,t,1
413968,42828,1826,41002,Australia,Private room,1,1,90,0,,,,f,1
7033537,42828,646,42182,Australia,Entire home/apt,1,1,121,7,9,7,9,f,1
9393747,42828,568,42260,Australia,Entire home/apt,1.5,3,149,13,9,8,8,f,1
9582876,42828,568,42260,Australia,Entire home/apt,2,2,110,7,9,9,9,f,1
13351975,42828,659,42169,Australia,Entire home/apt,1,1,187,11,9,10,9,f,1
17130062,42828,56,42772,Australia,Private room,1,1,100,5,10,10,10,f,1
16145311,42828,764,42064,Australia,Private room,1,1,69,7,10,10,10,f,1
4550669,42830,918,41912,Australia,Private room,1,1,55,40,9,9,10,f,1
9136508,42828,524,42304,Australia,Private room,1,1,60,7,10,9,9,f,1
5597746,42828,905,41923,Australia,Private room,1,1,66,0,,,,f,1
12112967,42829,371,42458,Australia,Private room,1,1,100,1,2,10,2,t,1
17722288,42828,133,42695,Australia,Private room,1,1,50,0,,,,f,1
9397652,42828,626,42202,Australia,Private room,3,1,59,30,9,9,9,f,1
15425250,42828,2176,40652,Australia,Private room,2,1,80,0,,,,f,1
16479009,42829,42829,,Australia,Entire home/apt,1,0,149,4,10,10,9,t,1
17657115,42829,204,42625,Australia,Entire home/apt,1,2,219,1,10,10,8,t,1
10730446,42828,723,42105,Australia,Private room,1,1,47,27,10,9,10,f,1
8416830,42829,566,42263,Australia,Entire home/apt,1,1,130,0,,,,f,1
15099737,42828,240,42588,Australia,Private room,1,1,58,2,10,10,10,f,1
16936574,42829,78,42751,Australia,Entire home/apt,2,2,180,9,9,10,10,f,1
9199814,42828,520,42308,Australia,Entire home/apt,3,4,229,43,10,9,9,f,1
1865987,42829,1252,41577,Australia,Private room,1,1,45,18,9,9,10,f,1
6453637,42829,1581,41248,Australia,Entire home/apt,2,2,161,0,,,,f,1
6453700,42829,1581,41248,Australia,Entire home/apt,2,2,161,3,7,9,8,f,1
16224739,42830,123,42707,Australia,Entire home/apt,1,0,75,15,10,9,10,t,1
15956785,42829,142,42687,Australia,Private room,1,1,50,0,,,,t,1
11498485,42830,864,41966,Australia,Entire home/apt,2,2,89,1,8,10,10,f,1
16897680,42829,1216,41613,Australia,Entire home/apt,2,2,164,5,10,9,10,f,1
14187428,42829,588,42241,Australia,Private room,1,1,94,39,10,10,10,f,1
16367454,42829,491,42338,Australia,Private room,1,1,60,2,8,10,9,f,1
16219355,42829,627,42202,Australia,Private room,1.5,1,39,11,10,9,9,f,1
16636530,42829,503,42326,Australia,Private room,1.5,2,169,0,,,,f,1
16964259,42829,68,42761,Australia,Entire home/apt,1,0,70,1,10,10,10,t,1
10476298,42829,647,42182,Australia,Entire home/apt,3,4,399,3,8,6,8,f,1
6520554,42829,681,42148,Australia,Private room,1,1,68,10,10,9,9,t,1
4273957,42829,1132,41697,Australia,Private room,2,1,39,11,9,9,10,f,1
15955546,42829,142,42687,Australia,Private room,1.5,1,37,9,10,9,10,f,1
15326833,42829,184,42645,Australia,Private room,1,1,59,8,10,9,10,f,1
7045382,42829,647,42182,Australia,Entire home/apt,2.5,2,260,9,9,8,10,f,1
16178963,42829,228,42601,Australia,Private room,1,1,70,3,9,9,10,t,1
16418003,42829,864,41965,Australia,Entire home/apt,2,4,149,1,2,,,t,1
16680197,42829,198,42631,Australia,Private room,1,1,35,3,10,9,10,f,1
14907211,42829,389,42440,Australia,Private room,1,1,35,2,4,6,2,f,1
11727255,42830,490,42340,Australia,Entire home/apt,2,2,124,0,,,,f,1
16418002,42829,864,41965,Australia,Entire home/apt,2,3,349,0,,,,f,1
16029635,42829,291,42538,Australia,Private room,1,1,50,9,9,9,9,f,1
16421277,42829,672,42157,Australia,Entire home/apt,2,4,332,1,10,10,10,t,1
13209157,42829,450,42379,Australia,Private room,2,1,80,0,,,,t,1
8229627,42829,577,42252,Australia,Private room,2,1,70,0,,,,f,1
17994986,42829,519,42310,Australia,Private room,1,1,25,0,,,,t,1
15573535,42829,228,42601,Australia,Private room,1,1,60,1,10,10,10,t,1
17702879,42829,22,42807,Australia,Private room,1.5,1,75,0,,,,t,1
17735655,42829,20,42809,Australia,Private room,1,1,55,0,,,,t,1
16871437,42829,1043,41786,Australia,Private room,1,1,60,5,10,10,10,f,1
17670235,42829,626,42203,Australia,Private room,1,1,64,0,,,,t,1
16327051,42829,484,42345,Australia,Private room,1,1,42,4,10,10,9,f,1
14394267,42829,448,42381,Australia,Entire home/apt,2,2,35,0,,,,f,1
17738596,42829,19,42810,Australia,Private room,1,1,108,0,,,,f,1
15269693,42830,189,42641,Australia,Entire home/apt,1.5,2,100,0,,,,f,1
9566883,42830,501,42329,Australia,Private room,1,1,50,8,9,8,10,f,1
16432516,42830,350,42480,Australia,Private room,1,1,49,10,9,9,9,f,1
16445207,42830,1198,41632,Australia,Private room,1,1,70,2,10,10,10,t,1
14640503,42829,227,42602,Australia,Entire home/apt,1,1,66,0,,,,f,1
17622211,42829,144,42685,Australia,Entire home/apt,1,2,125,1,10,10,10,f,1
14865009,42830,215,42615,Australia,Private room,1,1,50,3,9,10,10,f,1
8999076,42829,858,41971,Australia,Private room,1,1,41,0,,,,f,1
12115775,42829,465,42364,Australia,Private room,1,1,39,0,,,,t,1
16241904,42829,121,42708,Australia,Entire home/apt,2,2,191,0,,,,t,1
14934818,42829,210,42619,Australia,Entire home/apt,1,1,70,17,10,10,10,t,1
16709715,42829,141,42688,Australia,Private room,1,1,100,1,10,10,10,f,1
18009490,42829,627,42202,Australia,Private room,0.5,1,59,0,,,,f,1
14864737,42829,214,42615,Australia,Private room,1,1,50,4,10,10,10,f,1
16044304,42829,617,42212,Australia,Entire home/apt,1,3,150,1,10,10,10,f,1
10474424,42829,451,42378,Australia,Private room,1.5,1,60,0,,,,f,1
17550986,42829,31,42798,Australia,Private room,1,1,53,0,,,,f,1
15922084,42829,144,42685,Australia,Private room,1,1,80,9,10,9,10,t,1
9478335,42829,506,42323,Australia,Private room,1,1,68,6,10,9,10,f,1
16829413,42829,77,42752,Australia,Entire home/apt,2,2,99,1,10,8,10,f,1
15647446,42829,180,42649,Australia,Private room,2,1,85,1,,,,t,1
2017325,42829,1220,41609,Australia,Private room,1,1,70,0,,,,f,1
2017219,42829,1220,41609,Australia,Private room,1,1,70,0,,,,f,1
5162659,42829,1460,41369,Australia,Entire home/apt,1,1,120,20,9,9,8,f,1
15974920,42829,141,42688,Australia,Private room,1,1,60,2,10,10,10,f,1
15974686,42829,345,42484,Australia,Entire home/apt,1,1,134,0,,,,t,1
8044799,42829,647,42182,Australia,Entire home/apt,1,1,150,3,9,9,8,f,1
13418605,42829,931,41898,Australia,Private room,2,1,91,1,,,,f,1
16169693,42829,508,42321,Australia,Shared room,1,1,39,0,,,,f,1
9685552,42829,493,42336,Australia,Entire home/apt,2,2,125,8,9,10,9,f,1
9222532,42829,519,42310,Australia,Private room,1,1,20,0,,,,f,1
10662047,42829,1193,41636,Australia,Private room,1,1,70,21,9,9,10,t,1
10662671,42829,1193,41636,Australia,Private room,1,1,59,22,9,9,9,t,1
16233219,42829,121,42708,Australia,Private room,1,1,160,0,,,,f,1
14430782,42829,503,42326,Australia,Private room,1.5,1,70,0,,,,f,1
17870371,42829,841,41988,Australia,Private room,1,1,85,0,,,,t,1
8563172,42829,1132,41697,Australia,Private room,2,1,39,1,10,8,8,f,1
17801152,42829,841,41988,Australia,Entire home/apt,2,2,175,0,,,,t,1
9608743,42829,506,42323,Australia,Private room,1,1,54,0,,,,t,1
15438389,42829,1549,41280,Australia,Private room,1.5,1,47,4,10,9,9,t,1
14584686,42829,672,42157,Australia,Private room,2,1,64,7,10,10,9,f,1
15762547,42829,400,42429,Australia,Private room,1,1,50,12,9,9,9,f,1
16417169,42829,108,42721,Australia,Entire home/apt,1.5,2,105,3,9,10,10,f,1
16874654,42829,295,42534,Australia,Private room,1,1,59,2,7,8,9,t,1
14775866,42829,219,42610,Australia,Entire home/apt,2,3,295,10,9,10,10,t,1
4681009,42829,860,41969,Australia,Entire home/apt,2,2,125,3,9,9,9,f,1
5007225,42828,816,42012,Australia,Private room,1.5,1,79,54,10,10,10,f,1
12214800,42828,364,42464,Australia,Private room,1,1,60,0,,,,f,1
16146855,42828,227,42601,Australia,Private room,1,1,55,1,8,8,10,t,1
16998238,42828,1226,41602,Australia,Private room,1,1,59,1,10,10,10,t,1
6380135,42828,1030,41798,Australia,Entire home/apt,2,2,170,43,6,9,8,f,1
14701420,42828,223,42605,Australia,Private room,1,1,100,5,10,10,9,f,1
6836590,42828,659,42169,Australia,Private room,1.5,1,55,43,9,9,9,f,1
16467467,42828,103,42725,Australia,Private room,1,1,58,2,8,10,8,t,1
11744586,42828,388,42440,Australia,Private room,1,1,30,15,9,9,9,f,1
16986331,42828,605,42223,Australia,Private room,2,1,55,2,10,10,10,t,1
17704843,42828,336,42492,Australia,Private room,1,1,48,0,,,,t,1
17309450,42828,626,42202,Australia,Private room,2.5,1,54,0,,,,f,1
17374886,42828,41,42787,Australia,Private room,1,1,41,3,10,10,10,t,1
16914924,42828,71,42757,Australia,Private room,1,1,50,0,,,,t,1
12786819,42828,400,42428,Australia,Private room,1,1,284,0,,,,f,1
13701546,42828,1352,41476,Australia,Private room,1,1,50,8,10,9,10,f,1
15602595,42828,165,42663,Australia,Private room,1.5,1,50,5,10,9,10,f,1
13242528,42828,651,42177,Australia,Entire home/apt,1,0,60,0,,,,f,1
12456072,42828,446,42382,Australia,Entire home/apt,2,3,180,55,10,10,10,t,1
16887681,42829,470,42359,Australia,Private room,1,1,42,3,9,10,10,t,1
16442551,42829,209,42620,Australia,Private room,1,1,100,1,10,10,10,t,1
9759839,42830,491,42339,Australia,Private room,2,1,50,0,,,,t,1
10551156,42830,486,42344,Australia,Private room,2,1,50,0,,,,f,1
16886953,42829,132,42697,Australia,Entire home/apt,1,2,71,4,,,,t,1
16470797,42828,766,42062,Australia,Private room,1,1,24,1,4,10,10,f,1
9614568,42829,829,42000,Australia,Private room,1.5,1,64,0,,,,f,1
4759814,42829,1106,41723,Australia,Entire home/apt,2,3,300,0,,,,f,1
6676692,42829,696,42133,Australia,Private room,1,1,87,3,9,9,9,f,1
17015140,42829,92,42737,Australia,Private room,1,1,95,1,10,10,10,f,1
8300122,42830,787,42043,Australia,Private room,,1,64,18,10,10,10,f,1
6442560,42828,1580,41248,Australia,Entire home/apt,1.5,3,197,2,4,7,5,f,1
12188846,42830,368,42462,Australia,Private room,1,1,45,16,10,9,10,f,1
6442156,42828,1580,41248,Australia,Entire home/apt,2,2,170,0,,,,f,1
11855214,42829,384,42445,Australia,Private room,0.5,1,50,3,10,10,9,f,1
14886669,42830,216,42614,Australia,Private room,1,1,45,0,,,,f,1
16797812,42829,79,42750,Australia,Entire home/apt,1,1,100,8,10,9,10,t,1
9827619,42829,2434,40395,Australia,Entire home/apt,1,2,99,14,10,10,10,t,1
15694952,42830,657,42173,Australia,Private room,1,1,60,9,10,10,10,f,1
15061055,42829,581,42248,Australia,Private room,1,1,56,22,9,9,9,t,1
16234428,42829,1546,41283,Australia,Entire home/apt,1.5,3,200,2,8,9,9,t,1
976385,42830,1492,41338,Australia,Private room,1,1,95,24,10,10,10,t,1
17079448,42829,60,42769,Australia,Private room,1,1,60,0,,,,t,1
16964637,42829,75,42754,Australia,Private room,1,1,64,2,7,9,7,t,1
10153412,42830,469,42361,Australia,Entire home/apt,1,3,148,5,9,9,8,f,1
9563533,42830,502,42328,Australia,Private room,2,1,39,3,6,6,7,f,1
11893647,42829,384,42445,Australia,Entire home/apt,1,2,110,21,9,9,9,f,1
9436108,42830,510,42320,Australia,Private room,1,1,200,0,,,,f,1
5044394,42830,813,42017,Australia,Entire home/apt,3,3,250,3,10,9,9,f,1
14082164,42829,259,42570,Australia,Shared room,1,1,39,0,,,,f,1
10812271,42830,437,42393,Australia,Shared room,1,1,91,0,,,,f,1
13737465,42829,740,42089,Australia,Private room,1,1,55,0,,,,f,1
17682212,42829,30,42799,Australia,Private room,1,1,60,0,,,,t,1
17562532,42830,316,42514,Australia,Private room,1,1,39,4,10,8,10,f,1
17754863,42830,31,42799,Australia,Private room,1,1,55,1,8,4,6,t,1
17366598,42830,44,42786,Australia,Private room,1,1,64,0,,,,f,1
15167430,42829,784,42045,Australia,Private room,2.5,1,59,5,8,10,8,f,1
4157419,42830,1070,41760,Australia,Private room,1,1,47,1,10,10,10,f,1
8508270,42829,563,42266,Australia,Private room,1,1,56,5,10,9,10,t,1
16249362,42830,164,42666,Australia,Private room,0.5,1,53,4,9,10,9,t,1
16480027,42830,111,42719,Australia,Private room,1,1,55,1,10,10,10,t,1
13286693,42829,667,42162,Australia,Private room,1,1,35,4,7,8,8,f,1
11438821,42829,454,42375,Australia,Private room,0.5,1,99,7,10,10,10,f,1
15128165,42829,340,42489,Australia,Private room,1,1,49,6,10,9,10,f,1
13301218,42830,928,41902,Australia,Private room,1,1,196,0,,,,t,1
17592272,42830,31,42799,Australia,Private room,1,2,80,1,10,10,10,t,1
8906663,42830,645,42185,Australia,Private room,1,1,75,3,9,10,10,f,1
10397046,42829,454,42375,Australia,Private room,1,1,109,1,10,10,10,f,1
6726959,42829,667,42162,Australia,Private room,1,1,35,15,8,9,9,f,1
10211390,42829,464,42365,Australia,Private room,1,1,60,23,9,9,9,f,1
10524565,42829,605,42224,Australia,Private room,1,1,110,0,,,,t,1
17833749,42829,30,42799,Australia,Private room,1,1,75,0,,,,t,1
13887175,42830,293,42537,Australia,Private room,1,1,160,0,,,,t,1
4404508,42828,949,41879,Australia,Private room,1,1,75,0,,,,f,1
11250773,42829,497,42332,Australia,Private room,1,1,100,0,,,,f,1
1181385,42828,1415,41413,Australia,Private room,1,1,79,13,10,9,10,f,1
13502182,42828,294,42534,Australia,Private room,2,1,50,0,,,,t,1
17893375,42828,573,42255,Australia,Entire home/apt,1,2,135,0,,,,f,1
17269089,42828,1050,41778,Australia,Entire home/apt,1,1,153,0,,,,f,1
16985289,42828,113,42715,Australia,Private room,1,1,41,6,9,9,9,t,1
17444327,42828,37,42791,Australia,Private room,1,1,35,1,10,10,10,t,1
17837636,42828,12,42816,Australia,Private room,1.5,1,50,0,,,,t,1
8461067,42828,563,42265,Australia,Private room,3,1,80,10,9,9,9,t,1
8461058,42828,563,42265,Australia,Private room,2,1,80,25,10,10,10,t,1
13378869,42828,1028,41800,Australia,Private room,1,1,94,3,8,7,8,f,1
8327728,42828,590,42238,Australia,Entire home/apt,2,2,94,2,10,7,9,f,1
10105464,42828,670,42158,Australia,Private room,1,1,41,4,10,9,9,f,1
10621609,42828,1378,41450,Australia,Private room,1.5,1,50,0,,,,f,1
15735900,42828,764,42064,Australia,Private room,2,1,55,6,10,9,9,t,1
8991803,42828,891,41937,Australia,Private room,1,1,60,38,9,10,9,f,1
13838031,42828,883,41945,Australia,Private room,1,1,85,1,4,8,4,t,1
17704763,42828,1296,41532,Australia,Entire home/apt,1,1,100,1,10,10,10,t,1
6167901,42828,809,42019,Australia,Private room,1.5,1,58,9,9,9,9,f,1
16590750,42828,136,42692,Australia,Private room,1,1,79,0,,,,f,1
9578415,42828,499,42329,Australia,Entire home/apt,1,2,121,1,10,10,10,f,1
15411328,42828,453,42375,Australia,Entire home/apt,1,2,201,0,,,,f,1
5187779,42828,1337,41491,Australia,Entire home/apt,1,1,80,17,8,9,9,t,1
9777312,42828,488,42340,Australia,Private room,2,1,69,0,,,,f,1
10687897,42828,457,42371,Australia,Private room,1,1,79,2,10,8,10,t,1
14816738,42828,216,42612,Australia,Private room,1,1,52,9,8,8,8,t,1
6364952,42828,692,42136,Australia,Private room,1,1,149,0,,,,f,1
15540254,42828,783,42045,Australia,Shared room,1,1,37,6,8,9,8,f,1
15086895,42828,769,42059,Australia,Private room,1.5,1,56,10,10,10,10,t,1
9843281,42828,484,42344,Australia,Private room,1,1,62,2,7,10,8,f,1
10213422,42828,531,42297,Australia,Private room,1,1,60,0,,,,f,1
15413984,42828,956,41872,Australia,Entire home/apt,1,1,94,7,10,10,10,f,1
13512793,42828,294,42534,Australia,Private room,1,1,33,0,,,,t,1
7681434,42828,660,42168,Australia,Entire home/apt,1,2,130,1,10,10,10,f,1
4924067,42828,1011,41817,Australia,Entire home/apt,1,1,100,13,9,9,9,f,1
15775854,42828,1105,41723,Australia,Entire home/apt,2,3,149,1,10,10,10,f,1
5710519,42828,916,41912,Australia,Entire home/apt,1,1,125,10,9,9,9,f,1
6827321,42828,1136,41692,Australia,Private room,1,1,90,7,9,9,9,f,1
13122701,42828,1157,41671,Australia,Entire home/apt,1,1,30,0,,,,t,1
9518245,42828,1065,41763,Australia,Private room,1.5,1,52,12,9,9,9,f,1
6438273,42828,687,42141,Australia,Private room,1,1,60,56,10,10,10,f,1
15285649,42828,415,42413,Australia,Private room,3,1,59,12,10,9,9,f,1
17102958,42828,58,42770,Australia,Private room,1,1,75,0,,,,t,1
8273667,42828,1687,41141,Australia,Private room,1,1,100,3,9,10,10,f,1
10044715,42828,1392,41436,Australia,Private room,1.5,1,52,5,10,10,10,f,1
4721317,42828,853,41975,Australia,Private room,1,1,48,23,9,9,9,f,1
14126003,42828,1932,40896,Australia,Private room,1,1,60,12,10,9,10,f,1
16138377,42828,783,42045,Australia,Private room,1.5,1,59,2,9,10,7,f,1
11852447,42828,398,42430,Australia,Private room,1,1,48,0,,,,f,1
14237875,42828,1065,41763,Australia,Private room,1,1,79,0,,,,f,1
16073049,42828,558,42270,Australia,Entire home/apt,1,3,201,3,10,10,10,f,1
5653947,42828,751,42077,Australia,Shared room,1,1,80,4,9,9,9,f,1
15640719,42828,162,42666,Australia,Private room,1,1,73,4,10,10,10,t,1
3293665,42828,1028,41800,Australia,Private room,1,1,80,6,10,9,9,f,1
15942207,42828,152,42676,Australia,Entire home/apt,2,2,149,6,10,10,10,f,1
15414940,42828,791,42037,Australia,Private room,2,1,50,0,,,,t,1
15939520,42828,246,42582,Australia,Entire home/apt,1,1,149,1,,,,f,1
15350016,42828,351,42477,Australia,Entire home/apt,1.5,2,100,1,,,,f,1
13318879,42828,306,42522,Australia,Private room,1,1,94,16,10,10,10,f,1
15943847,42828,767,42061,Australia,Private room,1,1,100,5,10,10,9,f,1
16074933,42828,132,42696,Australia,Entire home/apt,2,3,176,0,,,,t,1
11552366,42828,399,42429,Australia,Entire home/apt,1,2,94,18,9,9,9,f,1
16860907,42828,489,42339,Australia,Private room,2,1,45,0,,,,t,1
6441449,42828,1580,41248,Australia,Entire home/apt,1,1,151,0,,,,f,1
10636844,42828,805,42023,Australia,Private room,0.5,1,66,2,6,8,7,f,1
12995964,42828,326,42502,Australia,Entire home/apt,1,1,201,3,10,10,10,f,1
16496449,42828,482,42346,Australia,Private room,1,2,111,1,10,10,8,t,1
16993734,42828,74,42754,Australia,Private room,1,1,48,2,7,9,8,t,1
10636790,42828,805,42023,Australia,Private room,0.5,1,66,0,,,,f,1
10637134,42828,805,42023,Australia,Private room,0.5,1,55,1,4,6,4,f,1
8999360,42828,531,42297,Australia,Entire home/apt,3,4,300,5,7,8,8,f,1
6851904,42828,658,42170,Australia,Private room,1,1,135,2,10,9,10,f,1
17387828,42828,308,42520,Australia,Private room,1,1,48,1,10,10,10,f,1
3334888,42828,1031,41797,Australia,Entire home/apt,1,1,60,34,10,9,9,f,1
9391889,42828,510,42318,Australia,Entire home/apt,1,2,100,3,7,9,7,f,1
16209168,42828,533,42295,Australia,Private room,2.5,1,59,1,10,10,8,f,1
5854549,42828,809,42019,Australia,Private room,1.5,1,43,12,9,10,10,f,1
10216257,42828,462,42366,Australia,Private room,1,1,69,0,,,,f,1
13718413,42828,354,42474,Australia,Private room,1,1,50,0,,,,t,1
16798732,42828,79,42749,Australia,Entire home/apt,1,1,160,0,,,,f,1
11624980,42828,809,42019,Australia,Private room,1.5,1,55,0,,,,f,1
16508336,42828,99,42729,Australia,Entire home/apt,1,2,176,2,10,10,10,f,1
17918235,42828,484,42344,Australia,Shared room,1.5,1,45,0,,,,f,1
16605767,42828,273,42555,Australia,Private room,1,1,50,0,,,,t,1
10250592,42828,530,42298,Australia,Entire home/apt,3,8,330,18,10,9,10,f,1
10973274,42829,472,42357,Australia,Private room,1,1,69,6,10,10,10,f,1
14639965,42828,226,42602,Australia,Shared room,1.5,1,35,10,9,9,10,f,1
10482357,42829,450,42379,Australia,Private room,2,1,30,3,10,10,10,t,1
10839085,42828,453,42375,Australia,Private room,1,1,105,1,,,,f,1
1665907,42828,1297,41531,Australia,Entire home/apt,1,2,98,1,8,10,10,f,1
9464694,42828,1055,41773,Australia,Entire home/apt,1,1,79,3,9,9,9,f,1
4549546,42828,875,41953,Australia,Private room,1.5,1,89,7,9,9,9,f,1
4875602,42828,833,41995,Australia,Private room,1,1,100,0,,,,f,1
17853403,42828,14,42814,Australia,Entire home/apt,1,1,490,0,,,,f,1
4875726,42828,833,41995,Australia,Private room,1,1,130,0,,,,f,1
15820342,42828,162,42666,Australia,Private room,1,1,54,1,10,10,10,t,1
13133442,42828,317,42511,Australia,Private room,1,1,30,8,9,9,9,f,1
4222230,42829,918,41911,Australia,Private room,1,2,85,5,10,10,10,f,1
13659522,42829,665,42164,Australia,Entire home/apt,1,1,109,1,10,10,10,f,1
13661091,42830,286,42544,Australia,Private room,1,1,39,0,,,,t,1
13066372,42828,533,42295,Australia,Private room,2.5,1,55,19,10,9,9,t,1
17393540,42828,781,42047,Australia,Private room,1,1,41,0,,,,t,1
3044481,42829,1056,41773,Australia,Entire home/apt,2,2,189,5,9,8,8,f,1
9334026,42830,532,42298,Australia,Entire home/apt,2,5,260,30,9,10,9,f,1
14842014,42829,501,42328,Australia,Private room,1,1,26,5,7,9,10,t,1
16087198,42829,534,42295,Australia,Private room,2.5,1,35,3,10,8,9,f,1
3373430,42829,1056,41773,Australia,Entire home/apt,2,2,189,5,9,10,10,f,1
15454384,42829,684,42145,Australia,Entire home/apt,1,1,127,3,10,9,9,f,1
12810756,42829,624,42205,Australia,Private room,1,1,60,12,10,9,10,f,1
11303472,42829,413,42416,Australia,Entire home/apt,1,2,98,3,9,10,10,f,1
17290133,42830,326,42504,Australia,Entire home/apt,1,1,150,0,,,,t,1
10153511,42830,780,42050,Australia,Entire home/apt,2,5,399,1,10,10,10,f,1
13554866,42829,934,41895,Australia,Private room,1,1,49,6,8,9,10,t,1
7699222,42829,671,42158,Australia,Private room,1,1,35,11,9,9,9,f,1
15198707,42829,770,42059,Australia,Private room,1,1,56,6,10,10,10,t,1
13335497,42829,532,42297,Australia,Entire home/apt,1,3,250,0,,,,t,1
17528201,42830,946,41884,Australia,Private room,1,1,45,0,,,,f,1
16242590,42829,121,42708,Australia,Entire home/apt,2,2,150,2,5,7,5,t,1
11893885,42829,384,42445,Australia,Private room,0.5,1,46,5,10,9,10,f,1
17792439,42829,1012,41817,Australia,Entire home/apt,1,2,149,0,,,,f,1
17350587,42829,413,42416,Australia,Private room,1,1,85,0,,,,t,1
6717074,42829,1069,41760,Australia,Private room,1,1,47,0,,,,f,1
12074972,42829,792,42037,Australia,Private room,2.5,1,60,0,,,,f,1
15522916,42829,280,42549,Australia,Entire home/apt,1,1,99,0,,,,f,1
11343184,42829,1066,41763,Australia,Shared room,1.5,1,55,5,8,9,8,f,1
10780725,42829,854,41975,Australia,Private room,1,1,89,1,,,,f,1
10977555,42829,506,42323,Australia,Private room,2,1,35,0,,,,f,1
5276013,42829,788,42041,Australia,Private room,1,1,55,2,7,10,9,f,1
14579271,42830,686,42144,Australia,Private room,1,1,39,13,9,9,9,t,1
9863774,42829,484,42345,Australia,Entire home/apt,1,2,100,6,10,9,10,f,1
5670432,42829,42829,,Australia,Entire home/apt,1.5,2,107,0,,,,f,1
10340578,42829,457,42372,Australia,Private room,1,1,37,0,,,,f,1
15501791,42829,423,42406,Australia,Private room,1,1,85,3,9,10,9,f,1
13210144,42829,314,42515,Australia,Entire home/apt,1,2,150,35,9,9,9,t,1
16814313,42829,483,42346,Australia,Shared room,1,1,35,3,10,9,9,t,1
17667442,42829,567,42262,Australia,Entire home/apt,2,2,198,0,,,,f,1
17930409,42829,454,42375,Australia,Private room,1,1,116,0,,,,f,1
14524420,42829,787,42042,Australia,Entire home/apt,1.5,1,54,2,8,10,10,f,1
16752803,42829,799,42030,Australia,Entire home/apt,2.5,3,175,0,,,,f,1
6441990,42829,1581,41248,Australia,Entire home/apt,2,2,181,2,10,9,9,f,1
17562269,42830,316,42514,Australia,Private room,1,1,42,2,10,10,10,f,1
11728101,42830,1536,41294,Australia,Private room,1,1,64,0,,,,f,1
4420479,42830,893,41937,Australia,Private room,1,1,75,20,8,9,9,f,1
13496152,42830,1776,41054,Australia,Entire home/apt,2,3,150,0,,,,f,1
16969535,42830,76,42754,Australia,Private room,1,1,53,3,9,9,10,t,1
10087757,42830,473,42357,Australia,Entire home/apt,1,1,120,0,,,,f,1
6442289,42829,1581,41248,Australia,Entire home/apt,1,2,162,5,9,9,10,f,1
12176633,42829,372,42457,Australia,Entire home/apt,2,2,169,35,10,9,10,f,1
17779549,42829,124,42705,Australia,Private room,1,1,60,2,10,10,10,t,1
9159582,42829,523,42306,Australia,Entire home/apt,1,1,120,0,,,,f,1
12176184,42829,1315,41514,Australia,Entire home/apt,1,1,50,41,10,9,10,f,1
12796635,42829,339,42490,Australia,Private room,1,1,70,0,,,,f,1
5949618,42829,742,42087,Australia,Private room,1,1,85,6,7,9,8,f,1
9128093,42829,671,42158,Australia,Private room,1,1,39,3,10,9,9,f,1
8570848,42829,557,42272,Australia,Private room,1,1,60,2,10,9,10,f,1
14436069,42829,321,42508,Australia,Private room,1,1,80,12,10,10,10,f,1
3721991,42829,1056,41773,Australia,Entire home/apt,2,2,189,4,8,9,8,f,1
16105816,42829,1793,41036,Australia,Entire home/apt,1,1,100,0,,,,f,1
5063614,42829,810,42019,Australia,Private room,1.5,1,68,3,8,8,8,f,1
17350883,42829,43,42786,Australia,Entire home/apt,3,5,451,0,,,,f,1
15946609,42829,142,42687,Australia,Shared room,2,1,79,0,,,,t,1
7847860,42829,691,42138,Australia,Entire home/apt,1,1,70,9,8,9,8,f,1
16301613,42829,117,42712,Australia,Private room,1,1,75,1,10,8,10,t,1
9616332,42829,945,41884,Australia,Entire home/apt,1,1,110,50,9,9,9,f,1
16301772,42829,2424,40405,Australia,Private room,1,1,68,0,,,,f,1
9434274,42829,791,42038,Australia,Entire home/apt,3,4,194,1,8,8,10,f,1
8960617,42829,565,42264,Australia,Entire home/apt,1,1,116,1,10,8,10,f,1
15439999,42829,416,42413,Australia,Private room,3,1,59,12,10,9,9,f,1
9156119,42829,531,42298,Australia,Private room,1,1,50,0,,,,f,1
6009915,42829,721,42108,Australia,Entire home/apt,1,1,125,21,10,10,10,f,1
13481022,42829,311,42518,Australia,Private room,1,1,66,1,10,10,10,f,1
17741516,42829,19,42810,Australia,Entire home/apt,1,3,145,0,,,,t,1
4372144,42829,899,41930,Australia,Entire home/apt,1.5,2,129,25,10,9,10,f,1
10476357,42829,454,42375,Australia,Private room,1,1,99,11,10,10,10,f,1
17750917,42829,30,42799,Australia,Private room,1,1,70,0,,,,f,1
634581,42829,1703,41126,Australia,Entire home/apt,1,1,120,97,10,10,10,f,1
13283982,42829,892,41937,Australia,Private room,1,1,60,5,9,10,9,f,1
8821054,42829,960,41869,Australia,Entire home/apt,1,2,108,1,10,10,10,f,1
16230937,42829,480,42349,Australia,Entire home/apt,1.5,3,750,0,,,,f,1
11382047,42829,1985,40844,Australia,Entire home/apt,1,2,120,15,9,10,10,f,1
13085924,42829,321,42508,Australia,Entire home/apt,1,2,80,0,,,,f,1
17450684,42829,142,42687,Australia,Private room,1,1,50,5,10,9,9,t,1
13477990,42829,297,42532,Australia,Private room,1.5,1,88,0,,,,t,1
16885686,42829,782,42047,Australia,Private room,1,1,43,5,9,10,10,t,1
11052826,42829,802,42027,Australia,Private room,1,1,70,5,10,10,10,f,1
9085727,42829,956,41873,Australia,Private room,1.5,1,55,4,9,9,10,f,1
15147293,42829,564,42265,Australia,Private room,1,1,80,0,,,,f,1
6134420,42829,712,42117,Australia,Private room,1,1,93,0,,,,t,1
13868744,42829,574,42255,Australia,Private room,1,1,75,0,,,,f,1
13736380,42829,1280,41549,Australia,Private room,1,1,70,3,10,10,10,t,1
16816298,42829,77,42752,Australia,Private room,1,1,64,2,9,9,10,t,1
17930335,42829,454,42375,Australia,Private room,1,1,113,0,,,,t,1
17406037,42829,567,42262,Australia,Entire home/apt,1,2,105,0,,,,f,1
1088417,42829,1510,41319,Australia,Private room,1,1,80,38,10,10,10,f,1
17012478,42829,499,42330,Australia,Entire home/apt,1,1,81,5,10,10,10,t,1
17078666,42829,590,42239,Australia,Private room,2,1,50,0,,,,f,1
9999558,42829,477,42352,Australia,Private room,1,1,50,0,,,,f,1
5805196,42829,739,42090,Australia,Entire home/apt,2,3,191,29,10,9,10,t,1
9080861,42829,959,41870,Australia,Entire home/apt,1.5,3,300,1,10,8,8,f,1
9016172,42829,974,41855,Australia,Shared room,1,1,91,0,,,,t,1
16419895,42829,107,42722,Australia,Private room,2,1,148,0,,,,f,1
8619934,42829,562,42267,Australia,Entire home/apt,1,1,150,1,8,8,8,f,1
17337186,42829,2227,40602,Australia,Entire home/apt,1,2,100,6,10,9,10,t,1
8489116,42829,561,42268,Australia,Shared room,2.5,1,20,9,10,8,9,f,1
17430823,42829,1896,40933,Australia,Entire home/apt,1,3,250,1,10,10,10,f,1
7700641,42829,877,41952,Australia,Private room,1.5,1,52,125,10,10,10,t,1
17594965,42829,1284,41545,Australia,Entire home/apt,1,2,100,0,,,,f,1
14841409,42829,1438,41391,Australia,Private room,1,1,149,5,8,9,9,f,1
15692578,42829,42829,,Australia,Entire home/apt,1,0,100,10,10,9,10,f,1
11301493,42829,413,42416,Australia,Entire home/apt,2,4,250,0,,,,f,1
16608130,42828,784,42044,Australia,Private room,1,1,50,0,,,,t,1
17260298,42828,736,42092,Australia,Entire home/apt,1,2,90,0,,,,t,1
13591841,42828,1349,41479,Australia,Private room,1,1,41,26,9,9,9,f,1
941603,42828,1508,41320,Australia,Entire home/apt,1,2,145,52,10,10,10,f,1
5921339,42828,750,42078,Australia,Entire home/apt,1,0,100,0,,,,f,1
10637056,42828,805,42023,Australia,Private room,0.5,1,66,2,7,10,9,f,1
6442088,42828,1580,41248,Australia,Entire home/apt,2,2,176,1,6,10,8,f,1
9844656,42828,484,42344,Australia,Private room,2.5,1,50,3,10,9,10,f,1
10170332,42828,805,42023,Australia,Private room,0.5,1,79,1,8,8,8,f,1
17114479,42828,1241,41587,Australia,Private room,2.5,2,75,3,10,10,10,f,1
4138110,42828,971,41857,Australia,Private room,1,1,66,8,6,9,9,t,1
6497106,42828,682,42146,Australia,Private room,2,1,140,0,,,,f,1
17310434,42828,1000,41828,Australia,Entire home/apt,1,3,149,3,9,9,10,t,1
7938544,42828,594,42234,Australia,Private room,1,1,85,0,,,,f,1
4888502,42828,1266,41562,Australia,Private room,1,1,69,55,10,10,10,f,1
8525835,42828,1182,41646,Australia,Entire home/apt,1,1,98,41,10,10,10,f,1
15011254,42828,203,42625,Australia,Private room,1,1,100,0,,,,f,1
15339508,42828,944,41884,Australia,Entire home/apt,1,1,128,3,9,9,9,f,1
10027851,42828,801,42027,Australia,Entire home/apt,1,1,121,1,10,8,8,f,1
15761516,42828,154,42674,Australia,Private room,1.5,1,35,1,10,6,10,t,1
1967288,42828,1244,41584,Australia,Entire home/apt,2,2,187,122,10,10,9,f,1
13566154,42828,853,41975,Australia,Entire home/apt,1,4,118,18,9,9,10,f,1
16232332,42829,121,42708,Australia,Private room,1,1,60,0,,,,t,1
16886606,42829,454,42375,Australia,Private room,1.5,2,205,0,,,,f,1
13941543,42829,268,42561,Australia,Private room,1,1,56,0,,,,t,1
1718606,42829,1286,41543,Australia,Private room,1,1,70,139,9,9,10,f,1
7534850,42830,1130,41700,Australia,Private room,1,1,70,3,10,10,10,f,1
13807735,42829,276,42553,Australia,Private room,1.5,1,55,0,,,,f,1
2936130,42829,1069,41760,Australia,Private room,1,1,91,4,9,10,10,f,1
11643098,42830,395,42435,Australia,Private room,1,1,80,0,,,,f,1
8229443,42829,708,42121,Australia,Private room,1,1,54,23,9,9,9,f,1
1870108,42829,1250,41579,Australia,Private room,1,1,55,64,10,9,10,f,1
6158153,42830,1415,41415,Australia,Private room,1.5,1,54,1,10,8,10,f,1
12834046,42829,633,42196,Australia,Private room,1,1,45,3,9,10,10,f,1
888107,42829,1642,41187,Australia,Private room,1,1,64,55,8,9,9,f,1
14329250,42829,1011,41818,Australia,Private room,1,1,87,5,10,10,10,f,1
17073360,42830,572,42258,Australia,Private room,1,1,60,0,,,,f,1
9355668,42829,1065,41764,Australia,Private room,2,1,51,13,9,9,10,t,1
15304080,42829,265,42564,Australia,Private room,2,1,45,3,7,9,8,f,1
10005090,42829,476,42353,Australia,Private room,1,1,64,36,10,9,10,f,1
9825021,42830,1378,41452,Australia,Private room,2.5,1,64,16,10,10,10,f,1
5617036,42829,1608,41221,Australia,Private room,1,1,148,5,9,10,9,f,1
5504236,42830,766,42064,Australia,Private room,1,1,120,0,,,,f,1
11516340,42829,806,42023,Australia,Private room,1,1,75,5,10,9,10,f,1
9671669,42830,495,42335,Australia,Private room,1,1,501,0,,,,f,1
2572454,42829,1637,41192,Australia,Private room,1.5,1,59,39,10,10,10,t,1
16316246,42830,1226,41604,Australia,Private room,3,1,64,1,10,10,10,f,1
4371681,42829,1739,41090,Australia,Private room,2,1,55,37,8,9,9,f,1
10995325,42829,2280,40549,Australia,Private room,1,1,80,81,9,10,10,f,1
16509677,42830,104,42726,Australia,Private room,2,1,70,4,10,10,10,t,1
4164487,42829,926,41903,Australia,Private room,1,1,79,61,10,10,10,f,1
3406385,42830,1016,41814,Australia,Private room,1,1,200,0,,,,f,1
10580453,42830,1051,41779,Australia,Private room,1.5,1,45,2,10,10,10,f,1
16903431,42830,848,41982,Australia,Entire home/apt,3,4,349,0,,,,f,1
15116244,42830,199,42631,Australia,Entire home/apt,1,2,200,1,10,10,10,t,1
13362535,42829,1990,40839,Australia,Private room,1,1,120,38,10,10,10,f,1
16313889,42830,117,42713,Australia,Private room,1.5,1,80,1,10,8,10,t,1
15198365,42830,806,42024,Australia,Entire home/apt,1,2,200,7,9,9,10,f,1
13564891,42830,1668,41162,Australia,Private room,1,1,35,1,10,10,10,f,1
9565553,42830,501,42329,Australia,Entire home/apt,1,3,300,0,,,,f,1
4449101,42829,1722,41107,Australia,Entire home/apt,1.5,2,155,0,,,,f,1
10021995,42830,798,42032,Australia,Entire home/apt,2,4,300,0,,,,f,1
17993655,42829,911,41918,Australia,Private room,1,1,39,0,,,,t,1
5042107,42829,812,42017,Australia,Private room,1,1,99,6,10,10,9,f,1
17101268,42829,1449,41380,Australia,Entire home/apt,2,3,250,0,,,,f,1
12368549,42829,414,42415,Australia,Entire home/apt,1.5,2,150,3,9,10,10,f,1
9563359,42830,502,42328,Australia,Entire home/apt,2,3,250,3,9,10,9,f,1
16055741,42829,238,42591,Australia,Private room,1,2,300,1,10,10,10,t,1
12764385,42829,368,42461,Australia,Entire home/apt,1,0,85,4,10,10,10,f,1
6022005,42829,720,42109,Australia,Entire home/apt,1,1,169,8,10,10,9,f,1
10810835,42830,723,42107,Australia,Entire home/apt,1,1,150,6,9,9,9,f,1
6926181,42829,654,42175,Australia,Entire home/apt,2,4,318,10,10,10,9,f,1
2374972,42829,1148,41681,Australia,Entire home/apt,1,1,141,42,10,10,9,f,1
11301523,42830,535,42295,Australia,Private room,1.5,1,70,1,,,,f,1
4825556,42829,841,41988,Australia,Private room,1,1,91,0,,,,f,1
11956080,42830,653,42177,Australia,Entire home/apt,2,3,399,1,10,10,10,f,1
14807314,42830,612,42218,Australia,Entire home/apt,1,1,169,11,10,9,10,f,1
7794653,42830,1251,41579,Australia,Entire home/apt,1,1,141,0,,,,f,1
15513787,42829,171,42658,Australia,Entire home/apt,1,0,374,0,,,,t,1
6007621,42829,1882,40947,Australia,Entire home/apt,1,2,244,58,9,10,9,f,1
15919236,42830,266,42564,Australia,Private room,2,1,49,0,,,,f,1
4324863,42830,1620,41210,Australia,Entire home/apt,1,2,85,1,8,8,8,f,1
10157441,42830,1236,41594,Australia,Entire home/apt,1,3,300,0,,,,f,1
17243877,42829,312,42517,Australia,Entire home/apt,1,1,91,1,10,10,10,f,1
5087169,42829,807,42022,Australia,Entire home/apt,2,2,150,1,10,10,10,f,1
9731286,42830,1732,41098,Australia,Entire home/apt,1,3,198,3,9,10,10,f,1
16969516,42830,392,42438,Australia,Entire home/apt,1,1,99,5,9,9,10,t,1
17624721,42830,28,42802,Australia,Private room,1,1,63,2,7,10,10,t,1
12500799,42829,454,42375,Australia,Entire home/apt,1.5,3,250,8,9,9,9,f,1
12853953,42829,566,42263,Australia,Entire home/apt,2,2,200,9,10,10,10,f,1
1822157,42829,1280,41549,Australia,Entire home/apt,1.5,2,180,22,9,9,9,f,1
16900921,42829,79,42750,Australia,Entire home/apt,1,1,138,6,10,10,10,t,1
5622326,42829,778,42051,Australia,Entire home/apt,1,1,135,86,10,10,10,f,1
17113898,42829,916,41913,Australia,Entire home/apt,1,3,300,0,,,,f,1
13499370,42830,296,42534,Australia,Entire home/apt,1,1,169,0,,,,f,1
16053843,42830,655,42175,Australia,Private room,1,1,80,4,9,10,9,f,1
17365782,42830,653,42177,Australia,Entire home/apt,3,4,250,2,10,9,9,f,1
6812845,42829,662,42167,Australia,Private room,1,1,50,0,,,,f,1
10921582,42830,1062,41768,Australia,Entire home/apt,1,1,135,38,10,10,10,f,1
6939964,42829,1511,41318,Australia,Entire home/apt,1.5,2,230,49,10,10,9,f,1
11265412,42829,749,42080,Australia,Entire home/apt,1,0,75,0,,,,f,1
17751982,42828,447,42381,Australia,Private room,1,1,100,2,10,10,10,f,1
6350100,42829,1895,40934,Australia,Entire home/apt,1.5,3,135,3,7,9,7,f,1
1501385,42830,1654,41176,Australia,Private room,1,1,75,47,9,9,9,f,1
10929826,42829,1771,41058,Australia,Entire home/apt,1,2,349,5,9,9,9,f,1
2062003,42830,1463,41367,Australia,Entire home/apt,2.5,2,141,52,10,9,10,f,1
11264211,42829,817,42012,Australia,Entire home/apt,1,0,116,14,9,8,9,f,1
10418581,42830,454,42376,Australia,Entire home/apt,2,4,451,3,9,9,9,f,1
17079018,42829,291,42538,Australia,Private room,1,1,150,4,10,9,10,t,1
17754360,42830,19,42811,Australia,Private room,1,1,127,0,,,,f,1
4958261,42830,860,41970,Australia,Entire home/apt,1.5,2,160,10,9,10,9,t,1
7663143,42829,612,42217,Australia,Entire home/apt,1.5,3,349,1,10,10,10,f,1
1230182,42829,1737,41092,Australia,Entire home/apt,1,1,135,78,9,10,9,f,1
1145567,42830,1435,41395,Australia,Private room,2,1,125,12,8,9,9,f,1
1610355,42829,1467,41362,Australia,Private room,1.5,1,110,8,9,9,9,f,1
10475977,42829,451,42378,Australia,Entire home/apt,2,3,250,2,10,10,10,f,1
5175373,42830,799,42031,Australia,Entire home/apt,1,2,180,41,9,9,9,f,1
16286929,42829,1049,41780,Australia,Entire home/apt,2,3,250,1,6,10,10,f,1
9830096,42830,1668,41162,Australia,Entire home/apt,2,1,141,5,9,10,10,f,1
4512376,42829,910,41919,Australia,Entire home/apt,2,4,296,6,10,10,10,f,1
17483549,42829,35,42794,Australia,Entire home/apt,1.5,2,124,0,,,,t,1
4299390,42829,1269,41560,Australia,Entire home/apt,2,2,250,2,10,10,10,f,1
15256619,42829,189,42640,Australia,Entire home/apt,1,2,200,9,10,9,10,f,1
17031193,42829,312,42517,Australia,Entire home/apt,1,3,300,1,10,10,10,f,1
11776002,42829,893,41936,Australia,Entire home/apt,1,1,120,32,9,10,9,f,1
13360939,42829,375,42454,Australia,Entire home/apt,2,2,150,2,10,10,10,f,1
16904225,42830,653,42177,Australia,Entire home/apt,1,2,200,0,,,,t,1
749878,42829,42829,,Australia,Entire home/apt,1,1,90,16,8,10,9,f,1
10091338,42830,1004,41826,Australia,Entire home/apt,1,1,166,46,10,10,10,f,1
17257124,42829,1051,41778,Australia,Entire home/apt,1,1,145,0,,,,f,1
12029319,42829,1410,41419,Australia,Entire home/apt,2,2,120,10,9,9,9,f,1
14996048,42829,1513,41316,Australia,Entire home/apt,2,3,374,1,8,10,10,f,1
17612260,42829,1364,41465,Australia,Entire home/apt,3,3,5200,0,,,,f,1
16570851,42829,95,42734,Australia,Entire home/apt,3.5,4,900,0,,,,t,1
7657705,42829,612,42217,Australia,Entire home/apt,1.5,2,155,1,,,,f,1
16380041,42830,932,41898,Australia,Entire home/apt,2.5,4,850,1,8,10,8,t,1
16230110,42829,609,42220,Australia,Entire home/apt,1,2,250,4,10,10,10,f,1
16356694,42829,2274,40555,Australia,Entire home/apt,1,0,180,6,10,8,8,t,1
1230684,42829,1401,41428,Australia,Entire home/apt,2,2,125,23,9,9,9,f,1
2421491,42830,1143,41687,Australia,Entire home/apt,2,2,451,8,10,10,10,f,1
902772,42829,1850,40979,Australia,Entire home/apt,1,2,225,32,10,10,9,f,1
9957942,42830,1088,41742,Australia,Entire home/apt,2.5,3,495,0,,,,t,1
3334225,42829,1171,41658,Australia,Entire home/apt,2,3,315,4,9,10,9,f,1
1352543,42829,1367,41462,Australia,Entire home/apt,1,2,145,6,8,10,10,f,1
4062838,42830,940,41890,Australia,Entire home/apt,2.5,4,501,1,8,10,8,f,1
17047108,42829,1449,41380,Australia,Entire home/apt,2,2,200,0,,,,f,1
9300427,42830,1045,41785,Australia,Entire home/apt,1,2,129,62,10,10,10,f,1
4317071,42829,906,41923,Australia,Entire home/apt,2,2,260,6,9,10,9,f,1
15594060,42830,167,42663,Australia,Entire home/apt,1,1,150,3,8,10,10,f,1
8909964,42830,538,42292,Australia,Private room,1,1,42,0,,,,f,1
13104059,42829,320,42509,Australia,Entire home/apt,2,3,300,0,,,,f,1
15858222,42830,902,41928,Australia,Entire home/apt,1,2,160,0,,,,f,1
9830750,42828,1720,41108,Australia,Entire home/apt,1,2,281,0,,,,f,1
9962537,42828,593,42235,Australia,Entire home/apt,2,3,250,3,10,10,9,f,1
9438540,42828,507,42321,Australia,Entire home/apt,1,1,140,0,,,,f,1
17499526,42828,510,42318,Australia,Entire home/apt,2,3,245,0,,,,t,1
5221304,42828,2286,40542,Australia,Private room,1,1,94,5,8,8,8,f,1
16713342,42828,83,42745,Australia,Entire home/apt,2,4,400,0,,,,t,1
17124256,42828,57,42771,Australia,Private room,1,1,69,6,10,9,9,t,1
15009848,42828,935,41893,Australia,Entire home/apt,1,2,90,3,9,9,9,f,1
9308295,42828,514,42314,Australia,Entire home/apt,1,1,115,2,7,7,10,f,1
4000896,42828,946,41882,Australia,Entire home/apt,1,3,350,2,10,10,9,f,1
12681609,42828,343,42485,Australia,Entire home/apt,2,3,180,3,9,8,9,f,1
9599285,42828,518,42310,Australia,Entire home/apt,1,2,229,3,10,9,10,f,1
939748,42828,1641,41187,Australia,Private room,1,1,140,46,8,9,9,f,1
4072177,42828,937,41891,Australia,Private room,1.5,1,85,79,10,9,10,f,1
9439675,42828,881,41947,Australia,Entire home/apt,1,2,201,0,,,,f,1
1968630,42828,1972,40856,Australia,Entire home/apt,1,1,160,5,9,8,8,f,1
2034156,42828,1215,41613,Australia,Entire home/apt,1.5,3,260,38,9,9,9,f,1
4624297,42828,866,41962,Australia,Private room,1,1,85,53,10,10,10,f,1
16124692,42828,129,42699,Australia,Entire home/apt,2,2,260,1,10,10,10,f,1
12389203,42828,356,42472,Australia,Entire home/apt,1,2,4001,0,,,,f,1
12192618,42828,950,41878,Australia,Entire home/apt,2,3,600,0,,,,f,1
16845762,42828,1050,41778,Australia,Entire home/apt,1,2,210,0,,,,f,1
4151116,42828,944,41884,Australia,Private room,1.5,1,59,48,10,10,9,f,1
15535133,42828,180,42648,Australia,Entire home/apt,3,4,450,13,10,9,9,f,1
17894661,42828,290,42538,Australia,Private room,1,1,66,0,,,,t,1
11799944,42828,1034,41794,Australia,Entire home/apt,2,3,551,1,10,10,8,t,1
4590927,42828,869,41959,Australia,Entire home/apt,1,1,100,70,10,9,10,f,1
6098223,42828,1849,40979,Australia,Entire home/apt,1,1,135,7,10,10,9,f,1
2821454,42828,1195,41633,Australia,Private room,1,1,50,98,10,10,10,f,1
14492720,42828,441,42387,Australia,Private room,1,1,48,9,9,10,10,f,1
4431979,42828,890,41938,Australia,Private room,2,1,80,1,10,10,10,f,1
13046018,42828,340,42488,Australia,Entire home/apt,1,2,145,1,10,10,10,f,1
5471237,42828,1575,41253,Australia,Private room,1,1,75,5,9,9,9,f,1
11084973,42828,846,41982,Australia,Entire home/apt,1,0,121,54,10,10,10,f,1
5774064,42828,1201,41627,Australia,Entire home/apt,2,3,295,69,10,9,9,f,1
10322672,42828,1224,41604,Australia,Private room,2,1,75,14,10,10,9,f,1
1060458,42828,1455,41373,Australia,Entire home/apt,1,1,170,46,10,10,10,f,1
3548424,42828,999,41829,Australia,Entire home/apt,1.5,3,190,5,8,10,7,f,1
334817,42828,2075,40753,Australia,Entire home/apt,2,3,311,33,10,10,10,f,1
9996241,42828,476,42352,Australia,Entire home/apt,3,3,350,0,,,,f,1
1584570,42828,1574,41254,Australia,Entire home/apt,2.5,3,535,0,,,,f,1
3742718,42828,979,41849,Australia,Private room,1.5,1,90,0,,,,f,1
16069675,42828,720,42108,Australia,Entire home/apt,2.5,3,350,8,10,10,10,f,1
17049088,42828,1102,41726,Australia,Entire home/apt,2,3,400,0,,,,f,1
2172427,42828,1182,41646,Australia,Private room,1,1,35,3,10,10,10,f,1
274251,42828,1959,40869,Australia,Entire home/apt,2.5,5,901,2,9,8,10,f,1
11677523,42828,416,42412,Australia,Private room,1,1,50,0,,,,f,1
13851963,42828,727,42101,Australia,Entire home/apt,2,3,250,2,9,10,9,f,1
4002622,42828,1719,41109,Australia,Entire home/apt,1,1,157,12,10,10,10,f,1
6036714,42828,1405,41423,Australia,Entire home/apt,1,3,315,3,7,10,8,f,1
10299148,42828,587,42241,Australia,Entire home/apt,1,0,100,9,8,9,8,t,1
15151032,42828,1042,41786,Australia,Entire home/apt,2,3,400,2,10,10,10,f,1
17126712,42828,518,42310,Australia,Entire home/apt,1,3,350,14,10,9,9,f,1
15607622,42828,212,42616,Australia,Private room,1,1,55,1,10,10,10,f,1
15932805,42828,2438,40390,Australia,Entire home/apt,2,3,312,1,6,6,6,f,1
3546505,42828,1513,41315,Australia,Private room,1,1,60,3,10,10,10,f,1
13403781,42828,724,42104,Australia,Private room,1,1,88,2,10,10,10,f,1
14357675,42828,1239,41589,Australia,Entire home/apt,1,2,100,3,9,10,10,f,1
8990813,42828,532,42296,Australia,Entire home/apt,2,2,334,4,10,10,9,f,1
8073918,42828,585,42243,Australia,Private room,1,1,75,0,,,,f,1
2238586,42828,2143,40685,Australia,Entire home/apt,2,2,350,12,9,10,9,f,1
15212105,42828,679,42149,Australia,Entire home/apt,1,2,281,8,8,9,8,f,1
12235459,42828,911,41917,Australia,Entire home/apt,1,2,250,2,9,10,10,f,1
16454978,42828,264,42564,Australia,Private room,1,1,60,2,8,9,8,f,1
14955708,42828,1345,41483,Australia,Entire home/apt,1,1,125,15,9,9,9,f,1
9033969,42828,756,42072,Australia,Private room,1.5,1,75,9,9,10,9,f,1
10891485,42828,431,42397,Australia,Entire home/apt,1,2,250,29,9,10,9,f,1
1056566,42828,1457,41371,Australia,Entire home/apt,1,1,204,5,9,9,8,f,1
10928947,42828,1849,40979,Australia,Private room,1,1,69,46,10,10,10,f,1
9120162,42828,1363,41465,Australia,Entire home/apt,1,2,208,27,8,10,8,t,1
10365369,42828,1175,41653,Australia,Private room,0,1,48,5,8,7,8,f,1
3872366,42828,1006,41822,Australia,Entire home/apt,1,3,315,15,10,10,10,f,1
5581312,42828,758,42070,Australia,Entire home/apt,2,3,350,16,10,10,10,f,1
13644180,42828,1314,41514,Australia,Entire home/apt,2.5,3,300,1,10,8,8,t,1
16548043,42828,679,42149,Australia,Private room,1,1,121,0,,,,t,1
5386712,42828,855,41973,Australia,Entire home/apt,1,2,149,4,9,10,10,f,1
1515571,42828,1652,41176,Australia,Private room,1,1,75,130,9,10,9,f,1
16352619,42828,127,42701,Australia,Private room,3,1,75,2,7,9,8,f,1
5384884,42828,776,42052,Australia,Entire home/apt,2,2,149,6,9,10,10,f,1
726883,42828,1641,41187,Australia,Private room,1,1,75,88,9,9,9,f,1
9579316,42828,499,42329,Australia,Private room,1.5,1,80,18,10,10,10,f,1
8925797,42828,756,42072,Australia,Private room,1,1,75,6,8,9,8,f,1
16396939,42828,1169,41659,Australia,Private room,1,3,42,1,6,8,8,f,1
8924082,42828,1738,41090,Australia,Entire home/apt,2.5,6,800,25,10,10,10,f,1
2304942,42828,1160,41668,Australia,Private room,1,1,125,31,10,10,10,f,1
7285721,42828,1416,41412,Australia,Entire home/apt,1,2,400,0,,,,t,1
12458053,42828,431,42397,Australia,Entire home/apt,2,3,450,0,,,,t,1
9710611,42828,651,42177,Australia,Entire home/apt,2,3,350,0,,,,f,1
17111134,42828,1944,40884,Australia,Entire home/apt,2,2,250,1,10,10,10,f,1
16128114,42828,246,42582,Australia,Entire home/apt,2,3,450,0,,,,t,1
8904144,42828,832,41996,Australia,Private room,1,1,89,28,9,9,9,f,1
18028663,42828,851,41977,Australia,Entire home/apt,2,3,600,0,,,,f,1
13380682,42828,1215,41613,Australia,Entire home/apt,2,1,110,0,,,,f,1
8132757,42828,582,42246,Australia,Entire home/apt,1.5,3,275,1,10,10,10,f,1
2960466,42828,1064,41764,Australia,Entire home/apt,2,2,220,161,9,10,9,f,1
6391942,42828,690,42138,Australia,Private room,1,1,121,11,10,10,10,f,1
10791570,42828,436,42392,Australia,Private room,1,1,72,0,,,,f,1
14955369,42828,1050,41778,Australia,Entire home/apt,1,1,149,4,8,9,9,f,1
664353,42828,1763,41065,Australia,Entire home/apt,1,1,135,60,10,10,10,f,1
13482303,42828,1110,41718,Australia,Entire home/apt,1,1,100,22,10,10,9,f,1
9241666,42828,722,42106,Australia,Private room,1,1,60,1,8,10,10,f,1
4458648,42828,886,41942,Australia,Entire home/apt,2,2,350,0,,,,f,1
4140367,42828,928,41900,Australia,Entire home/apt,1,1,135,21,10,10,10,f,1
11638129,42828,781,42047,Australia,Entire home/apt,1,2,220,6,10,10,10,f,1
6560250,42828,708,42120,Australia,Entire home/apt,2,2,450,2,10,10,8,f,1
1451001,42828,1345,41483,Australia,Entire home/apt,1,1,125,28,9,9,9,f,1
16060581,42828,133,42695,Australia,Entire home/apt,1,2,199,8,10,10,9,t,1
12073867,42828,781,42047,Australia,Entire home/apt,1,1,121,0,,,,f,1
12073942,42828,371,42457,Australia,Entire home/apt,2,3,499,0,,,,f,1
1915883,42828,1511,41317,Australia,Entire home/apt,1.5,3,395,2,9,10,10,f,1
12891315,42828,515,42313,Australia,Private room,1,1,50,3,8,8,8,t,1
2899117,42828,1071,41757,Australia,Private room,1,1,85,5,10,10,10,f,1
1837621,42828,1257,41571,Australia,Entire home/apt,1,2,201,39,9,10,9,f,1
17122482,42828,1154,41674,Australia,Entire home/apt,1.5,2,250,0,,,,f,1
14892547,42828,211,42617,Australia,Private room,1,1,60,8,10,9,9,f,1
16006838,42828,720,42108,Australia,Entire home/apt,1,2,121,10,10,10,10,f,1
12190692,42828,1153,41675,Australia,Private room,1,1,66,11,9,9,10,f,1
9101297,42828,525,42303,Australia,Entire home/apt,2,4,1000,2,10,10,9,f,1
5980300,42828,1580,41248,Australia,Entire home/apt,2,2,218,0,,,,f,1
9846940,42828,483,42345,Australia,Entire home/apt,1,1,80,0,,,,f,1
9650362,42828,495,42333,Australia,Entire home/apt,2,3,750,1,10,10,10,f,1
1130697,42828,1433,41395,Australia,Private room,2,1,105,15,8,9,8,f,1
5980418,42828,1580,41248,Australia,Entire home/apt,1,1,166,0,,,,f,1
1261845,42828,1400,41428,Australia,Private room,1,1,60,69,9,9,9,f,1
7751109,42828,1363,41465,Australia,Entire home/apt,2,2,712,0,,,,f,1
13252097,42828,778,42050,Australia,Entire home/apt,1,0,121,0,,,,f,1
2504252,42828,1125,41703,Australia,Private room,1.5,1,76,15,9,10,9,f,1
16135752,42828,335,42493,Australia,Entire home/apt,2,2,56,0,,,,f,1
12880649,42828,747,42081,Australia,Private room,2,1,45,0,,,,f,1
800419,42828,1592,41236,Australia,Entire home/apt,2,3,270,6,7,10,9,f,1
12072623,42828,431,42397,Australia,Private room,2,1,90,1,10,10,10,f,1
3344679,42828,2036,40792,Australia,Entire home/apt,1,1,149,5,10,10,10,f,1
10371800,42828,640,42188,Australia,Private room,1,1,62,22,9,10,10,f,1
14267866,42828,986,41842,Australia,Private room,1,1,79,13,10,9,9,t,1
14762805,42828,665,42163,Australia,Entire home/apt,2,2,210,15,10,10,10,f,1
6305599,42828,861,41967,Australia,Entire home/apt,1,2,121,2,9,9,9,f,1
16070634,42828,1364,41464,Australia,Entire home/apt,1,2,169,1,8,10,10,f,1
12010426,42828,1659,41169,Australia,Entire home/apt,1,1,250,0,,,,f,1
12073056,42828,1314,41514,Australia,Entire home/apt,1,3,201,3,9,9,9,f,1
13659249,42828,1037,41791,Australia,Entire home/apt,1,3,140,4,9,10,10,f,1
866487,42828,1552,41276,Australia,Entire home/apt,2,1,106,16,9,10,10,t,1
2046252,42828,1213,41615,Australia,Entire home/apt,1,2,190,30,9,10,9,f,1
9976184,42828,477,42351,Australia,Private room,1,1,499,0,,,,f,1
2898295,42828,1072,41756,Australia,Entire home/apt,1,1,72,1,6,10,10,f,1
15874440,42828,1435,41393,Australia,Entire home/apt,1,1,225,8,10,10,10,f,1
6109822,42828,712,42116,Australia,Entire home/apt,2.5,3,650,3,10,10,9,f,1
1981074,42828,1477,41351,Australia,Entire home/apt,2.5,3,400,5,10,10,10,f,1
4405930,42828,893,41935,Australia,Entire home/apt,3,4,320,5,9,9,9,f,1
15416003,42828,240,42588,Australia,Entire home/apt,1,1,87,1,,,,f,1
5981263,42828,722,42106,Australia,Private room,1,1,80,43,10,10,10,f,1
15026236,42828,603,42225,Australia,Entire home/apt,1,1,149,23,10,10,9,f,1
10111125,42828,1544,41284,Australia,Entire home/apt,2,2,499,0,,,,f,1
6441114,42828,1580,41248,Australia,Entire home/apt,1,1,161,1,8,10,10,f,1
14305502,42828,264,42564,Australia,Private room,2,1,41,9,9,10,9,f,1
13705061,42828,1173,41655,Australia,Private room,1,1,75,5,10,10,10,t,1
9717397,42828,1377,41451,Australia,Entire home/apt,1,2,275,0,,,,f,1
9123458,42828,1478,41350,Australia,Entire home/apt,1,3,250,1,10,10,10,f,1
5195552,42828,796,42032,Australia,Entire home/apt,1,0,69,19,9,9,9,f,1
7943836,42828,593,42235,Australia,Entire home/apt,2,3,270,5,10,10,10,f,1
16605518,42828,90,42738,Australia,Entire home/apt,1,1,98,0,,,,f,1
6440929,42828,1580,41248,Australia,Entire home/apt,1,1,151,1,8,10,8,f,1
15651797,42828,161,42667,Australia,Private room,1,1,149,5,10,10,10,f,1
3492290,42828,1005,41823,Australia,Private room,1,1,77,40,9,9,10,f,1
6442238,42828,1902,40926,Australia,Entire home/apt,1,2,149,47,10,10,10,f,1
7294213,42828,1297,41531,Australia,Entire home/apt,2,2,135,31,9,10,9,f,1
15748372,42828,569,42259,Australia,Entire home/apt,1,2,149,9,10,10,9,f,1
9735397,42828,1759,41069,Australia,Entire home/apt,1,2,176,2,9,10,9,f,1
11046118,42828,425,42403,Australia,Entire home/apt,1,1,121,1,10,10,10,f,1
8801089,42828,1833,40995,Australia,Private room,1,1,139,4,10,10,10,t,1
16165771,42828,857,41971,Australia,Private room,1,1,66,6,10,9,9,f,1
11075622,42828,423,42405,Australia,Entire home/apt,1.5,2,185,0,,,,f,1
16731727,42828,986,41842,Australia,Entire home/apt,1,2,169,2,8,10,10,t,1
9203245,42828,519,42309,Australia,Entire home/apt,1,2,149,1,8,10,8,f,1
17500210,42828,37,42791,Australia,Entire home/apt,2,3,245,0,,,,f,1
17781223,42828,15,42813,Australia,Entire home/apt,1,2,100,0,,,,f,1
1527695,42828,1564,41264,Australia,Entire home/apt,1,2,125,1,8,10,4,f,1
741639,42828,1811,41017,Australia,Entire home/apt,3,3,849,1,10,10,10,f,1
4738754,42828,852,41976,Australia,Entire home/apt,2.5,3,201,3,10,10,10,f,1
10637025,42828,718,42110,Australia,Entire home/apt,2,3,549,7,10,10,9,f,1
17125119,42828,1939,40889,Australia,Entire home/apt,1,2,123,0,,,,f,1
20865,42828,2662,40166,Australia,Entire home/apt,2,4,450,14,9,10,9,f,1
9785993,42828,953,41875,Australia,Private room,1,1,46,1,10,10,10,f,1
17912898,42828,2152,40676,Australia,Entire home/apt,3,4,250,0,,,,t,1
17912910,42828,1363,41465,Australia,Entire home/apt,1,0,5001,0,,,,f,1
1725625,42828,1368,41460,Australia,Entire home/apt,1,1,225,28,10,10,9,f,1
4154239,42828,944,41884,Australia,Private room,1.5,1,250,1,10,8,8,f,1
17782835,42828,1105,41723,Australia,Private room,1,1,60,0,,,,t,1
873817,42828,1807,41021,Australia,Entire home/apt,1,2,201,44,10,10,10,f,1
4318096,42828,1133,41695,Australia,Entire home/apt,1,1,100,1,10,10,8,f,1
8476004,42828,561,42267,Australia,Entire home/apt,2.5,3,250,2,9,9,10,f,1
4569324,42828,872,41956,Australia,Entire home/apt,3,4,800,12,10,10,10,f,1
6838215,42828,1216,41612,Australia,Entire home/apt,2,1,139,0,,,,f,1
16005415,42828,720,42108,Australia,Entire home/apt,1,1,139,8,10,10,10,f,1
15030002,42828,999,41829,Australia,Private room,1,1,105,13,10,10,10,f,1
11800191,42828,995,41833,Australia,Entire home/apt,1,1,90,14,10,10,10,t,1
15011457,42828,453,42375,Australia,Entire home/apt,1,1,165,3,9,9,9,f,1
10238252,42828,1303,41525,Australia,Entire home/apt,1,2,250,0,,,,f,1
13915919,42828,1363,41465,Australia,Entire home/apt,1,1,156,2,10,10,10,t,1
8475553,42828,561,42267,Australia,Entire home/apt,1.5,2,170,3,10,9,9,f,1
9222316,42828,1450,41378,Australia,Entire home/apt,1,0,149,37,10,10,10,f,1
18026200,42828,593,42235,Australia,Entire home/apt,1,1,100,0,,,,f,1
8018063,42828,761,42067,Australia,Entire home/apt,2.5,4,800,0,,,,f,1
14935063,42828,1050,41778,Australia,Entire home/apt,1,1,131,1,8,,,f,1
8477051,42828,561,42267,Australia,Entire home/apt,2,2,121,3,9,9,9,f,1
16164764,42828,358,42470,Australia,Private room,1.5,1,66,7,10,10,10,f,1
8411526,42828,1214,41614,Australia,Entire home/apt,1,2,218,31,10,10,10,f,1
17895199,42828,8,42820,Australia,Private room,1,1,45,0,,,,t,1
17914634,42828,931,41897,Australia,Entire home/apt,1,1,185,0,,,,f,1
12612864,42829,348,42481,Australia,Entire home/apt,2,3,250,2,10,10,10,f,1
14577628,42829,231,42598,Australia,Private room,1,1,149,0,,,,t,1
9465865,42829,506,42323,Australia,Entire home/apt,1,2,250,0,,,,f,1
13591128,42828,289,42539,Australia,Entire home/apt,1,1,87,6,10,10,10,f,1
16216070,42829,1198,41631,Australia,Private room,1,1,121,3,8,9,9,f,1
12934083,42828,643,42185,Australia,Entire home/apt,1,3,250,0,,,,f,1
17000805,42828,1776,41052,Australia,Entire home/apt,2,2,284,1,10,8,6,f,1
3239988,42829,1035,41794,Australia,Private room,1.5,1,60,0,,,,f,1
944526,42828,1507,41321,Australia,Entire home/apt,1,2,190,18,9,10,9,f,1
8632835,42828,1102,41726,Australia,Entire home/apt,1,0,115,62,10,9,10,t,1
1730303,42828,2048,40780,Australia,Entire home/apt,3,5,901,5,8,9,9,t,1
13067022,42828,1259,41569,Australia,Entire home/apt,1,2,195,17,9,10,9,t,1
5137174,42828,925,41903,Australia,Entire home/apt,1,2,149,5,10,10,10,f,1
5918845,42828,728,42100,Australia,Entire home/apt,1,1,121,2,8,10,10,f,1
4678436,42828,1110,41718,Australia,Entire home/apt,1,0,197,0,,,,f,1
14918836,42828,1050,41778,Australia,Entire home/apt,2,2,194,1,4,6,6,f,1
1077410,42829,1458,41371,Australia,Entire home/apt,1,,204,0,,,,f,1
4788666,42828,953,41875,Australia,Entire home/apt,1,1,130,23,9,9,9,f,1
4875082,42828,833,41995,Australia,Entire home/apt,1,1,125,100,10,10,10,f,1
15437973,42828,214,42614,Australia,Entire home/apt,1,1,400,5,10,9,9,f,1
289368,42828,1937,40891,Australia,Private room,1,1,68,19,10,10,9,f,1
14377918,42828,409,42419,Australia,Private room,1,1,85,6,10,10,10,f,1
16498045,42829,376,42453,Australia,Entire home/apt,2,3,275,5,10,9,8,f,1
10773474,42828,2460,40368,Australia,Private room,1,1,94,10,9,10,8,f,1
13398313,42829,573,42256,Australia,Entire home/apt,2.5,3,350,1,,,,f,1
9466158,42829,1002,41827,Australia,Entire home/apt,1,1,87,6,7,10,9,f,1
11538330,42828,399,42429,Australia,Entire home/apt,2.5,2,180,1,10,10,10,f,1
9397476,42828,935,41893,Australia,Entire home/apt,2,3,300,2,9,10,9,f,1
8414456,42828,565,42263,Australia,Entire home/apt,2.5,3,275,6,10,10,9,f,1
8906002,42828,1649,41179,Australia,Entire home/apt,1,1,145,1,,,,t,1
13660661,42830,286,42544,Australia,Entire home/apt,2,3,681,0,,,,f,1
14968645,42828,686,42142,Australia,Entire home/apt,1,1,166,23,10,10,10,t,1
3095438,42828,1110,41718,Australia,Private room,1,1,60,14,10,10,10,f,1
14072429,42828,812,42016,Australia,Private room,1,1,89,15,9,10,8,t,1
13289041,42828,653,42175,Australia,Private room,1,1,80,8,10,10,10,f,1
6976076,42829,1973,40856,Australia,Private room,1.5,1,90,28,10,10,10,f,1
10706607,42828,440,42388,Australia,Entire home/apt,1,2,201,11,9,10,9,f,1
16277168,42828,117,42711,Australia,Entire home/apt,1,0,90,4,10,10,10,f,1
2909620,42828,1071,41757,Australia,Entire home/apt,1,3,229,10,9,9,9,f,1
17915779,42828,651,42177,Australia,Entire home/apt,2,3,250,0,,,,f,1
9201255,42828,1387,41441,Australia,Entire home/apt,2,4,290,0,,,,f,1
10285865,42828,888,41940,Australia,Entire home/apt,2,3,235,25,10,9,10,f,1
17895704,42828,8,42820,Australia,Entire home/apt,1,2,198,0,,,,t,1
14904683,42829,999,41830,Australia,Entire home/apt,1,1,93,3,9,10,10,f,1
13987225,42829,738,42091,Australia,Entire home/apt,2,4,300,1,6,10,8,f,1
13592301,42828,454,42374,Australia,Entire home/apt,1,2,130,0,,,,f,1
10706935,42828,440,42388,Australia,Private room,1,1,110,10,10,10,10,f,1
9015891,42829,606,42223,Australia,Entire home/apt,1,1,149,1,10,10,10,f,1
16018940,42829,1214,41615,Australia,Entire home/apt,2,4,650,0,,,,t,1
6057460,42830,718,42112,Australia,Entire home/apt,3.5,3,1500,1,10,10,10,f,1
14967020,42828,632,42196,Australia,Entire home/apt,1,2,176,29,8,10,9,f,1
14775432,42829,1973,40856,Australia,Entire home/apt,1.5,2,350,1,,,,f,1
10974373,42829,809,42020,Australia,Entire home/apt,1,2,85,1,10,8,10,f,1
10181445,42829,974,41855,Australia,Private room,1,1,41,0,,,,f,1
5979823,42829,1581,41248,Australia,Entire home/apt,1,1,156,3,8,10,10,f,1
15707858,42830,1052,41778,Australia,Entire home/apt,1,2,210,0,,,,f,1
16510289,42830,104,42726,Australia,Private room,2,1,80,2,9,10,9,t,1
16510201,42830,104,42726,Australia,Private room,2,1,80,2,8,6,4,t,1
14579833,42829,230,42599,Australia,Entire home/apt,1,1,201,1,8,10,10,f,1
15693997,42829,1346,41483,Australia,Entire home/apt,1,2,180,3,9,9,9,t,1
5994743,42829,722,42107,Australia,Entire home/apt,1,1,66,3,7,10,7,f,1
8747288,42829,1202,41627,Australia,Entire home/apt,2,3,295,6,10,10,9,f,1
11761973,42829,1508,41321,Australia,Entire home/apt,1.5,3,180,8,9,10,10,f,1
9796118,42829,488,42341,Australia,Private room,1,2,88,9,10,10,9,f,1
16709176,42830,442,42388,Australia,Entire home/apt,1,2,150,3,10,9,10,f,1
8037171,42829,588,42241,Australia,Entire home/apt,1,0,99,5,10,8,9,t,1
5886907,42829,1577,41252,Australia,Entire home/apt,1,2,187,12,10,10,10,f,1
1430600,42829,1350,41479,Australia,Private room,2,1,95,44,9,10,9,f,1
17591310,42830,1515,41315,Australia,Private room,1,1,55,1,6,10,8,f,1
16442959,42830,658,42172,Australia,Entire home/apt,2,3,194,2,10,10,10,f,1
9032966,42829,2208,40621,Australia,Entire home/apt,3,4,399,1,10,10,10,f,1
9173603,42829,523,42306,Australia,Private room,1.5,1,70,1,,,,t,1
14406957,42829,264,42565,Australia,Private room,1.5,1,80,10,10,10,10,f,1
16870435,42830,1104,41726,Australia,Private room,2,2,150,0,,,,f,1
9098550,42829,526,42303,Australia,Private room,1,1,55,31,10,9,10,t,1
5796898,42830,741,42089,Australia,Private room,1,1,99,180,10,10,10,t,1
13400888,42829,725,42104,Australia,Entire home/apt,1,3,185,7,9,9,10,f,1
1276734,42829,1434,41395,Australia,Entire home/apt,2,3,600,2,8,10,9,f,1
15626878,42830,1362,41468,Australia,Entire home/apt,1,2,131,28,10,9,9,t,1
17880949,42829,2202,40627,Australia,Entire home/apt,1,0,244,0,,,,f,1
9204834,42830,661,42169,Australia,Entire home/apt,2,3,399,1,10,10,10,f,1
4552080,42830,876,41954,Australia,Entire home/apt,1,2,240,1,10,10,10,f,1
17916014,42829,8,42821,Australia,Private room,2.5,0,43,1,8,10,8,t,1
17160176,42829,567,42262,Australia,Shared room,3,1,39,6,10,10,10,f,1
10342064,42829,1225,41604,Australia,Private room,2,1,85,25,10,9,10,f,1
1562695,42829,1321,41508,Australia,Entire home/apt,2,2,110,25,10,10,10,f,1
15957024,42829,1372,41457,Australia,Entire home/apt,1,2,201,2,10,10,9,t,1
10999962,42829,2016,40813,Australia,Entire home/apt,1,1,91,2,10,10,10,f,1
5979720,42829,1581,41248,Australia,Entire home/apt,1,1,161,4,,,,f,1
4381010,42829,950,41879,Australia,Entire home/apt,1,3,300,1,10,8,10,f,1
17333473,42829,1515,41314,Australia,Entire home/apt,2,2,322,0,,,,f,1
883962,42829,2067,40762,Australia,Entire home/apt,1,1,121,6,10,10,10,f,1
14408122,42829,265,42564,Australia,Private room,2,1,35,5,9,9,9,f,1
8743201,42829,757,42072,Australia,Private room,1,1,85,0,,,,f,1
12916005,42829,336,42493,Australia,Private room,1,1,75,5,10,10,10,f,1
8945391,42829,665,42164,Australia,Entire home/apt,1.5,3,300,1,8,10,10,f,1
5537616,42829,1818,41011,Australia,Entire home/apt,2,2,450,2,9,10,10,f,1
13791178,42830,2248,40582,Australia,Private room,1,1,80,19,10,10,10,f,1
16678800,42829,87,42742,Australia,Entire home/apt,1,1,110,10,9,9,10,t,1
7893011,42830,1374,41456,Australia,Private room,1.5,1,64,2,7,10,10,f,1
17765302,42829,513,42316,Australia,Entire home/apt,1,2,121,0,,,,f,1
8749049,42829,614,42215,Australia,Entire home/apt,1,3,270,3,9,10,10,t,1
12746784,42829,1016,41813,Australia,Entire home/apt,2.5,3,499,0,,,,f,1
3696909,42829,985,41844,Australia,Entire home/apt,1,0,130,65,9,10,9,f,1
14712870,42829,224,42605,Australia,Entire home/apt,2,3,499,0,,,,f,1
92853,42829,2232,40597,Australia,Entire home/apt,2,3,400,8,9,10,9,f,1
16113138,42829,131,42698,Australia,Private room,1,1,55,3,10,9,10,f,1
9666808,42829,495,42334,Australia,Private room,1,1,60,1,4,8,8,f,1
17096349,42829,60,42769,Australia,Private room,1,1,89,5,9,10,10,f,1
8814897,42829,1434,41395,Australia,Entire home/apt,2,4,570,1,8,10,10,f,1
1074777,42829,1452,41377,Australia,Entire home/apt,1,3,222,1,10,10,10,f,1
8356300,42829,839,41990,Australia,Entire home/apt,1,1,135,1,10,,,f,1
10840037,42830,1793,41037,Australia,Entire home/apt,1,1,100,20,9,9,9,f,1
17593827,42830,565,42265,Australia,Entire home/apt,1,1,85,3,9,10,10,t,1
10057209,42830,475,42355,Australia,Entire home/apt,2.5,4,501,1,8,10,8,f,1
426879,42829,1818,41011,Australia,Private room,1,1,110,79,10,10,10,f,1
945795,42830,1512,41318,Australia,Entire home/apt,2,2,166,232,10,10,10,t,1
5979779,42829,1581,41248,Australia,Entire home/apt,1,1,156,0,,,,f,1
13403395,42829,1285,41544,Australia,Entire home/apt,1,2,117,4,9,10,10,f,1
14751278,42829,940,41889,Australia,Entire home/apt,1.5,3,300,31,9,10,9,f,1
13788943,42830,682,42148,Australia,Private room,1,1,70,0,,,,f,1
15500733,42829,2287,40542,Australia,Entire home/apt,1.5,1,160,16,9,9,9,f,1
16090602,42829,1227,41602,Australia,Private room,1,1,48,0,,,,t,1
14583290,42829,315,42514,Australia,Entire home/apt,2.5,4,450,1,10,10,10,f,1
2000438,42829,1224,41605,Australia,Entire home/apt,2.5,3,750,0,,,,f,1
17335900,42829,287,42542,Australia,Entire home/apt,1,1,80,0,,,,f,1
16221848,42829,323,42506,Australia,Entire home/apt,1,2,315,0,,,,f,1
5723577,42829,893,41936,Australia,Entire home/apt,1,1,150,53,10,10,10,f,1
16352825,42829,128,42701,Australia,Private room,2,1,64,7,9,9,9,t,1
1869653,42829,1808,41021,Australia,Entire home/apt,1,1,145,17,10,10,9,f,1
14059978,42829,265,42564,Australia,Private room,2,1,55,6,7,9,8,f,1
16485527,42829,102,42727,Australia,Entire home/apt,2,3,250,4,9,10,10,t,1
4702719,42829,1184,41645,Australia,Entire home/apt,1,1,185,30,10,10,10,t,1
7637755,42829,1044,41785,Australia,Entire home/apt,1,2,200,0,,,,f,1
13733425,42829,1115,41714,Australia,Private room,1,1,70,11,10,9,9,t,1
725235,42829,1644,41185,Australia,Entire home/apt,1,2,240,50,10,10,10,f,1
5738311,42829,1581,41248,Australia,Entire home/apt,2,2,198,0,,,,f,1
14062433,42829,1487,41342,Australia,Private room,1,1,70,2,8,10,8,f,1
1349760,42829,1368,41461,Australia,Entire home/apt,3,4,360,4,10,9,10,f,1
16356703,42829,1119,41710,Australia,Entire home/apt,1,1,200,0,,,,f,1
3707984,42829,983,41846,Australia,Entire home/apt,1,1,200,6,10,10,10,f,1
6942348,42829,2049,40780,Australia,Entire home/apt,1,1,113,2,9,10,9,f,1
10393254,42829,454,42375,Australia,Entire home/apt,1,1,180,15,10,10,9,f,1
15637448,42829,1240,41589,Australia,Private room,1,1,60,8,9,10,9,f,1
16325630,42829,1063,41766,Australia,Private room,1,1,39,3,,,,t,1
11443331,42829,407,42422,Australia,Entire home/apt,1,1,250,2,10,10,10,f,1
8888117,42829,709,42120,Australia,Entire home/apt,2,2,225,5,10,10,10,f,1
17244012,42829,50,42779,Australia,Entire home/apt,2.5,2,219,0,,,,t,1
11608390,42829,559,42270,Australia,Entire home/apt,2,3,349,0,,,,f,1
14459288,42829,682,42147,Australia,Entire home/apt,3.5,3,321,12,8,10,9,f,1
6529710,42829,680,42149,Australia,Entire home/apt,1,3,380,33,8,10,8,f,1
9157997,42829,1488,41341,Australia,Private room,1,1,280,0,,,,f,1
15575931,42829,711,42118,Australia,Entire home/apt,2.5,3,200,1,10,8,10,f,1
3052794,42830,1057,41773,Australia,Private room,1,1,110,2,10,10,10,f,1
3667193,42830,1859,40971,Australia,Entire home/apt,1,2,219,0,,,,f,1
11170716,42830,1226,41604,Australia,Private room,2,1,76,11,10,9,9,f,1
14612216,42830,1161,41669,Australia,Entire home/apt,1.5,1,225,6,10,10,10,f,1
6649305,42830,673,42157,Australia,Entire home/apt,1,2,169,26,10,10,10,f,1
13210519,42830,314,42516,Australia,Private room,1,1,100,0,,,,f,1
4892710,42830,1939,40891,Australia,Private room,1,1,62,5,9,9,9,f,1
4583470,42830,872,41958,Australia,Entire home/apt,1,1,166,33,10,10,9,f,1
17592965,42830,505,42325,Australia,Entire home/apt,1,0,80,0,,,,f,1
4157285,42830,928,41902,Australia,Private room,1,1,91,80,9,10,9,f,1
15859003,42830,1273,41557,Australia,Entire home/apt,1,2,150,16,10,10,10,f,1
16510005,42830,104,42726,Australia,Private room,2,1,70,4,10,10,9,t,1
14674266,42830,1108,41722,Australia,Entire home/apt,2,3,800,3,10,10,9,f,1
2533276,42830,1891,40939,Australia,Entire home/apt,1,2,100,0,,,,f,1
16510350,42830,104,42726,Australia,Private room,2,1,80,2,7,10,10,t,1
16510481,42830,104,42726,Australia,Private room,2,1,80,5,9,8,9,t,1
2565679,42829,2009,40820,Australia,Entire home/apt,1,1,169,6,8,10,9,f,1
13019069,42830,327,42503,Australia,Entire home/apt,2.5,4,1051,1,,,,f,1
3793745,42829,1364,41465,Australia,Entire home/apt,2,4,338,4,8,10,8,t,1
2609433,42830,1939,40891,Australia,Private room,1,1,100,6,10,10,10,f,1
16900808,42829,617,42212,Australia,Private room,1,1,64,1,10,10,10,t,1
17948620,42829,6,42823,Australia,Entire home/apt,1,3,180,0,,,,t,1
13034664,42829,324,42505,Australia,Entire home/apt,2,1,131,0,,,,f,1
6216494,42829,1274,41555,Australia,Entire home/apt,1,0,125,8,9,10,9,f,1
3201280,42829,1038,41791,Australia,Entire home/apt,1,2,120,1,8,8,8,f,1
5297599,42829,889,41940,Australia,Entire home/apt,2,3,296,25,9,10,9,f,1
9590113,42829,499,42330,Australia,Private room,0.5,1,55,33,10,10,10,t,1
16830718,42829,417,42412,Australia,Private room,1,1,63,12,10,10,10,t,1
10931622,42829,711,42118,Australia,Private room,2,1,91,9,10,10,10,f,1
11128637,42829,421,42408,Australia,Entire home/apt,1,1,120,10,9,9,9,f,1
15480787,42829,174,42655,Australia,Private room,1,1,54,13,8,9,9,f,1
642749,42829,1698,41131,Australia,Entire home/apt,2,4,670,5,8,10,8,f,1
10145295,42829,1159,41670,Australia,Private room,1,1,80,6,9,10,10,f,1
15257722,42829,484,42345,Australia,Entire home/apt,1,1,100,61,10,10,10,t,1
3264656,42829,1032,41797,Australia,Entire home/apt,2,3,191,16,10,10,10,f,1
11128166,42829,421,42408,Australia,Entire home/apt,1.5,4,424,9,8,10,10,t,1
5164310,42829,906,41923,Australia,Entire home/apt,1,2,219,0,,,,f,1
2608324,42829,1111,41718,Australia,Entire home/apt,1,0,194,13,10,10,10,f,1
4639841,42829,864,41965,Australia,Private room,1,1,85,17,9,10,10,f,1
15485773,42829,1372,41457,Australia,Private room,1.5,1,120,3,10,10,10,f,1
12567766,42829,439,42390,Australia,Shared room,2,1,130,1,10,10,10,f,1
17941714,42829,698,42131,Australia,Entire home/apt,1,1,108,0,,,,f,1
14238924,42829,250,42579,Australia,Private room,1,1,60,16,10,9,9,f,1
16827551,42829,77,42752,Australia,Entire home/apt,2,2,194,6,9,9,9,f,1
1295202,42829,1383,41446,Australia,Private room,1,1,125,8,10,10,10,f,1
15058872,42829,854,41975,Australia,Entire home/apt,1,2,210,7,9,10,9,f,1
9095569,42829,527,42302,Australia,Entire home/apt,2.5,3,1100,0,,,,f,1
4361264,42829,1739,41090,Australia,Private room,2,1,50,67,8,9,9,f,1
14731551,42829,2346,40483,Australia,Entire home/apt,1,2,185,0,,,,t,1
837794,42829,1575,41254,Australia,Entire home/apt,1,1,175,39,10,9,9,f,1
14796940,42829,319,42510,Australia,Private room,1,1,55,6,10,10,10,f,1
4442161,42829,1722,41107,Australia,Entire home/apt,1.5,2,244,0,,,,f,1
11378988,42829,1073,41756,Australia,Entire home/apt,1,1,175,1,10,10,8,f,1
16500155,42829,1085,41744,Australia,Entire home/apt,1,3,250,4,10,10,10,t,1
15648057,42829,163,42666,Australia,Entire home/apt,3,3,551,0,,,,f,1
9618044,42829,497,42332,Australia,Private room,1,1,200,1,10,10,10,t,1
14205274,42829,251,42578,Australia,Entire home/apt,2,4,215,0,,,,f,1
10109896,42829,1413,41416,Australia,Entire home/apt,2.5,1,250,0,,,,f,1
15843459,42829,150,42679,Australia,Entire home/apt,3,4,260,0,,,,f,1
16170989,42829,127,42702,Australia,Entire home/apt,2,3,219,3,9,10,9,f,1
1818516,42829,2280,40549,Australia,Entire home/apt,1.5,3,321,9,9,10,9,t,1
5947221,42829,1283,41546,Australia,Entire home/apt,1,0,173,12,10,10,10,f,1
15810153,42829,170,42659,Australia,Entire home/apt,1,2,95,2,8,,,t,1
3980868,42829,950,41879,Australia,Entire home/apt,1.5,3,200,3,,,,f,1
12631540,42829,858,41971,Australia,Entire home/apt,1,2,159,15,10,10,10,f,1
13352414,42829,324,42505,Australia,Entire home/apt,2,3,250,1,10,8,8,f,1
11124943,42829,1195,41634,Australia,Private room,1,1,60,2,10,9,9,f,1
3194107,42829,1040,41789,Australia,Private room,1,1,85,1,10,10,10,f,1
15514871,42829,1347,41482,Australia,Private room,1,1,99,17,10,10,10,f,1
3587198,42829,1364,41465,Australia,Entire home/apt,2,3,451,2,8,8,8,f,1
11973808,42829,817,42012,Australia,Private room,1,1,64,0,,,,f,1
5684923,42829,1314,41515,Australia,Private room,1,1,64,46,10,10,10,f,1
14269377,42829,247,42582,Australia,Entire home/apt,1,0,91,0,,,,t,1
8109343,42829,591,42238,Australia,Private room,1.5,1,92,26,10,10,10,f,1
8239488,42829,1724,41105,Australia,Private room,1,1,91,59,10,10,10,t,1
15645574,42829,281,42548,Australia,Entire home/apt,3,3,551,1,10,10,10,f,1
9353214,42829,684,42145,Australia,Entire home/apt,2.5,3,600,4,9,9,9,f,1
11515890,42829,408,42421,Australia,Entire home/apt,1,2,275,17,10,10,10,f,1
17544761,42829,1048,41781,Australia,Private room,2,1,95,0,,,,t,1
11515286,42829,782,42047,Australia,Private room,1,1,63,43,10,9,10,f,1
11515203,42829,437,42392,Australia,Entire home/apt,1,3,200,1,10,8,8,f,1
5583924,42829,901,41928,Australia,Entire home/apt,2,4,374,8,10,9,10,f,1
16167891,42829,126,42703,Australia,Private room,1,1,93,0,,,,f,1
16303871,42829,1364,41465,Australia,Entire home/apt,2,4,338,2,9,10,10,t,1
13677374,42829,337,42492,Australia,Entire home/apt,1,3,250,4,9,10,9,f,1
733601,42829,1637,41192,Australia,Private room,1,1,99,88,10,10,10,f,1
1749318,42829,1938,40891,Australia,Private room,1,1,50,19,9,10,9,f,1
16757064,42829,1597,41232,Australia,Entire home/apt,2,3,175,2,10,10,10,f,1
13349111,42829,785,42044,Australia,Private room,1,1,50,12,8,9,9,t,1
8761511,42829,546,42283,Australia,Entire home/apt,2.5,3,451,0,,,,f,1
16103391,42829,1518,41311,Australia,Entire home/apt,1,2,180,1,10,8,10,f,1
4960090,42829,824,42005,Australia,Private room,1.5,1,75,38,9,10,9,f,1
13283032,42829,650,42179,Australia,Private room,1.5,1,64,0,,,,f,1
307927,42829,1912,40917,Australia,Entire home/apt,1,3,250,73,7,10,8,f,1
2142898,42829,1286,41543,Australia,Private room,1,1,200,88,9,9,9,f,1
16757374,42829,532,42297,Australia,Entire home/apt,1,2,191,2,9,10,8,t,1
14266878,42829,532,42297,Australia,Entire home/apt,1,2,330,13,10,9,9,f,1
17276006,42829,157,42672,Australia,Entire home/apt,1,1,99,10,10,10,10,f,1
5221810,42829,2287,40542,Australia,Private room,1,1,91,4,8,9,8,f,1
17214888,42829,52,42777,Australia,Entire home/apt,1,0,70,1,4,10,10,t,1
16887185,42829,1160,41669,Australia,Entire home/apt,1.5,2,800,0,,,,t,1
1353605,42829,1525,41304,Australia,Private room,1,1,55,34,9,10,9,f,1
5221861,42829,2287,40542,Australia,Private room,1,1,100,2,6,10,9,f,1
15706865,42829,160,42669,Australia,Entire home/apt,1,2,160,9,9,10,9,t,1
14002927,42829,625,42204,Australia,Entire home/apt,1,3,385,0,,,,f,1
3778181,42829,1006,41823,Australia,Entire home/apt,2,2,271,1,10,10,10,f,1
9577904,42829,1973,40856,Australia,Private room,1.5,1,150,0,,,,f,1
16884631,42829,317,42512,Australia,Shared room,1,1,35,3,7,9,8,f,1
4367037,42829,1754,41075,Australia,Entire home/apt,1,1,116,24,9,10,10,f,1
10658672,42829,904,41925,Australia,Private room,1,1,116,18,10,10,10,f,1
10527461,42829,449,42380,Australia,Entire home/apt,1,2,250,0,,,,f,1
13804089,42829,1440,41389,Australia,Entire home/apt,1,1,85,7,10,10,10,f,1
4695350,42829,858,41971,Australia,Private room,1,1,85,37,10,10,10,f,1
16041526,42829,238,42591,Australia,Entire home/apt,2.5,3,374,1,,,,t,1
1484025,42829,1350,41479,Australia,Private room,1.5,1,95,31,8,9,9,f,1
1484016,42829,1350,41479,Australia,Entire home/apt,2,4,600,5,9,10,9,f,1
11968904,42829,1384,41445,Australia,Entire home/apt,2,2,250,2,8,8,7,f,1
16654584,42829,1255,41574,Australia,Entire home/apt,1,1,120,0,,,,t,1
9216848,42829,899,41930,Australia,Entire home/apt,2,2,250,4,10,10,10,f,1
14392637,42829,240,42589,Australia,Entire home/apt,1,3,300,21,9,10,10,f,1
1481232,42829,1525,41304,Australia,Entire home/apt,1,2,141,4,10,10,10,f,1
13998904,42829,265,42564,Australia,Private room,2,1,50,14,8,9,9,f,1
9739050,42829,490,42339,Australia,Entire home/apt,1,1,116,28,9,10,9,f,1
9347062,42829,635,42194,Australia,Entire home/apt,1,2,180,3,10,10,9,f,1
15835114,42829,974,41855,Australia,Entire home/apt,1,2,365,0,,,,f,1
5479892,42829,1446,41383,Australia,Entire home/apt,1,1,180,9,9,9,9,f,1
4497191,42829,2735,40094,Australia,Entire home/apt,1,1,97,4,10,9,8,f,1
15123639,42829,1416,41413,Australia,Entire home/apt,1,1,75,23,9,10,9,f,1
1547305,42829,1653,41176,Australia,Private room,1,1,75,16,9,10,9,f,1
8033913,42829,593,42236,Australia,Entire home/apt,2,3,600,1,10,10,8,f,1
5287526,42829,1006,41823,Australia,Entire home/apt,2,3,300,0,,,,f,1
6591658,42829,676,42153,Australia,Entire home/apt,1,3,191,12,10,10,10,f,1
9737347,42829,1339,41490,Australia,Entire home/apt,1,1,130,25,10,10,10,f,1
12523385,42829,1070,41759,Australia,Private room,1,1,150,0,,,,t,1
12293987,42829,1357,41472,Australia,Entire home/apt,1.5,3,250,0,,,,f,1
16159318,42829,630,42199,Australia,Entire home/apt,2,3,250,3,8,9,8,f,1
17946869,42829,6,42823,Australia,Entire home/apt,1,1,100,0,,,,f,1
913403,42829,1525,41304,Australia,Private room,1,1,60,3,9,9,9,f,1
2919504,42829,1090,41739,Australia,Entire home/apt,1,3,250,1,,,,f,1
13732940,42829,281,42548,Australia,Entire home/apt,1,1,78,4,7,9,9,f,1
8817698,42829,1085,41744,Australia,Private room,1,1,99,6,10,10,10,t,1
17336668,42829,1843,40986,Australia,Entire home/apt,1,1,135,0,,,,t,1
9737952,42829,491,42338,Australia,Private room,1,1,70,27,9,10,10,f,1
16509949,42829,103,42726,Australia,Private room,2,1,75,4,10,10,10,t,1
16221992,42829,699,42130,Australia,Entire home/apt,1.5,2,300,5,10,10,10,f,1
5932798,42829,728,42101,Australia,Private room,1.5,1,70,10,10,10,10,f,1
2918607,42829,1090,41739,Australia,Entire home/apt,2,2,215,7,8,10,8,f,1
10913905,42829,432,42397,Australia,Entire home/apt,2,2,200,1,10,10,10,f,1
16219548,42829,451,42378,Australia,Entire home/apt,2,4,680,0,,,,t,1
16247386,42829,1285,41544,Australia,Private room,1,1,90,0,,,,t,1
17448802,42829,1099,41730,Australia,Private room,1.5,1,160,1,10,10,10,t,1
14777414,42829,980,41849,Australia,Entire home/apt,1,3,201,2,8,10,9,f,1
6191641,42829,707,42122,Australia,Private room,1,1,60,1,,,,f,1
16127908,42829,129,42700,Australia,Private room,1,1,66,9,10,10,10,f,1
11397361,42829,686,42143,Australia,Entire home/apt,1,0,75,35,10,10,10,f,1
9202715,42828,1400,41428,Australia,Entire home/apt,1,4,220,30,10,10,9,f,1
16287119,42828,1048,41780,Australia,Private room,1,1,89,6,8,10,9,t,1
4221542,42828,991,41837,Australia,Entire home/apt,1.5,3,300,9,9,9,9,f,1
16934706,42828,1730,41098,Australia,Entire home/apt,2.5,4,750,0,,,,f,1
5738779,42828,931,41897,Australia,Private room,1,1,69,2,10,10,10,f,1
3885295,42828,1378,41450,Australia,Entire home/apt,1,2,130,10,10,10,10,f,1
16606452,42828,90,42738,Australia,Entire home/apt,1,2,160,13,9,9,8,t,1
17720418,42828,20,42808,Australia,Private room,2,1,180,0,,,,t,1
14902845,42828,1223,41605,Australia,Entire home/apt,2,3,510,3,8,10,9,f,1
10576015,42828,1572,41256,Australia,Entire home/apt,1,2,250,25,10,10,10,t,1
16933028,42828,69,42759,Australia,Entire home/apt,1,2,249,6,10,9,9,t,1
15294577,42828,546,42282,Australia,Entire home/apt,1,1,100,12,10,10,10,f,1
6710631,42828,1195,41633,Australia,Private room,1,1,41,39,10,10,10,f,1
8150898,42828,1056,41772,Australia,Entire home/apt,1,2,149,2,8,9,8,f,1
16473599,42828,102,42726,Australia,Private room,2,1,80,1,10,10,10,t,1
16210676,42828,122,42706,Australia,Entire home/apt,2,3,201,1,10,10,10,f,1
15552379,42828,269,42559,Australia,Entire home/apt,1,2,170,13,10,10,10,f,1
15618188,42828,1331,41497,Australia,Entire home/apt,2,3,295,0,,,,f,1
1789961,42828,1268,41560,Australia,Entire home/apt,2,3,350,3,10,10,9,f,1
9720000,42828,651,42177,Australia,Entire home/apt,1.5,3,275,0,,,,f,1
5979948,42828,1580,41248,Australia,Entire home/apt,1,1,166,3,7,9,7,f,1
9191471,42828,1363,41465,Australia,Entire home/apt,2,4,712,1,,,,f,1
14889907,42828,997,41831,Australia,Entire home/apt,2,3,145,5,10,9,10,f,1
9515405,42828,675,42153,Australia,Private room,1,1,149,4,10,10,10,f,1
14888912,42828,706,42122,Australia,Private room,1,1,75,6,10,10,10,f,1
12070411,42828,531,42297,Australia,Private room,1,1,50,0,,,,f,1
10497704,42828,644,42184,Australia,Private room,1,1,110,30,10,9,9,t,1
12659151,42828,1457,41371,Australia,Entire home/apt,1,2,185,33,9,10,9,f,1
9906595,42828,481,42347,Australia,Entire home/apt,2.5,4,499,1,10,10,10,f,1
6170899,42828,708,42120,Australia,Entire home/apt,2,3,198,33,9,10,10,f,1
12815521,42828,1435,41393,Australia,Private room,1,1,45,1,,,,f,1
8332544,42828,570,42258,Australia,Entire home/apt,1,1,121,77,10,10,10,f,1
14244578,42828,323,42505,Australia,Private room,1,1,100,12,10,10,10,t,1
2109478,42828,1631,41197,Australia,Private room,1,1,50,1,4,8,6,f,1
10951941,42828,428,42400,Australia,Entire home/apt,1,1,160,13,9,10,9,f,1
12589748,42828,812,42016,Australia,Private room,1,1,100,42,9,10,9,t,1
14622440,42828,812,42016,Australia,Private room,1,1,100,17,10,10,10,t,1
16455863,42828,264,42564,Australia,Private room,1,1,75,3,10,9,10,f,1
17969020,42828,4,42824,Australia,Private room,1,1,66,0,,,,t,1
12906129,42828,1224,41604,Australia,Private room,2,1,80,0,,,,f,1
13665428,42828,541,42287,Australia,Private room,1,1,69,1,10,10,10,f,1
15930978,42828,989,41839,Australia,Entire home/apt,1,3,375,1,10,10,10,f,1
10948270,42828,448,42380,Australia,Entire home/apt,2,2,155,2,8,9,9,f,1
14090859,42828,578,42250,Australia,Entire home/apt,1,1,149,4,10,10,10,f,1
14615137,42828,857,41971,Australia,Private room,1,1,75,16,10,10,10,f,1
9870482,42828,823,42005,Australia,Entire home/apt,1.5,2,220,0,,,,f,1
15535600,42828,264,42564,Australia,Private room,3,1,48,3,8,9,9,f,1
14970423,42828,206,42622,Australia,Private room,2,1,85,7,9,9,9,f,1
17436906,42828,38,42790,Australia,Private room,1,0,100,0,,,,t,1
17285819,42828,1803,41025,Australia,Entire home/apt,2,4,400,0,,,,f,1
17830884,42828,629,42199,Australia,Entire home/apt,2,2,398,0,,,,f,1
11800665,42828,386,42442,Australia,Private room,1,1,100,0,,,,f,1
16518464,42828,1645,41183,Australia,Private room,1,1,85,8,7,8,6,f,1
15775632,42828,1506,41322,Australia,Private room,1,1,56,12,10,10,10,f,1
1181214,42828,1415,41413,Australia,Entire home/apt,2,2,201,3,10,10,10,f,1
4589027,42828,921,41907,Australia,Private room,1,1,89,22,9,9,9,f,1
1115491,42828,1437,41391,Australia,Private room,1,1,90,67,10,10,10,f,1
14615902,42828,316,42512,Australia,Private room,1,1,45,9,6,10,8,f,1
1508643,42828,1332,41496,Australia,Entire home/apt,2,3,350,8,7,9,8,f,1
14287736,42828,653,42175,Australia,Entire home/apt,1,2,281,1,10,10,8,f,1
11993699,42828,662,42166,Australia,Entire home/apt,1,2,201,1,10,10,10,f,1
10552475,42828,1288,41540,Australia,Private room,1,1,75,1,6,8,6,f,1
15401165,42828,1404,41424,Australia,Entire home/apt,3,2,225,2,8,8,8,f,1
10661820,42829,442,42387,Australia,Private room,1,1,49,17,8,9,9,f,1
16101244,42829,132,42697,Australia,Entire home/apt,2,3,699,0,,,,f,1
14019426,42830,637,42193,Australia,Private room,1,1,64,27,9,10,10,f,1
10019838,42829,476,42353,Australia,Private room,1,1,54,14,10,10,10,f,1
14016659,42829,263,42566,Australia,Private room,2,1,45,2,10,10,10,f,1
17736812,42829,724,42105,Australia,Private room,2,1,100,0,,,,t,1
14998998,42829,1425,41404,Australia,Private room,1,1,141,0,,,,f,1
11516323,42829,669,42160,Australia,Private room,1,1,50,24,9,9,10,f,1
17689142,42830,369,42461,Australia,Private room,1,1,55,0,,,,t,1
9961068,42830,481,42349,Australia,Private room,1,1,42,22,8,9,9,t,1
361899,42829,1861,40968,Australia,Private room,1.5,1,75,25,9,9,10,f,1
14154232,42829,255,42574,Australia,Private room,1,1,55,6,10,10,10,f,1
15525200,42829,170,42659,Australia,Private room,1,1,49,10,10,9,10,t,1
4253759,42830,915,41915,Australia,Private room,1,1,85,0,,,,f,1
14985313,42829,912,41917,Australia,Private room,1,1,70,0,,,,f,1
17095737,42829,421,42408,Australia,Private room,1,1,49,5,10,9,10,t,1
17865233,42829,912,41917,Australia,Private room,1,1,50,1,10,10,10,f,1
10317239,42830,459,42371,Australia,Private room,1,1,60,0,,,,f,1
14710415,42829,1764,41065,Australia,Private room,1,1,39,6,10,9,10,f,1
8368712,42829,673,42156,Australia,Private room,1,1,55,5,8,10,10,t,1
13757199,42829,282,42547,Australia,Private room,1,1,100,1,10,10,10,f,1
16380310,42829,111,42718,Australia,Entire home/apt,2,3,105,0,,,,t,1
17222603,42829,56,42773,Australia,Private room,2,3,74,0,,,,f,1
4412059,42829,894,41935,Australia,Private room,1,1,59,36,10,10,10,f,1
17537881,42829,1472,41357,Australia,Entire home/apt,2,3,105,1,10,6,8,f,1
1176447,42830,1882,40948,Australia,Private room,2,1,39,8,7,9,9,f,1
11422415,42829,664,42165,Australia,Private room,1.5,1,49,5,10,10,10,f,1
12798982,42828,1145,41683,Australia,Private room,2,1,45,0,,,,f,1
9563154,42830,502,42328,Australia,Entire home/apt,2,3,180,34,9,10,9,t,1
15072877,42830,227,42603,Australia,Private room,2,1,42,0,,,,f,1
10389236,42829,455,42374,Australia,Entire home/apt,3,5,920,18,9,10,10,f,1
17480828,42829,660,42169,Australia,Entire home/apt,2,2,219,0,,,,f,1
9011679,42829,914,41915,Australia,Private room,1,1,75,0,,,,f,1
13144879,42829,1792,41037,Australia,Entire home/apt,2,3,145,0,,,,f,1
10259012,42828,1606,41222,Australia,Private room,1,1,60,2,6,8,7,f,1
6466216,42829,686,42143,Australia,Private room,1,1,50,23,7,8,8,f,1
17479960,42829,225,42604,Australia,Entire home/apt,2,2,99,0,,,,t,1
16962764,42829,1764,41065,Australia,Private room,1,1,55,2,9,10,10,f,1
16441750,42829,106,42723,Australia,Private room,1,1,55,7,7,7,8,t,1
2204366,42829,1781,41048,Australia,Entire home/apt,3.5,5,250,14,9,8,9,f,1
14661304,42829,226,42603,Australia,Private room,1,1,45,2,10,10,10,f,1
18008677,42829,220,42609,Australia,Entire home/apt,1,1,160,0,,,,t,1
13101762,42830,321,42509,Australia,Entire home/apt,3,3,501,2,9,10,10,f,1
17885251,42830,1099,41731,Australia,Entire home/apt,1,0,100,0,,,,t,1
12962309,42829,1042,41787,Australia,Entire home/apt,1,1,110,7,10,10,10,f,1
6267079,42829,701,42128,Australia,Private room,1,1,240,0,,,,f,1
9841297,42829,485,42344,Australia,Entire home/apt,3,3,150,2,8,10,9,f,1
17545499,42829,223,42606,Australia,Private room,1,1,60,0,,,,f,1
17996601,42829,503,42326,Australia,Entire home/apt,2,2,95,0,,,,t,1
5172818,42829,994,41835,Australia,Entire home/apt,1,1,130,15,10,10,9,f,1
8886273,42829,1292,41537,Australia,Entire home/apt,1,2,240,0,,,,t,1
17672683,42829,405,42424,Australia,Entire home/apt,2,2,200,0,,,,f,1
13625768,42830,540,42290,Australia,Entire home/apt,1,4,300,21,10,10,9,f,1
4497884,42829,882,41947,Australia,Entire home/apt,1,4,135,10,10,10,10,f,1
9955947,42830,960,41870,Australia,Entire home/apt,1,1,219,4,10,9,10,t,1
16184322,42830,1854,40976,Australia,Entire home/apt,2,3,399,0,,,,f,1
13435158,42828,685,42143,Australia,Private room,2,1,45,6,7,9,8,f,1
10092843,42828,479,42349,Australia,Private room,1,1,34,12,9,9,10,t,1
9687113,42828,565,42263,Australia,Private room,1,1,50,3,9,9,10,f,1
8587374,42828,663,42165,Australia,Private room,1.5,1,48,17,10,10,10,f,1
14224562,42828,973,41855,Australia,Private room,1,1,106,0,,,,f,1
8587592,42828,663,42165,Australia,Entire home/apt,2.5,3,195,17,10,9,10,f,1
17893802,42828,9,42819,Australia,Private room,1,1,66,0,,,,f,1
9636690,42828,495,42333,Australia,Private room,1.5,1,69,1,10,10,10,f,1
17435542,42828,1155,41673,Australia,Private room,1.5,1,55,2,10,10,10,f,1
17828867,42828,525,42303,Australia,Entire home/apt,1,2,159,1,10,10,10,f,1
68999,42828,2282,40546,Australia,Private room,3.5,1,89,38,10,10,10,f,1
808905,42828,1880,40948,Australia,Private room,,1,25,9,6,8,7,f,1
12158098,42828,369,42459,Australia,Entire home/apt,2,4,140,0,,,,f,1
16472555,42828,175,42653,Australia,Entire home/apt,2,3,688,2,10,10,10,f,1
13835974,42828,711,42117,Australia,Private room,1,1,30,0,,,,f,1
12658550,42828,760,42068,Australia,Entire home/apt,1,2,80,0,,,,f,1
12328310,42828,358,42470,Australia,Private room,1,1,20,0,,,,f,1
4464492,42828,1145,41683,Australia,Private room,3,1,41,7,8,9,9,f,1
16324180,42828,763,42065,Australia,Private room,1,1,55,1,6,10,10,t,1
777307,42828,1606,41222,Australia,Private room,2,5,45,40,9,9,9,t,1
2697784,42828,1097,41731,Australia,Private room,1,1,60,42,9,9,10,f,1
17438459,42828,1155,41673,Australia,Private room,1.5,1,52,0,,,,f,1
1321603,42828,1378,41450,Australia,Private room,1,1,130,19,9,10,9,f,1
16003623,42828,138,42690,Australia,Private room,1,1,125,0,,,,f,1
16455575,42828,105,42723,Australia,Private room,1,1,45,6,8,8,8,t,1
4752777,42828,1977,40851,Australia,Private room,1,1,64,40,10,9,9,f,1
8925834,42828,1863,40965,Australia,Private room,1,1,55,4,10,10,10,t,1
13902279,42828,601,42227,Australia,Entire home/apt,1,2,220,11,10,10,10,f,1
8528330,42828,558,42270,Australia,Entire home/apt,1.5,2,149,15,10,9,9,f,1
13316859,42828,1582,41246,Australia,Private room,1,1,55,1,10,10,8,f,1
16986933,42828,65,42763,Australia,Private room,1,1,71,1,10,6,10,t,1
17247442,42828,128,42700,Australia,Entire home/apt,1,2,142,5,9,10,9,t,1
15412504,42828,178,42650,Australia,Private room,1.5,1,69,4,10,10,10,t,1
15412508,42828,178,42650,Australia,Private room,1.5,1,69,14,10,10,10,t,1
17181990,42828,109,42719,Australia,Entire home/apt,1,2,144,6,10,10,10,f,1
17182042,42828,1590,41238,Australia,Entire home/apt,1,1,90,1,,,,f,1
14824861,42828,254,42574,Australia,Private room,1,1,55,3,10,9,10,f,1
16193994,42828,367,42461,Australia,Private room,1,1,42,8,10,10,10,f,1
8799329,42828,937,41891,Australia,Private room,1,1,80,38,10,9,10,f,1
12195366,42828,479,42349,Australia,Private room,1,1,33,5,9,10,10,t,1
16040484,42828,1044,41784,Australia,Entire home/apt,1,0,89,6,10,9,10,f,1
11089440,42828,422,42406,Australia,Entire home/apt,1,0,149,26,10,10,10,t,1
16008450,42828,137,42691,Australia,Private room,1,1,118,0,,,,f,1
12797263,42828,338,42490,Australia,Entire home/apt,2.5,4,100,2,10,9,10,f,1
17514595,42828,474,42354,Australia,Entire home/apt,1,0,68,3,10,10,10,f,1
9781448,42828,487,42341,Australia,Private room,2,1,100,0,,,,f,1
17909321,42828,285,42543,Australia,Private room,1,1,69,0,,,,t,1
10043868,42828,479,42349,Australia,Private room,1,1,42,22,9,9,9,t,1
3687063,42828,985,41843,Australia,Entire home/apt,1,1,98,28,9,8,9,f,1
10303183,42828,459,42369,Australia,Entire home/apt,1,0,87,22,10,10,10,f,1
14497508,42828,251,42577,Australia,Private room,1,1,149,0,,,,f,1
6240211,42828,702,42126,Australia,Entire home/apt,1,2,478,6,10,10,8,f,1
17447058,42828,401,42427,Australia,Entire home/apt,1,1,499,0,,,,f,1
3836290,42828,967,41861,Australia,Private room,1.5,1,50,25,10,9,9,f,1
17451339,42828,36,42792,Australia,Entire home/apt,2,2,165,4,10,9,10,t,1
9456139,42828,836,41992,Australia,Private room,1,1,50,13,10,9,10,f,1
15879515,42828,146,42682,Australia,Entire home/apt,2.5,4,450,3,10,10,9,t,1
16020992,42828,136,42692,Australia,Private room,1.5,1,41,6,10,10,9,t,1
15747851,42828,763,42065,Australia,Entire home/apt,2,2,155,3,8,8,9,t,1
10112044,42828,1582,41246,Australia,Private room,1,1,60,13,10,10,10,f,1
16999162,42828,225,42603,Australia,Entire home/apt,1,1,105,0,,,,f,1
17257272,42828,659,42169,Australia,Entire home/apt,1,1,168,0,,,,f,1
15423322,42828,269,42559,Australia,Entire home/apt,3.5,5,800,0,,,,f,1
15554208,42828,167,42661,Australia,Private room,1,1,80,2,9,10,9,f,1
6575834,42828,828,42000,Australia,Private room,1,1,50,14,10,10,10,f,1
5661656,42828,887,41941,Australia,Entire home/apt,1,1,210,11,10,10,9,f,1
15423257,42828,652,42176,Australia,Entire home/apt,1,1,100,5,10,8,8,f,1
11104231,42830,838,41992,Australia,Private room,0,1,50,2,10,10,10,f,1
12544462,42828,1471,41357,Australia,Entire home/apt,2,3,90,2,10,10,6,t,1
297633,42828,1924,40904,Australia,Private room,3,1,60,15,9,9,10,f,1
16018148,42828,286,42542,Australia,Private room,1,1,39,9,9,9,9,t,1
4873707,42828,1987,40841,Australia,Private room,1,1,50,1,10,10,10,f,1
6577687,42828,828,42000,Australia,Private room,1,1,55,4,10,7,8,f,1
745024,42828,1924,40904,Australia,Private room,1,1,60,9,10,9,9,f,1
12545031,42828,349,42479,Australia,Private room,1,1,48,8,10,9,10,f,1
12545514,42829,350,42479,Australia,Private room,1,1,43,8,10,10,10,f,1
9926605,42829,837,41992,Australia,Private room,1,1,50,3,10,10,10,f,1
1931536,42829,1238,41591,Australia,Entire home/apt,1,0,110,81,10,10,10,f,1
9599402,42829,498,42331,Australia,Entire home/apt,1.5,2,90,12,8,8,8,t,1
5339938,42829,782,42047,Australia,Private room,0.5,1,60,1,10,10,10,f,1
7714890,42830,805,42025,Australia,Entire home/apt,2.5,4,371,4,10,10,10,f,1
11130590,42829,792,42037,Australia,Private room,1,2,50,30,9,9,9,t,1
6975874,42830,652,42178,Australia,Entire home/apt,1,1,95,20,9,9,9,f,1
9796601,42829,488,42341,Australia,Entire home/apt,2,4,250,0,,,,f,1
4708496,42829,856,41973,Australia,Private room,1,1,49,12,10,10,10,f,1
8509717,42829,914,41915,Australia,Entire home/apt,4.5,4,501,9,10,9,9,f,1
14997814,42829,476,42353,Australia,Private room,1,1,43,3,10,10,10,f,1
16547143,42829,828,42001,Australia,Private room,1,1,50,3,10,9,9,f,1
9338579,42829,960,41869,Australia,Private room,1,2,80,6,10,8,9,f,1
11697941,42829,392,42437,Australia,Entire home/apt,2,3,100,2,10,10,10,t,1
17268659,42829,837,41992,Australia,Private room,1,1,50,0,,,,f,1
10977275,42829,428,42401,Australia,Shared room,1,1,20,5,9,9,10,f,1
5013519,42829,816,42013,Australia,Entire home/apt,2.5,3,300,10,8,10,9,f,1
15565170,42829,780,42049,Australia,Private room,1,1,52,0,,,,t,1
16455060,42829,106,42723,Australia,Private room,1,1,41,3,9,8,8,t,1
2392492,42829,1146,41683,Australia,Private room,2,1,47,0,,,,f,1
13927278,42829,269,42560,Australia,Entire home/apt,1,1,149,7,10,10,10,f,1
2982770,42829,1098,41731,Australia,Private room,1,1,50,29,9,9,9,f,1
11830753,42829,385,42444,Australia,Private room,1,1,201,0,,,,f,1
14710395,42830,1765,41065,Australia,Private room,1,1,38,4,10,10,10,t,1
13141119,42829,318,42511,Australia,Entire home/apt,1,0,59,5,7,8,9,t,1
15762625,42829,828,42001,Australia,Private room,1,1,55,5,9,10,10,f,1
7505762,42829,621,42208,Australia,Private room,0,1,39,2,8,10,8,f,1
7441495,42829,682,42147,Australia,Entire home/apt,1,3,155,30,10,9,10,f,1
10273542,42829,562,42267,Australia,Private room,1,1,100,24,10,10,10,f,1
15372022,42829,1881,40948,Australia,Private room,3,7,99,1,10,10,10,f,1
16682332,42829,125,42704,Australia,Entire home/apt,1,3,147,1,,4,2,f,1
824829,42829,1581,41248,Australia,Private room,0.5,1,95,0,,,,f,1
14850185,42829,645,42184,Australia,Private room,1,1,108,1,8,8,8,f,1
2138076,42829,1493,41336,Australia,Entire home/apt,2.5,3,750,1,8,10,8,f,1
15441961,42829,176,42653,Australia,Entire home/apt,1,2,349,0,,,,f,1
14986200,42829,206,42623,Australia,Entire home/apt,1,3,169,16,9,9,8,t,1
7973702,42829,686,42143,Australia,Private room,2,1,30,7,8,9,9,f,1
15315012,42829,822,42007,Australia,Private room,1,1,80,2,10,10,10,t,1
10792970,42829,436,42393,Australia,Entire home/apt,2,3,250,5,10,10,9,f,1
9185721,42830,583,42247,Australia,Entire home/apt,2,4,250,0,,,,f,1
3079446,42830,1398,41432,Australia,Entire home/apt,7,10,399,6,9,9,9,f,1
13631468,42830,622,42208,Australia,Private room,0.5,1,35,0,,,,f,1
9565306,42830,838,41992,Australia,Shared room,2,1,110,3,10,9,10,f,1
9564906,42830,838,41992,Australia,Private room,1,1,50,16,10,9,9,f,1
13286298,42829,418,42411,Australia,Private room,1,1,30,3,9,9,9,f,1
254109,42829,1988,40841,Australia,Private room,2,1,50,12,9,10,9,f,1
13687681,42829,1063,41766,Australia,Entire home/apt,3,3,141,16,10,10,10,f,1
17750559,42829,19,42810,Australia,Entire home/apt,2,4,501,0,,,,t,1
16207552,42829,798,42031,Australia,Private room,1,1,45,1,10,10,10,t,1
12113817,42829,371,42458,Australia,Entire home/apt,1,2,120,1,10,,,f,1
13951723,42829,602,42227,Australia,Entire home/apt,1,2,275,3,10,10,8,f,1
16443574,42829,106,42723,Australia,Private room,1,1,50,5,6,8,8,t,1
15060021,42829,611,42218,Australia,Private room,1,1,80,1,10,10,8,f,1
17451815,42829,37,42792,Australia,Entire home/apt,1,1,194,0,,,,t,1
13943856,42829,359,42470,Australia,Private room,1,1,64,1,10,10,10,t,1
14732311,42829,223,42606,Australia,Entire home/apt,2.5,5,1200,8,9,10,9,t,1
15483875,42829,324,42505,Australia,Private room,1.5,1,71,2,9,9,10,f,1
444977,42829,1806,41023,Australia,Private room,1,1,177,32,10,9,9,f,1
17418654,42829,1156,41673,Australia,Private room,1.5,1,55,1,10,10,10,f,1
8561021,42829,621,42208,Australia,Private room,0.5,1,39,2,9,9,10,f,1
8833063,42829,546,42283,Australia,Entire home/apt,1,2,120,1,6,8,10,f,1
2279185,42829,1843,40986,Australia,Private room,1,1,120,44,10,10,9,f,1
15255334,42829,673,42156,Australia,Private room,2,1,95,3,10,9,9,t,1
4310618,42829,1806,41023,Australia,Private room,1,1,177,17,10,10,10,f,1
13352176,42829,621,42208,Australia,Private room,2.5,1,39,4,9,10,9,f,1
11779820,42829,387,42442,Australia,Private room,1,1,130,0,,,,f,1
15834870,42829,326,42503,Australia,Entire home/apt,2,3,219,6,9,9,10,f,1
8895229,42829,538,42291,Australia,Entire home/apt,2,3,150,2,8,10,10,f,1
1553906,42829,1323,41506,Australia,Private room,0.5,1,59,33,9,9,9,f,1
12765424,42829,340,42489,Australia,Entire home/apt,3,4,194,6,10,9,10,t,1
13625403,42829,539,42290,Australia,Entire home/apt,1,1,120,42,10,10,9,f,1
9565282,42829,837,41992,Australia,Private room,1,1,50,2,10,10,9,f,1
15085684,42829,315,42514,Australia,Entire home/apt,1,2,64,8,8,9,8,t,1
7974089,42829,686,42143,Australia,Private room,3,6,45,1,8,6,8,f,1
15837048,42829,1730,41099,Australia,Entire home/apt,3,4,625,1,10,10,10,f,1
9761154,42829,837,41992,Australia,Private room,1,1,50,5,9,8,8,f,1
361912,42829,1861,40968,Australia,Private room,1,1,75,2,10,10,10,f,1
12231214,42829,365,42464,Australia,Private room,1,1,75,0,,,,f,1
8504880,42829,754,42075,Australia,Private room,1,1,55,10,10,10,10,f,1
5776586,42829,876,41953,Australia,Entire home/apt,1,1,109,73,10,10,10,f,1
12819745,42829,621,42208,Australia,Private room,0.5,1,35,2,8,9,9,f,1
17865180,42829,660,42169,Australia,Entire home/apt,1,1,188,0,,,,f,1
15245269,42829,190,42639,Australia,Entire home/apt,1,4,150,9,7,8,8,f,1
17810712,42829,15,42814,Australia,Private room,1,1,30,0,,,,t,1
16455374,42829,106,42723,Australia,Private room,1,1,45,1,8,8,8,t,1
3927713,42829,957,41872,Australia,Entire home/apt,1,2,280,5,10,10,10,f,1
16846802,42829,326,42503,Australia,Private room,1,1,95,0,,,,t,1
16224465,42829,122,42707,Australia,Entire home/apt,1,1,99,3,9,8,9,f,1
16484779,42829,354,42475,Australia,Private room,1,1,59,1,10,10,10,f,1
12417164,42829,1465,41364,Australia,Private room,1,1,66,12,10,10,10,f,1
11761760,42829,388,42441,Australia,Entire home/apt,2.5,3,495,1,8,10,8,f,1
9010411,42829,673,42156,Australia,Entire home/apt,0,1,66,22,10,10,10,t,1
15889951,42829,147,42682,Australia,Private room,1,1,118,0,,,,f,1
14771850,42828,219,42609,Australia,Private room,1,3,149,1,10,10,10,f,1
11559601,42828,436,42392,Australia,Private room,1.5,1,41,1,8,10,10,f,1
6577579,42828,828,42000,Australia,Private room,1,1,55,2,10,10,10,f,1
17258335,42828,659,42169,Australia,Entire home/apt,1,0,109,0,,,,f,1
15994631,42828,283,42545,Australia,Private room,1,1,46,2,10,8,10,f,1
9981932,42828,479,42349,Australia,Private room,1,1,45,20,9,9,10,t,1
13099687,42828,938,41890,Australia,Entire home/apt,5.5,5,1191,5,10,10,10,f,1
16339352,42828,175,42653,Australia,Entire home/apt,2,3,410,3,9,10,9,f,1
7026358,42828,647,42181,Australia,Private room,1,1,80,0,,,,f,1
13116118,42828,1492,41336,Australia,Private room,1,1,66,10,9,9,10,f,1
15277623,42828,548,42280,Australia,Private room,1,1,149,0,,,,f,1
16325028,42828,121,42707,Australia,Private room,1,1,39,2,7,9,9,f,1
789945,42828,1606,41222,Australia,Private room,2,5,50,88,8,9,9,t,1
12193171,42828,479,42349,Australia,Private room,1,1,50,3,9,10,9,t,1
790402,42828,1606,41222,Australia,Private room,2,5,60,24,9,9,9,t,1
12195086,42828,479,42349,Australia,Private room,1,1,35,6,8,9,8,t,1
3605542,42828,993,41835,Australia,Entire home/apt,1,2,180,9,10,10,9,f,1
14877312,42828,428,42400,Australia,Private room,1,1,80,2,10,10,10,f,1
16581244,42828,1464,41364,Australia,Private room,0.5,1,60,3,10,10,10,f,1
13566052,42828,685,42143,Australia,Private room,3,6,50,1,4,10,4,f,1
3701687,42830,1290,41540,Australia,Private room,1,1,60,7,10,9,9,f,1
7638164,42829,614,42215,Australia,Private room,2,1,39,1,10,10,10,f,1
16053397,42829,837,41992,Australia,Private room,1,1,33,0,,,,f,1
15398262,42830,181,42649,Australia,Private room,1,1,55,17,10,9,10,t,1
7334301,42830,847,41983,Australia,Private room,1,1,64,26,9,9,9,f,1
15590310,42829,1004,41825,Australia,Private room,1,1,95,4,8,10,10,t,1
17993559,42829,5,42824,Australia,Private room,1,1,50,0,,,,f,1
6618511,42830,1365,41465,Australia,Private room,1,1,70,11,8,9,8,t,1
4888704,42829,854,41975,Australia,Private room,1,1,95,7,8,10,9,f,1
5287825,42829,787,42042,Australia,Private room,1,1,85,41,10,10,10,f,1
2042311,42829,2276,40553,Australia,Entire home/apt,1.5,1,80,12,10,8,7,f,1
12384610,42830,358,42472,Australia,Entire home/apt,2,3,300,10,10,10,9,f,1
5776365,42828,2121,40707,Australia,Private room,,1,100,1,10,10,10,f,1
12568793,42829,567,42262,Australia,Private room,4,6,130,10,10,10,9,f,1
11062599,42829,992,41837,Australia,Entire home/apt,1,0,70,1,10,10,10,f,1
6854805,42829,657,42172,Australia,Entire home/apt,2,3,160,5,10,10,10,f,1
15044050,42829,364,42465,Australia,Entire home/apt,2,2,169,4,10,10,10,t,1
2943652,42830,1146,41684,Australia,Entire home/apt,1,0,125,63,10,10,10,f,1
4252623,42829,914,41915,Australia,Entire home/apt,2,2,300,0,,,,t,1
16182953,42830,462,42368,Australia,Private room,2,1,300,1,,,,t,1
6854373,42830,1259,41571,Australia,Entire home/apt,3,5,629,1,10,8,8,t,1
9817858,42829,751,42078,Australia,Entire home/apt,1,0,125,16,10,10,9,f,1
18002199,42829,393,42436,Australia,Entire home/apt,2,2,100,0,,,,t,1
3777675,42829,1077,41752,Australia,Entire home/apt,2,3,200,0,,,,f,1
14741035,42830,234,42596,Australia,Entire home/apt,1,1,91,14,10,9,10,f,1
8955182,42829,1812,41017,Australia,Entire home/apt,2,2,120,0,,,,f,1
12839143,42830,384,42446,Australia,Entire home/apt,2,2,91,1,8,8,10,t,1
10747189,42830,1085,41745,Australia,Entire home/apt,2,4,371,0,,,,f,1
13885900,42829,494,42335,Australia,Private room,1,1,64,8,10,8,10,t,1
17212569,42829,1341,41488,Australia,Entire home/apt,1,0,99,2,10,10,10,f,1
7795169,42830,885,41945,Australia,Entire home/apt,2,5,420,2,6,9,8,f,1
10037891,42830,476,42354,Australia,Entire home/apt,1,1,150,1,6,8,8,f,1
17424265,42829,40,42789,Australia,Private room,1,1,91,0,,,,t,1
4061281,42829,1279,41550,Australia,Private room,1.5,1,451,0,,,,f,1
15521525,42829,1266,41563,Australia,Private room,1.5,1,87,0,,,,f,1
1611465,42829,1413,41416,Australia,Private room,1,1,200,2,10,9,9,f,1
3273362,42830,1414,41416,Australia,Entire home/apt,3,3,501,11,10,10,9,f,1
15969041,42829,732,42097,Australia,Entire home/apt,2,2,147,0,,,,f,1
655236,42830,1691,41139,Australia,Entire home/apt,2.5,4,330,7,10,10,9,f,1
6775723,42828,672,42156,Australia,Shared room,1,1,35,1,10,10,10,f,1
8847794,42828,689,42139,Australia,Entire home/apt,1,0,121,5,10,10,10,f,1
4456733,42828,1501,41327,Australia,Entire home/apt,2.5,4,176,0,,,,f,1
14288718,42828,245,42583,Australia,Entire home/apt,3,4,325,1,8,8,10,f,1
4459619,42828,2062,40766,Australia,Private room,2,1,35,5,10,9,10,f,1
4721778,42828,853,41975,Australia,Entire home/apt,3,5,350,3,7,9,9,f,1
6425296,42828,693,42135,Australia,Entire home/apt,2,4,360,1,10,10,10,f,1
16845699,42828,316,42512,Australia,Private room,1,1,121,0,,,,t,1
9318355,42828,514,42314,Australia,Private room,1,1,41,15,9,9,9,f,1
17767023,42828,17,42811,Australia,Entire home/apt,1,0,149,0,,,,f,1
16456741,42828,671,42157,Australia,Entire home/apt,2.5,5,395,0,,,,f,1
143247,42828,2121,40707,Australia,Entire home/apt,1,3,199,26,5,8,8,f,1
17438417,42828,170,42658,Australia,Private room,2.5,1,60,0,,,,f,1
16260683,42828,512,42316,Australia,Entire home/apt,2,2,128,5,10,9,10,f,1
15411404,42828,180,42648,Australia,Entire home/apt,1,1,94,18,10,10,10,f,1
10106309,42828,842,41986,Australia,Entire home/apt,1.5,2,148,15,9,9,8,f,1
16916290,42828,70,42758,Australia,Private room,1,1,110,1,10,10,10,f,1
14953056,42828,209,42619,Australia,Private room,1,1,87,6,9,9,9,t,1
16198257,42828,124,42704,Australia,Entire home/apt,1,1,118,8,10,10,9,f,1
11479741,42828,1594,41234,Australia,Entire home/apt,2.5,4,419,3,10,10,10,f,1
16397637,42828,534,42294,Australia,Entire home/apt,1,2,149,12,9,9,9,t,1
9579599,42828,498,42330,Australia,Entire home/apt,2,2,170,15,10,10,10,f,1
1301693,42828,1380,41448,Australia,Entire home/apt,3,6,499,5,8,9,9,f,1
17971854,42828,392,42436,Australia,Private room,2,0,50,0,,,,f,1
16519312,42828,98,42730,Australia,Entire home/apt,2.5,3,250,0,,,,f,1
14584299,42828,358,42470,Australia,Private room,1,1,50,4,10,10,10,f,1
7421724,42828,1875,40953,Australia,Private room,1,1,149,1,10,10,10,f,1
15745815,42828,156,42672,Australia,Private room,1,1,79,5,10,9,10,t,1
13252416,42828,309,42519,Australia,Entire home/apt,1,1,88,5,10,10,10,f,1
16070520,42828,1147,41681,Australia,Private room,1,1,98,1,8,8,10,f,1
635889,42828,2121,40707,Australia,Private room,,1,79,1,6,8,8,f,1
16008171,42828,836,41992,Australia,Private room,1,1,60,2,10,10,10,f,1
7551331,42828,617,42211,Australia,Private room,1,1,100,31,9,10,9,t,1
9976292,42828,477,42351,Australia,Entire home/apt,1.5,3,115,0,,,,f,1
12073490,42828,966,41862,Australia,Private room,1,1,145,0,,,,f,1
1919173,42828,1239,41589,Australia,Private room,1,1,66,8,10,9,9,t,1
16179576,42828,249,42579,Australia,Entire home/apt,2,4,260,1,10,10,10,f,1
10438917,42828,688,42140,Australia,Entire home/apt,2,4,315,0,,,,f,1
10373471,42828,566,42262,Australia,Entire home/apt,1,1,100,0,,,,f,1
11554332,42828,793,42035,Australia,Private room,1,1,69,30,10,10,10,t,1
16234370,42828,120,42708,Australia,Entire home/apt,1,1,110,0,,,,t,1
7621407,42828,836,41992,Australia,Entire home/apt,2.5,5,750,1,4,10,6,f,1
8342978,42828,789,42039,Australia,Entire home/apt,1,1,85,6,9,9,10,f,1
3820441,42828,2062,40766,Australia,Private room,2,1,37,60,10,9,10,f,1
15485967,42828,173,42655,Australia,Private room,1.5,1,45,16,10,10,10,t,1
4673377,42828,2062,40766,Australia,Private room,0.5,1,45,56,9,9,10,f,1
12801920,42828,908,41920,Australia,Private room,1,1,79,12,10,10,9,f,1
13194802,42828,833,41995,Australia,Entire home/apt,3,4,450,0,,,,f,1
87709,42828,2192,40636,Australia,Private room,1,1,69,16,10,9,10,f,1
15947467,42828,242,42586,Australia,Entire home/apt,1,2,105,5,10,10,10,f,1
9000983,42828,2007,40821,Australia,Entire home/apt,2,2,173,1,10,10,10,f,1
9332896,42828,42828,,Australia,Private room,1.5,1,47,0,,,,f,1
12280403,42828,1061,41767,Australia,Private room,1,1,66,18,10,9,9,f,1
17657873,42829,601,42228,Australia,Entire home/apt,2,1,110,0,,,,f,1
9465897,42829,1339,41490,Australia,Private room,1,1,56,1,10,10,10,f,1
7889546,42828,836,41992,Australia,Private room,1,1,201,0,,,,f,1
14345961,42828,493,42335,Australia,Private room,1,1,50,4,9,9,9,t,1
9005003,42829,532,42297,Australia,Private room,1,1,121,2,10,10,10,t,1
17980731,42828,957,41871,Australia,Entire home/apt,2.5,4,300,0,,,,t,1
875875,42828,1546,41282,Australia,Private room,1,1,69,0,,,,f,1
12934640,42828,386,42442,Australia,Entire home/apt,3,4,410,1,10,10,10,t,1
8742061,42828,546,42282,Australia,Entire home/apt,3,3,398,0,,,,f,1
16018248,42828,399,42429,Australia,Entire home/apt,3.5,5,600,0,,,,t,1
17722262,42828,19,42809,Australia,Private room,1,1,79,0,,,,t,1
9794032,42829,42829,,Australia,Entire home/apt,1.5,3,199,1,,,,f,1
5203321,42828,795,42033,Australia,Entire home/apt,1,1,110,35,10,10,10,f,1
2778532,42828,1086,41742,Australia,Private room,1,1,100,55,10,10,10,t,1
15494142,42828,242,42586,Australia,Entire home/apt,1,1,97,10,10,9,10,f,1
3697772,42829,985,41844,Australia,Private room,1,1,69,2,10,10,10,f,1
9202981,42829,893,41936,Australia,Entire home/apt,1,3,190,1,4,10,8,f,1
13537845,42829,293,42536,Australia,Private room,3.5,1,45,6,10,8,10,t,1
13266217,42829,598,42231,Australia,Entire home/apt,2.5,2,149,1,8,10,10,f,1
3501411,42829,1403,41426,Australia,Entire home/apt,3,4,350,1,10,10,10,f,1
6842223,42828,658,42170,Australia,Entire home/apt,2,3,119,7,9,10,10,f,1
8091673,42829,585,42244,Australia,Entire home/apt,1,1,100,0,,,,f,1
5863455,42829,734,42095,Australia,Private room,3,1,80,2,,,,t,1
8288412,42829,574,42255,Australia,Entire home/apt,2.5,3,149,0,,,,f,1
1865989,42829,2122,40707,Australia,Private room,1,1,39,12,7,9,9,f,1
2626633,42829,2122,40707,Australia,Private room,1,1,75,6,6,6,6,f,1
17421173,42829,40,42789,Australia,Private room,1.5,1,55,7,10,9,10,t,1
2325340,42829,1157,41672,Australia,Entire home/apt,1,1,85,0,,,,f,1
16028832,42829,837,41992,Australia,Private room,1,1,90,1,,,,f,1
4184110,42829,2063,40766,Australia,Private room,0,1,55,37,10,9,10,f,1
11364874,42829,409,42420,Australia,Entire home/apt,2,3,176,2,10,10,10,f,1
10124490,42829,470,42359,Australia,Private room,1,1,85,0,,,,f,1
10910972,42829,432,42397,Australia,Private room,1,1,69,2,10,9,10,t,1
318095,42829,1899,40930,Australia,Private room,,1,122,8,10,10,10,f,1
16864611,42829,567,42262,Australia,Private room,2,3,130,4,9,10,9,f,1
16416263,42829,528,42301,Australia,Entire home/apt,2,2,152,9,10,9,9,t,1
9993860,42829,1364,41465,Australia,Entire home/apt,3.5,6,750,1,10,10,10,f,1
6717218,42829,728,42101,Australia,Private room,1,1,56,1,10,10,10,f,1
9928529,42829,1556,41273,Australia,Private room,3,5,85,52,9,10,10,t,1
15106194,42829,501,42328,Australia,Private room,1,1,35,0,,,,f,1
16899546,42829,72,42757,Australia,Entire home/apt,2.5,5,374,0,,,,f,1
11263623,42829,538,42291,Australia,Private room,1,1,85,8,10,9,9,f,1
6151898,42829,710,42119,Australia,Entire home/apt,2.5,4,399,2,8,10,10,f,1
16220756,42829,2132,40697,Australia,Entire home/apt,1,1,119,2,10,9,10,f,1
17961929,42829,546,42283,Australia,Entire home/apt,2,2,300,0,,,,t,1
230108,42829,2122,40707,Australia,Private room,,1,121,4,7,10,9,f,1
15106772,42829,501,42328,Australia,Private room,1,1,35,0,,,,f,1
17335098,42829,359,42470,Australia,Shared room,1,1,29,0,,,,t,1
15106918,42829,501,42328,Australia,Private room,1,1,33,1,8,10,10,f,1
9467664,42829,672,42157,Australia,Entire home/apt,3,5,300,1,10,10,10,f,1
3638757,42829,1090,41739,Australia,Entire home/apt,3.5,5,750,1,,,,f,1
6456340,42829,727,42102,Australia,Entire home/apt,2,2,139,62,10,10,10,t,1
17631721,42829,1335,41494,Australia,Private room,1,2,55,2,9,9,9,t,1
5933098,42829,1528,41301,Australia,Private room,1,1,99,7,10,10,10,f,1
4296667,42829,909,41920,Australia,Private room,1,1,200,0,,,,f,1
4624999,42829,867,41962,Australia,Entire home/apt,2,2,166,5,10,10,9,f,1
1807469,42829,1541,41288,Australia,Entire home/apt,1,3,150,3,10,9,9,f,1
16290730,42829,120,42709,Australia,Private room,1,1,300,0,,,,f,1
955738,42829,1501,41328,Australia,Entire home/apt,1,1,85,55,9,9,9,f,1
8493888,42829,561,42268,Australia,Private room,1,1,28,0,,,,f,1
14329679,42829,244,42585,Australia,Private room,1.5,1,85,0,,,,f,1
16232431,42829,330,42499,Australia,Entire home/apt,1,1,120,15,9,10,9,t,1
10812899,42830,618,42212,Australia,Entire home/apt,3,4,300,2,9,8,9,f,1
5698406,42830,750,42080,Australia,Entire home/apt,1,1,116,62,10,10,10,f,1
7566138,42830,618,42212,Australia,Private room,1,1,118,15,10,10,10,f,1
5482515,42830,768,42062,Australia,Entire home/apt,1,1,100,6,10,10,10,f,1
16150505,42830,128,42702,Australia,Private room,1,1,60,24,10,10,10,f,1
11854925,42829,880,41949,Australia,Entire home/apt,2,2,173,1,10,10,10,f,1
196157,42829,2063,40766,Australia,Private room,1,1,68,37,9,9,10,f,1
1921090,42829,1239,41590,Australia,Entire home/apt,2,4,250,2,9,10,9,f,1
14475170,42829,1236,41593,Australia,Entire home/apt,1,1,80,12,10,10,10,f,1
9886301,42829,1585,41244,Australia,Entire home/apt,2,3,260,0,,,,f,1
708819,42829,2090,40739,Australia,Entire home/apt,1,2,105,17,9,9,9,f,1
5197693,42829,838,41991,Australia,Entire home/apt,1.5,2,100,33,9,9,8,f,1
5885524,42829,985,41844,Australia,Private room,2,1,70,4,10,9,10,f,1
15933997,42829,1528,41301,Australia,Private room,1,1,85,4,10,10,10,t,1
8571600,42829,567,42262,Australia,Private room,4,5,130,6,10,9,9,f,1
13944720,42829,267,42562,Australia,Private room,2.5,1,131,2,10,10,10,t,1
17286521,42829,1673,41156,Australia,Private room,1,1,135,0,,,,t,1
15777203,42829,506,42323,Australia,Private room,1,1,120,2,10,9,9,f,1
16432212,42829,106,42723,Australia,Entire home/apt,1,1,42,12,9,10,10,t,1
13941742,42829,268,42561,Australia,Private room,1,1,58,14,10,9,10,f,1
7506429,42829,1778,41051,Australia,Private room,1.5,1,150,6,9,10,9,f,1
14873767,42829,215,42614,Australia,Private room,1,1,50,16,9,9,9,f,1
4504269,42829,939,41890,Australia,Entire home/apt,3,5,349,3,9,9,9,f,1
13351562,42829,304,42525,Australia,Entire home/apt,2,2,193,1,10,10,10,f,1
14203191,42829,252,42577,Australia,Shared room,1.5,1,29,2,10,9,10,f,1
13677814,42829,465,42364,Australia,Entire home/apt,2,4,399,2,10,10,10,f,1
7582754,42829,617,42212,Australia,Private room,1,1,100,4,10,10,10,f,1
9811761,42829,487,42342,Australia,Private room,0.5,1,45,0,,,,f,1
17017873,42829,388,42441,Australia,Private room,1,1,55,3,10,9,10,f,1
7056052,42829,645,42184,Australia,Entire home/apt,2,3,250,12,10,10,10,f,1
1811812,42829,1265,41564,Australia,Private room,1,1,89,30,9,10,9,f,1
16885508,42829,145,42684,Australia,Entire home/apt,2,4,250,0,,,,f,1
13607553,42829,868,41961,Australia,Entire home/apt,1,2,155,8,10,10,10,f,1
13607021,42829,288,42541,Australia,Private room,3.5,1,250,0,,,,f,1
11639275,42829,1421,41408,Australia,Entire home/apt,2,3,349,0,,,,f,1
15634199,42829,220,42609,Australia,Private room,1,1,80,2,10,10,10,f,1
17273015,42829,501,42328,Australia,Entire home/apt,2,2,175,0,,,,f,1
11764691,42829,1187,41642,Australia,Entire home/apt,1.5,3,90,0,,,,f,1
15105360,42829,501,42328,Australia,Private room,1,1,35,0,,,,f,1
16082744,42828,836,41992,Australia,Shared room,1.5,1,130,0,,,,f,1
8676019,42828,549,42279,Australia,Entire home/apt,2,3,201,1,6,8,8,f,1
12935134,42828,393,42435,Australia,Private room,2,1,79,2,10,9,10,f,1
7053881,42828,1701,41127,Australia,Private room,1,1,66,4,9,7,9,f,1
9067836,42828,1044,41784,Australia,Entire home/apt,3,4,149,2,8,10,8,t,1
17914794,42828,9,42819,Australia,Private room,2.5,1,69,0,,,,t,1
9943048,42828,750,42078,Australia,Entire home/apt,1,1,80,28,10,10,9,t,1
17337674,42828,601,42227,Australia,Private room,1,1,35,0,,,,f,1
3690797,42828,1546,41282,Australia,Private room,1,1,50,0,,,,f,1
9979427,42828,476,42352,Australia,Private room,1,1,149,1,10,10,8,f,1
16533014,42828,617,42211,Australia,Entire home/apt,1,0,199,0,,,,f,1
17942809,42828,6,42822,Australia,Private room,1,1,50,0,,,,t,1
17438337,42828,154,42674,Australia,Entire home/apt,3,5,300,0,,,,f,1
11734721,42828,1500,41328,Australia,Entire home/apt,1,2,130,13,10,9,10,f,1
16125607,42828,539,42289,Australia,Entire home/apt,1.5,3,134,0,,,,f,1
6784771,42828,663,42165,Australia,Entire home/apt,1,2,100,11,9,10,10,f,1
8326750,42828,572,42256,Australia,Entire home/apt,3,4,380,1,10,10,10,f,1
15076812,42828,199,42629,Australia,Private room,1,1,69,18,10,10,10,t,1
6492437,42828,683,42145,Australia,Private room,1,1,98,8,10,9,10,f,1
11146444,42828,420,42408,Australia,Private room,1,1,121,0,,,,f,1
8721334,42828,1259,41569,Australia,Private room,1,1,85,13,8,10,9,f,1
13828885,42828,303,42525,Australia,Entire home/apt,3.5,4,400,1,10,10,10,f,1
8585323,42828,1264,41564,Australia,Private room,1,1,69,9,10,10,10,f,1
16046751,42829,135,42694,Australia,Private room,1,1,50,3,10,10,9,f,1
15362125,42830,466,42364,Australia,Private room,1.5,1,100,1,6,10,6,t,1
3265015,42830,1558,41272,Australia,Private room,1,1,78,115,10,10,10,f,1
17427554,42830,1240,41590,Australia,Private room,1,1,80,0,,,,t,1
11362287,42829,1058,41771,Australia,Private room,1.5,1,88,10,9,10,10,f,1
15044086,42829,202,42627,Australia,Private room,1.5,1,50,1,10,10,10,f,1
16380654,42830,112,42718,Australia,Private room,1,2,68,2,6,8,8,f,1
4112986,42829,933,41896,Australia,Private room,2,1,143,0,,,,f,1
6262791,42829,1004,41825,Australia,Private room,2,1,64,17,9,9,9,f,1
17407746,42830,241,42589,Australia,Private room,1,1,104,1,10,10,10,t,1
5523254,42830,1185,41645,Australia,Private room,1,1,125,2,10,7,9,f,1
17995008,42829,1804,41025,Australia,Private room,1,1,100,0,,,,f,1
15208891,42829,417,42412,Australia,Private room,1,1,85,2,10,10,10,f,1
9082438,42829,530,42299,Australia,Private room,1,1,100,27,10,10,10,f,1
17884465,42829,434,42395,Australia,Entire home/apt,1,1,85,0,,,,f,1
14982386,42829,207,42622,Australia,Entire home/apt,1,1,180,0,,,,t,1
16314232,42830,824,42006,Australia,Entire home/apt,1,0,85,15,7,8,8,t,1
15989396,42829,142,42687,Australia,Entire home/apt,1,2,127,14,9,10,9,f,1
9851514,42829,484,42345,Australia,Private room,1,1,97,1,10,8,10,f,1
15328273,42829,184,42645,Australia,Entire home/apt,3,4,349,0,,,,t,1
13440552,42829,556,42273,Australia,Entire home/apt,1,0,138,12,9,10,9,f,1
14938721,42830,1507,41323,Australia,Entire home/apt,1,1,129,1,10,10,10,f,1
8766023,42829,545,42284,Australia,Entire home/apt,2.5,4,750,1,10,10,10,f,1
8558575,42829,804,42025,Australia,Private room,2,1,120,1,8,10,10,f,1
8447941,42830,779,42051,Australia,Entire home/apt,4,5,901,2,8,9,8,f,1
16446842,42830,106,42724,Australia,Entire home/apt,1,1,108,2,10,9,9,f,1
9172486,42830,531,42299,Australia,Entire home/apt,1,1,104,9,10,10,10,f,1
9466419,42829,530,42299,Australia,Entire home/apt,2,3,399,22,10,10,10,f,1
15725805,42830,218,42612,Australia,Entire home/apt,1,1,150,6,9,10,10,f,1
2533842,42829,1121,41708,Australia,Entire home/apt,2,4,600,1,10,10,10,f,1
12815835,42829,1058,41771,Australia,Entire home/apt,3,4,120,0,,,,f,1
15524154,42829,1148,41681,Australia,Entire home/apt,2,3,260,4,10,10,10,f,1
14937797,42830,1052,41778,Australia,Entire home/apt,1,1,156,0,,,,f,1
10929916,42829,791,42038,Australia,Entire home/apt,1,2,105,9,9,10,9,f,1
15183148,42829,1051,41778,Australia,Entire home/apt,3,3,794,0,,,,f,1
16114084,42829,131,42698,Australia,Entire home/apt,1,3,250,1,10,10,10,f,1
13751662,42828,279,42549,Australia,Entire home/apt,2.5,4,499,0,,,,f,1
16582535,42828,1854,40974,Australia,Private room,1,1,30,0,,,,f,1
7669280,42828,1634,41194,Australia,Entire home/apt,2,4,400,1,10,10,10,f,1
16254515,42828,651,42177,Australia,Entire home/apt,2,3,450,1,10,10,8,f,1
8718561,42828,547,42281,Australia,Private room,1,1,60,2,10,6,8,f,1
15009995,42828,587,42241,Australia,Private room,2,1,149,11,10,10,9,t,1
16451901,42828,312,42516,Australia,Private room,1,1,66,0,,,,f,1
264513,42828,1972,40856,Australia,Entire home/apt,2,4,590,25,9,10,9,f,1
16351755,42828,112,42716,Australia,Entire home/apt,1,0,90,3,9,10,9,f,1
13437349,42828,298,42530,Australia,Entire home/apt,1,1,121,33,10,10,10,f,1
14748105,42828,1050,41778,Australia,Entire home/apt,1,2,206,0,,,,f,1
4028549,42828,982,41846,Australia,Entire home/apt,1,1,143,30,9,10,9,f,1
18025474,42828,1107,41721,Australia,Private room,1,1,69,0,,,,t,1
2426898,42828,1141,41687,Australia,Private room,1,1,66,70,9,10,9,t,1
13771846,42828,282,42546,Australia,Private room,1,1,201,1,10,8,10,f,1
8706504,42828,1814,41014,Australia,Entire home/apt,1,1,180,2,10,10,10,f,1
17051192,42828,1230,41598,Australia,Private room,1,1,55,4,9,10,9,t,1
5604895,42828,1183,41645,Australia,Private room,1,1,149,1,10,8,10,f,1
10060526,42828,472,42356,Australia,Entire home/apt,2,2,229,12,10,10,10,t,1
16847612,42828,1015,41813,Australia,Entire home/apt,1,1,90,5,10,10,9,f,1
16112591,42828,130,42698,Australia,Entire home/apt,1,2,100,8,10,10,9,t,1
14929725,42828,651,42177,Australia,Entire home/apt,2,4,330,2,10,9,9,t,1
3806308,42828,2070,40758,Australia,Entire home/apt,2,2,300,2,9,10,9,f,1
11514783,42828,400,42428,Australia,Shared room,1,1,26,1,10,10,10,f,1
9391782,42828,657,42171,Australia,Entire home/apt,2,2,190,15,10,10,10,f,1
5187890,42828,1685,41143,Australia,Private room,1,1,69,10,9,10,10,f,1
15209919,42828,648,42180,Australia,Entire home/apt,1,1,80,0,,,,f,1
15343551,42828,186,42642,Australia,Entire home/apt,1.5,4,156,1,10,8,8,f,1
9581010,42828,566,42262,Australia,Entire home/apt,2.5,4,940,0,,,,f,1
15933453,42828,683,42145,Australia,Private room,1,1,85,0,,,,t,1
7025210,42828,647,42181,Australia,Entire home/apt,3,4,400,3,10,10,10,f,1
14101254,42828,497,42331,Australia,Private room,1,1,69,0,,,,f,1
17242008,42828,67,42761,Australia,Entire home/apt,2,3,159,1,10,10,10,f,1
11173542,42828,982,41846,Australia,Entire home/apt,1,0,109,11,10,10,10,f,1
14113048,42828,455,42373,Australia,Private room,1,1,90,35,10,10,10,t,1
2040270,42828,2049,40779,Australia,Entire home/apt,1,3,165,6,9,9,10,t,1
10691184,42828,1238,41590,Australia,Entire home/apt,2,2,89,19,9,9,9,t,1
3545337,42828,1758,41070,Australia,Entire home/apt,1,1,100,1,,,,t,1
17351364,42828,957,41871,Australia,Private room,1,1,69,1,8,10,8,f,1
14953701,42828,1050,41778,Australia,Entire home/apt,1,2,144,1,8,8,6,f,1
16198900,42828,484,42344,Australia,Entire home/apt,2,2,290,0,,,,t,1
5448400,42828,1106,41722,Australia,Private room,2,1,121,16,10,10,10,f,1
9909084,42828,1106,41722,Australia,Entire home/apt,1.5,1,75,29,10,9,9,t,1
7637963,42828,1141,41687,Australia,Private room,1,1,85,0,,,,f,1
4419212,42828,1777,41051,Australia,Entire home/apt,2,1,140,2,10,10,10,f,1
15931800,42828,143,42685,Australia,Entire home/apt,2,2,250,1,10,10,10,t,1
6630777,42828,872,41956,Australia,Private room,1,1,52,4,8,9,9,f,1
4273788,42828,917,41911,Australia,Entire home/apt,2,4,370,2,10,9,9,f,1
5970465,42828,1918,40910,Australia,Private room,1,1,85,20,10,10,10,f,1
7876037,42828,1553,41275,Australia,Entire home/apt,2,4,250,0,,,,f,1
11515023,42828,1480,41348,Australia,Entire home/apt,1,1,149,0,,,,f,1
3947896,42828,953,41875,Australia,Private room,1,1,87,82,10,9,10,t,1
11025993,42828,425,42403,Australia,Private room,1,1,104,0,,,,f,1
15089256,42828,240,42588,Australia,Entire home/apt,1,1,110,15,9,10,10,f,1
5652380,42828,752,42076,Australia,Entire home/apt,2,3,265,66,8,9,9,t,1
17848265,42828,83,42745,Australia,Entire home/apt,2,1,85,0,,,,f,1
9454417,42828,953,41875,Australia,Entire home/apt,2.5,4,800,1,10,8,8,f,1
16897714,42828,71,42757,Australia,Private room,1,3,39,0,,,,t,1
17882780,42828,9,42819,Australia,Private room,1,1,80,0,,,,t,1
17740800,42828,431,42397,Australia,Private room,2,1,50,1,8,10,10,f,1
3366626,42828,1230,41598,Australia,Private room,1,1,80,9,9,10,10,t,1
12039273,42828,982,41846,Australia,Entire home/apt,2,4,299,10,9,9,9,t,1
15862216,42828,147,42681,Australia,Entire home/apt,1,3,450,1,,,,t,1
3095271,42828,1050,41778,Australia,Private room,1,1,69,1,10,10,10,f,1
17406209,42828,660,42168,Australia,Entire home/apt,2,2,204,0,,,,t,1
15791452,42828,700,42128,Australia,Entire home/apt,5,4,800,0,,,,f,1
14063110,42828,423,42405,Australia,Entire home/apt,3.5,5,400,1,10,10,10,f,1
16796044,42828,78,42750,Australia,Entire home/apt,6,8,4001,0,,,,t,1
411828,42828,1971,40857,Australia,Private room,0.5,1,75,80,10,9,9,f,1
17385182,42828,41,42787,Australia,Private room,1,0,75,1,10,10,10,f,1
5118031,42828,803,42025,Australia,Private room,,1,300,0,,,,f,1
17181807,42828,870,41958,Australia,Entire home/apt,3,5,400,1,10,10,10,f,1
8800690,42828,872,41956,Australia,Entire home/apt,2,3,220,1,8,10,8,f,1
15879619,42828,1336,41492,Australia,Private room,2,1,93,11,10,10,10,f,1
12197209,42828,695,42133,Australia,Entire home/apt,1,1,149,24,10,10,10,f,1
4803762,42828,844,41984,Australia,Private room,1,1,80,0,,,,f,1
8212335,42828,891,41937,Australia,Private room,2,1,72,4,9,10,10,f,1
8212667,42828,684,42144,Australia,Private room,1,1,94,32,9,10,10,f,1
7556786,42828,617,42211,Australia,Entire home/apt,2,2,215,1,8,8,8,f,1
8598810,42828,553,42275,Australia,Private room,1,1,75,1,10,10,10,t,1
16846310,42828,386,42442,Australia,Private room,1,1,100,4,10,10,10,f,1
16667380,42828,527,42301,Australia,Entire home/apt,2,3,375,0,,,,f,1
9131886,42828,538,42290,Australia,Entire home/apt,1,2,250,0,,,,t,1
11228266,42828,1477,41351,Australia,Private room,1,1,100,13,10,10,10,f,1
2840465,42828,1096,41732,Australia,Entire home/apt,3,5,640,1,,,,f,1
14833009,42828,1261,41567,Australia,Private room,1.5,1,69,23,10,10,9,f,1
2774425,42828,1118,41710,Australia,Entire home/apt,1,2,130,6,10,10,10,f,1
18015290,42828,967,41861,Australia,Entire home/apt,2,2,105,0,,,,f,1
6706829,42828,918,41910,Australia,Entire home/apt,2.5,3,270,1,10,10,10,f,1
5461733,42828,768,42060,Australia,Private room,1,1,100,7,10,10,10,f,1
3364972,42828,1050,41778,Australia,Private room,1,1,66,13,9,10,9,f,1
13523243,42828,342,42486,Australia,Private room,1,1,69,8,10,9,10,f,1
14903454,42828,1050,41778,Australia,Entire home/apt,1,2,202,0,,,,f,1
7825660,42828,601,42227,Australia,Entire home/apt,1,1,100,0,,,,f,1
16145353,42828,1281,41547,Australia,Entire home/apt,3,5,990,0,,,,f,1
14673939,42829,226,42603,Australia,Private room,1,1,85,2,2,10,6,f,1
12348019,42828,1050,41778,Australia,Entire home/apt,1,1,160,3,8,10,9,f,1
15634591,42828,381,42447,Australia,Entire home/apt,1,0,100,22,9,9,9,t,1
10055949,42829,474,42355,Australia,Private room,1,1,66,1,6,8,6,f,1
15748102,42828,347,42481,Australia,Entire home/apt,1,1,115,1,,,,f,1
7180479,42828,1448,41380,Australia,Entire home/apt,1,2,149,16,10,9,9,f,1
14900724,42828,1050,41778,Australia,Entire home/apt,1,1,157,0,,,,f,1
16988531,42828,1224,41604,Australia,Entire home/apt,1,1,94,7,10,10,9,f,1
16917156,42829,1016,41813,Australia,Private room,1,1,60,0,,,,f,1
17690334,42829,22,42807,Australia,Entire home/apt,1,1,149,0,,,,f,1
8023462,42829,1006,41823,Australia,Entire home/apt,2.5,3,250,0,,,,f,1
5007216,42828,1584,41244,Australia,Entire home/apt,2,3,265,1,10,10,10,f,1
9332745,42828,588,42240,Australia,Entire home/apt,1,1,125,2,8,10,9,f,1
14676474,42830,825,42005,Australia,Entire home/apt,1,1,120,20,10,10,10,f,1
4421758,42829,892,41937,Australia,Private room,2.5,1,72,16,9,10,9,f,1
6218879,42829,894,41935,Australia,Entire home/apt,2,4,410,14,7,9,8,f,1
16349491,42829,113,42716,Australia,Entire home/apt,1,2,300,0,,,,f,1
12904875,42829,391,42438,Australia,Private room,1,1,75,7,9,10,10,f,1
9926178,42830,664,42166,Australia,Entire home/apt,2,2,200,1,10,10,10,f,1
12833938,42829,1108,41721,Australia,Private room,1,1,64,13,8,10,9,f,1
16045570,42829,1610,41219,Australia,Private room,1,1,50,5,10,10,10,f,1
11720299,42829,391,42438,Australia,Entire home/apt,1,0,91,8,10,9,10,f,1
15849100,42829,2307,40522,Australia,Entire home/apt,2,2,106,0,,,,f,1
17028788,42829,63,42766,Australia,Private room,1,1,50,0,,,,t,1
13948818,42829,268,42561,Australia,Entire home/apt,1.5,2,141,0,,,,f,1
9657727,42829,516,42313,Australia,Entire home/apt,2,3,300,1,10,10,10,f,1
17110221,42829,546,42283,Australia,Entire home/apt,1,1,121,1,,,,f,1
17881379,42829,11,42818,Australia,Entire home/apt,2,2,120,0,,,,f,1
16874743,42829,716,42113,Australia,Private room,1,1,50,0,,,,f,1
16177627,42829,1020,41809,Australia,Entire home/apt,1,1,110,0,,,,f,1
2546323,42829,1120,41709,Australia,Entire home/apt,1,0,99,85,9,9,9,f,1
13663799,42829,1700,41129,Australia,Private room,1,1,125,0,,,,f,1
11598365,42830,677,42153,Australia,Private room,1,1,80,9,10,10,10,f,1
6872274,42829,744,42085,Australia,Private room,1,1,75,8,10,10,9,f,1
2921797,42829,1332,41497,Australia,Private room,1,1,94,152,10,9,10,f,1
13271045,42829,1427,41402,Australia,Entire home/apt,1.5,3,262,0,,,,f,1
14450772,42829,1657,41172,Australia,Entire home/apt,1,2,149,0,,,,f,1
8159376,42829,1734,41095,Australia,Private room,2,1,38,2,9,10,10,f,1
10477028,42829,731,42098,Australia,Private room,1,1,150,2,10,10,10,t,1
15794112,42829,663,42166,Australia,Private room,1,1,68,2,10,10,10,f,1
7700670,42829,609,42220,Australia,Entire home/apt,1,1,100,1,10,10,10,t,1
17995150,42829,432,42397,Australia,Private room,2,4,52,0,,,,f,1
16317769,42829,115,42714,Australia,Entire home/apt,3,3,199,3,10,9,9,f,1
15040998,42829,1581,41248,Australia,Entire home/apt,2,2,210,0,,,,f,1
15303314,42829,588,42241,Australia,Private room,1,1,79,8,10,10,10,t,1
16351948,42829,131,42698,Australia,Private room,3,1,121,3,10,10,10,f,1
12610358,42829,1108,41721,Australia,Private room,1,1,66,12,9,9,9,f,1
16417675,42829,1528,41301,Australia,Entire home/apt,1,1,100,2,6,9,6,f,1
5404401,42829,775,42054,Australia,Entire home/apt,2.5,2,201,26,10,10,10,f,1
11306295,42829,1216,41613,Australia,Entire home/apt,1,1,149,0,,,,f,1
15303854,42829,588,42241,Australia,Private room,1,1,79,6,10,10,10,t,1
16619269,42829,91,42738,Australia,Private room,1,1,53,1,10,8,10,t,1
16814233,42829,89,42740,Australia,Shared room,2,1,30,5,10,10,10,f,1
13833344,42829,274,42555,Australia,Private room,1.5,1,49,0,,,,f,1
11507495,42829,676,42153,Australia,Private room,1,1,91,21,10,9,10,f,1
16815970,42829,630,42199,Australia,Entire home/apt,1.5,3,250,3,9,10,9,t,1
9477024,42829,506,42323,Australia,Private room,1,1,95,8,10,10,10,f,1
16784363,42829,269,42560,Australia,Private room,1,1,68,15,9,9,10,f,1
16587771,42829,93,42736,Australia,Private room,1,1,64,2,8,10,10,f,1
5014701,42829,1518,41311,Australia,Entire home/apt,2,3,275,6,8,9,9,f,1
5873258,42829,1160,41669,Australia,Private room,1,1,71,15,10,9,9,f,1
16359046,42829,131,42698,Australia,Private room,3,1,80,0,,,,f,1
1229521,42829,1402,41427,Australia,Entire home/apt,2.5,3,340,3,9,10,10,f,1
16795411,42829,1460,41369,Australia,Private room,1,1,64,4,9,8,8,t,1
12692428,42829,680,42149,Australia,Entire home/apt,2,4,399,1,10,10,10,f,1
15117197,42829,1016,41813,Australia,Entire home/apt,3.5,3,850,0,,,,f,1
3276410,42830,1760,41070,Australia,Entire home/apt,1,1,120,3,5,8,6,t,1
16480670,42830,666,42164,Australia,Entire home/apt,1.5,1,109,5,10,10,10,f,1
6517554,42830,693,42137,Australia,Entire home/apt,2.5,4,219,3,10,10,10,t,1
8123898,42830,584,42246,Australia,Private room,1,1,91,2,8,9,8,f,1
14807733,42830,284,42546,Australia,Entire home/apt,2,4,501,4,10,10,10,f,1
17592497,42830,1586,41244,Australia,Entire home/apt,2,3,244,0,,,,t,1
5500658,42830,766,42064,Australia,Entire home/apt,3.5,5,420,0,,,,f,1
17427720,42830,1240,41590,Australia,Private room,1,1,88,0,,,,t,1
14672594,42829,226,42603,Australia,Entire home/apt,3,3,330,3,10,10,9,f,1
14934288,42829,1051,41778,Australia,Entire home/apt,1,3,290,0,,,,f,1
14999769,42829,205,42624,Australia,Private room,2,1,99,0,,,,f,1
16371015,42829,1449,41380,Australia,Private room,1,1,80,7,10,10,10,f,1
6378228,42829,693,42136,Australia,Entire home/apt,2,2,100,0,,,,f,1
10212039,42829,464,42365,Australia,Private room,2,1,80,1,8,8,8,f,1
2082555,42829,1206,41623,Australia,Entire home/apt,1,1,130,12,10,10,9,f,1
11128684,42829,421,42408,Australia,Entire home/apt,1,2,239,1,10,10,10,f,1
11657984,42829,394,42435,Australia,Private room,1,1,80,7,10,10,10,t,1
4411881,42829,894,41935,Australia,Entire home/apt,2,3,399,1,,,,f,1
15781092,42829,1294,41535,Australia,Entire home/apt,1,2,169,2,10,10,10,f,1
12799123,42829,350,42479,Australia,Entire home/apt,1,1,85,1,10,10,10,f,1
12567738,42829,692,42137,Australia,Entire home/apt,2,2,244,4,10,10,10,f,1
7652413,42829,824,42005,Australia,Entire home/apt,1,1,99,9,9,10,10,f,1
10209003,42829,913,41916,Australia,Private room,1,1,39,0,,,,f,1
16032025,42829,142,42687,Australia,Entire home/apt,1.5,3,300,3,6,8,9,t,1
17614451,42829,346,42483,Australia,Entire home/apt,1,4,120,0,,,,t,1
12174748,42829,500,42329,Australia,Entire home/apt,2.5,3,490,0,,,,f,1
15843963,42829,583,42246,Australia,Private room,1,1,64,2,9,9,9,f,1
14795182,42829,1274,41555,Australia,Private room,1,1,72,13,10,10,9,f,1
15844952,42829,1133,41696,Australia,Entire home/apt,3,4,750,0,,,,f,1
17449201,42829,680,42149,Australia,Entire home/apt,1,1,116,0,,,,f,1
16105452,42829,140,42689,Australia,Shared room,1,1,39,3,7,9,9,t,1
16359414,42829,131,42698,Australia,Private room,3,1,60,0,,,,f,1
12041883,42829,493,42336,Australia,Private room,1,1,74,1,8,10,10,f,1
12303923,42829,361,42468,Australia,Private room,1,1,80,0,,,,f,1
5356936,42829,779,42050,Australia,Private room,1,1,71,10,10,10,9,f,1
12042028,42829,375,42454,Australia,Entire home/apt,2,2,120,1,10,10,10,f,1
9617072,42829,497,42332,Australia,Private room,1,1,85,4,9,10,10,f,1
6470222,42829,685,42144,Australia,Entire home/apt,2,2,296,1,10,10,10,f,1
4503848,42829,1008,41821,Australia,Private room,1,1,148,0,,,,f,1
8173690,42829,628,42201,Australia,Entire home/apt,2.5,4,800,0,,,,f,1
2079545,42829,2122,40707,Australia,Private room,2,1,75,24,8,7,8,f,1
16555587,42829,652,42177,Australia,Entire home/apt,3,4,250,0,,,,t,1
13284443,42829,1051,41778,Australia,Entire home/apt,2,2,214,2,8,9,8,f,1
9679818,42829,2292,40537,Australia,Entire home/apt,1,2,100,7,10,10,10,t,1
16430303,42829,113,42716,Australia,Private room,1,1,100,1,10,10,6,t,1
6663833,42829,699,42130,Australia,Private room,1,1,35,0,,,,f,1
16102074,42829,268,42561,Australia,Private room,1,1,53,0,,,,f,1
8038553,42829,894,41935,Australia,Private room,1,1,70,2,10,10,8,f,1
13772851,42829,1840,40989,Australia,Entire home/apt,2,3,551,1,10,10,10,f,1
16165644,42829,1089,41740,Australia,Entire home/apt,1,1,175,0,,,,f,1
5875320,42829,732,42097,Australia,Private room,1.5,1,85,4,10,10,10,f,1
15509821,42829,345,42484,Australia,Entire home/apt,1,3,280,1,10,,,f,1
9480467,42829,659,42170,Australia,Private room,2,1,200,0,,,,f,1
8889409,42829,1122,41707,Australia,Entire home/apt,1,1,135,29,9,10,9,f,1
14919323,42829,1051,41778,Australia,Entire home/apt,2,2,210,2,8,9,6,f,1
15115115,42829,701,42128,Australia,Entire home/apt,1,0,110,18,10,9,9,f,1
3711770,42829,983,41846,Australia,Entire home/apt,1,1,129,6,7,9,8,f,1
15574374,42829,420,42409,Australia,Entire home/apt,1,3,300,0,,,,f,1
17409279,42829,708,42121,Australia,Entire home/apt,1,1,91,1,10,10,10,f,1
106681,42829,2163,40666,Australia,Entire home/apt,1,1,145,0,,,,f,1
16293314,42829,117,42712,Australia,Private room,1,1,64,0,,,,f,1
3185935,42829,1041,41788,Australia,Private room,1,1,85,11,9,9,9,f,1
17145810,42829,716,42113,Australia,Shared room,1,1,24,0,,,,f,1
17079825,42829,635,42194,Australia,Private room,1,2,125,0,,,,f,1
10754285,42829,439,42390,Australia,Private room,1,1,99,30,10,9,9,f,1
17078028,42829,1051,41778,Australia,Entire home/apt,1,2,202,0,,,,f,1
12818042,42829,337,42492,Australia,Entire home/apt,3,4,600,0,,,,f,1
9279986,42829,1035,41794,Australia,Entire home/apt,3,5,1299,0,,,,f,1
8766521,42829,548,42281,Australia,Entire home/apt,2,3,296,5,10,10,9,f,1
15570234,42829,168,42661,Australia,Entire home/apt,1,1,180,0,,,,f,1
10326552,42829,1611,41218,Australia,Private room,1,1,70,0,,,,f,1
6065938,42829,717,42112,Australia,Private room,1.5,1,80,0,,,,f,1
16812569,42829,762,42067,Australia,Private room,2,4,64,3,9,9,9,f,1
5605146,42829,1184,41645,Australia,Private room,1,1,250,0,,,,f,1
16354003,42829,131,42698,Australia,Private room,3,1,55,5,10,10,10,f,1
5817179,42829,1041,41788,Australia,Private room,1,1,64,7,10,10,10,f,1
4645018,42829,1504,41325,Australia,Entire home/apt,2,2,399,5,10,9,8,f,1
4719421,42829,1301,41528,Australia,Private room,2.5,1,30,5,10,10,10,f,1
1803415,42829,2163,40666,Australia,Entire home/apt,1,0,99,28,10,9,9,f,1
17269797,42829,1051,41778,Australia,Entire home/apt,1,1,162,0,,,,f,1
3506822,42829,1004,41825,Australia,Private room,2,1,63,15,9,9,10,f,1
2979859,42829,1113,41716,Australia,Private room,2.5,1,69,24,9,9,10,f,1
10975935,42829,428,42401,Australia,Private room,1,1,104,0,,,,f,1
2063553,42829,1210,41619,Australia,Entire home/apt,2,4,275,41,9,10,9,f,1
4552083,42829,42829,,Australia,Private room,3,1,94,4,10,10,10,f,1
13986538,42828,2140,40688,Australia,Entire home/apt,2,4,360,1,10,10,10,f,1
15361927,42828,490,42338,Australia,Private room,1,1,80,0,,,,t,1
14902461,42828,1050,41778,Australia,Entire home/apt,1,1,145,0,,,,f,1
3629214,42828,991,41837,Australia,Private room,1,1,80,53,10,10,10,f,1
13066395,42828,1050,41778,Australia,Entire home/apt,1,1,160,0,,,,f,1
15973165,42828,1808,41020,Australia,Entire home/apt,1,1,176,0,,,,f,1
9451471,42828,637,42191,Australia,Entire home/apt,2.5,4,450,0,,,,f,1
15746672,42828,574,42254,Australia,Entire home/apt,1,3,320,0,,,,t,1
7550152,42828,1273,41555,Australia,Private room,1,1,100,24,10,9,10,f,1
1980411,42828,1226,41602,Australia,Entire home/apt,2,4,370,4,9,10,9,f,1
16136517,42828,760,42068,Australia,Entire home/apt,1,0,94,15,9,10,9,t,1
9581323,42828,926,41902,Australia,Private room,1,1,85,3,10,10,9,f,1
16198759,42828,123,42705,Australia,Private room,1,1,60,0,,,,f,1
2305105,42828,1631,41197,Australia,Entire home/apt,1,2,94,12,8,9,9,f,1
17574906,42828,1088,41740,Australia,Private room,2,1,52,3,10,9,10,t,1
16560584,42828,313,42515,Australia,Entire home/apt,3,4,556,0,,,,f,1
14951908,42828,1050,41778,Australia,Entire home/apt,1,1,157,0,,,,f,1
15802348,42828,761,42067,Australia,Private room,2,4,66,2,9,9,9,t,1
6493932,42828,683,42145,Australia,Private room,3,1,311,0,,,,f,1
14489271,42828,1034,41794,Australia,Entire home/apt,4,6,1500,0,,,,f,1
7081565,42828,643,42185,Australia,Entire home/apt,1,1,85,1,10,10,10,f,1
17684382,42828,790,42038,Australia,Private room,1,2,66,0,,,,f,1
13129684,42828,453,42375,Australia,Private room,1,1,80,1,10,10,10,f,1
15471452,42828,175,42653,Australia,Entire home/apt,3,5,1500,0,,,,f,1
9569154,42828,499,42329,Australia,Private room,1,1,75,2,6,9,8,f,1
9241436,42828,685,42143,Australia,Entire home/apt,3.5,4,650,0,,,,f,1
13435545,42828,305,42523,Australia,Entire home/apt,1,2,98,8,10,10,10,f,1
16216393,42828,1514,41314,Australia,Entire home/apt,1.5,3,313,0,,,,f,1
15862855,42828,1467,41361,Australia,Entire home/apt,1,1,98,7,8,10,10,f,1
5482066,42829,768,42061,Australia,Private room,1,1,100,0,,,,f,1
3534385,42830,1086,41744,Australia,Entire home/apt,1,2,60,77,9,9,9,t,1
17887456,42830,11,42819,Australia,Private room,1,2,45,0,,,,f,1
16561301,42829,95,42734,Australia,Private room,2,1,33,6,9,10,9,f,1
3075519,42829,1053,41776,Australia,Entire home/apt,3,4,215,21,9,9,9,f,1
13806657,42829,303,42526,Australia,Entire home/apt,1.5,2,160,1,10,10,10,f,1
16114299,42829,1053,41776,Australia,Entire home/apt,2.5,4,265,0,,,,f,1
16353373,42829,155,42674,Australia,Private room,1.5,2,120,7,9,10,10,f,1
15720631,42829,1053,41776,Australia,Entire home/apt,2.5,4,244,0,,,,f,1
16104049,42829,1053,41776,Australia,Entire home/apt,2.5,4,265,0,,,,f,1
13563705,42830,403,42427,Australia,Private room,1,1,85,1,10,8,10,f,1
14872958,42830,552,42278,Australia,Private room,1,1,29,3,10,9,10,f,1
12875140,42830,335,42495,Australia,Private room,1,1,300,2,10,8,10,f,1
16114933,42829,1053,41776,Australia,Entire home/apt,2.5,4,265,0,,,,f,1
16057985,42828,1052,41776,Australia,Entire home/apt,2.5,4,265,0,,,,f,1
8525103,42828,558,42270,Australia,Private room,1,1,125,0,,,,f,1
15013927,42828,663,42165,Australia,Private room,1,1,41,6,10,10,8,t,1
16071869,42828,1052,41776,Australia,Entire home/apt,2.5,4,265,1,10,10,10,f,1
13579251,42828,302,42526,Australia,Entire home/apt,1.5,2,201,7,10,9,10,f,1
16075109,42828,1052,41776,Australia,Entire home/apt,2.5,4,245,0,,,,f,1
16397946,42828,263,42565,Australia,Entire home/apt,1,2,100,8,9,10,10,t,1
9851472,42828,489,42339,Australia,Private room,2,1,149,0,,,,t,1
12932953,42828,330,42498,Australia,Private room,1,1,55,7,8,8,8,f,1
16662904,42828,568,42260,Australia,Private room,1,1,60,0,,,,t,1
6939764,42828,1052,41776,Australia,Entire home/apt,2.5,4,235,14,9,9,9,f,1
17720539,42828,895,41933,Australia,Private room,1,1,41,0,,,,t,1
10340403,42828,456,42372,Australia,Entire home/apt,1,1,66,14,8,9,9,f,1
15099134,42828,198,42630,Australia,Private room,1,1,55,12,10,9,10,f,1
16149493,42828,1052,41776,Australia,Entire home/apt,2.5,4,265,0,,,,f,1
16104662,42829,1053,41776,Australia,Entire home/apt,2.5,4,265,0,,,,f,1
16150015,42829,1053,41776,Australia,Entire home/apt,2.5,4,265,0,,,,f,1
16087629,42829,1053,41776,Australia,Entire home/apt,2.5,4,245,0,,,,f,1
16089019,42829,1053,41776,Australia,Entire home/apt,2.5,4,245,0,,,,f,1
5234196,42829,981,41848,Australia,Private room,1,1,55,1,10,8,10,t,1
15836063,42829,150,42679,Australia,Entire home/apt,2.5,4,80,0,,,,f,1
16811699,42829,42829,,Australia,Private room,1,1,45,2,,,,f,1
11499464,42829,402,42427,Australia,Shared room,2,1,41,0,,,,f,1
16150443,42830,1054,41776,Australia,Entire home/apt,2.5,4,265,0,,,,f,1
11717378,42829,770,42059,Australia,Private room,1,1,47,4,10,10,10,t,1
16105937,42829,1053,41776,Australia,Entire home/apt,2.5,4,265,0,,,,f,1
14531249,42829,304,42525,Australia,Entire home/apt,1,3,95,3,8,8,10,t,1
16115299,42829,1053,41776,Australia,Entire home/apt,2.5,4,265,0,,,,f,1
7449733,42829,624,42205,Australia,Private room,1,1,50,5,8,8,8,f,1
14521652,42829,664,42165,Australia,Private room,1,1,45,3,10,10,10,t,1
11499028,42829,402,42427,Australia,Private room,1,1,55,1,6,6,6,f,1
12390413,42828,468,42360,Australia,Private room,1.5,1,69,8,9,9,9,t,1
12856157,42828,335,42493,Australia,Private room,1,1,100,1,,,,f,1
17965186,42828,599,42229,Australia,Private room,1,1,75,0,,,,f,1
16652108,42828,295,42533,Australia,Shared room,2,1,35,0,,,,t,1
17767523,42828,54,42774,Australia,Private room,2,1,60,1,10,10,10,f,1
17149168,42828,126,42702,Australia,Private room,2,0,41,2,10,9,10,t,1
13571524,42828,302,42526,Australia,Entire home/apt,1.5,2,180,30,10,10,10,f,1
18026549,42828,329,42499,Australia,Entire home/apt,2.5,5,121,0,,,,t,1
8193217,42828,593,42235,Australia,Private room,1.5,1,66,8,9,9,9,t,1
12889988,42829,431,42398,Australia,Private room,1,1,50,9,9,9,10,f,1
13145615,42829,1339,41490,Australia,Entire home/apt,2,3,150,3,10,10,9,f,1
10252016,42830,963,41867,Australia,Private room,1,1,53,19,10,9,9,f,1
13466803,42830,431,42399,Australia,Entire home/apt,2.5,3,148,20,9,9,9,t,1
18015295,42829,69,42760,Australia,Entire home/apt,3,5,650,0,,,,t,1
8779091,42830,1340,41490,Australia,Entire home/apt,1.5,2,150,4,10,10,10,f,1
16165154,42829,962,41867,Australia,Private room,1,1,42,2,10,9,10,f,1
16442335,42829,111,42718,Australia,Entire home/apt,2,4,731,8,10,10,10,f,1
6484632,42829,1339,41490,Australia,Entire home/apt,2,4,300,2,9,9,9,f,1
17490055,42829,207,42622,Australia,Entire home/apt,2,3,280,0,,,,f,1
3600691,42830,995,41835,Australia,Private room,1,1,45,55,10,9,10,t,1
16369049,42829,144,42685,Australia,Private room,1,1,66,18,10,10,10,f,1
16376255,42829,411,42418,Australia,Entire home/apt,2,4,194,1,10,8,10,t,1
12431049,42829,1339,41490,Australia,Entire home/apt,2.5,4,200,5,8,9,8,f,1
1484181,42829,1339,41490,Australia,Entire home/apt,2.5,4,349,7,9,9,8,f,1
7665926,42830,612,42218,Australia,Entire home/apt,2.5,3,600,14,10,10,10,f,1
15703328,42830,530,42300,Australia,Shared room,1,1,35,3,7,9,7,t,1
2659711,42829,1104,41725,Australia,Private room,2,2,75,85,9,9,9,f,1
14222722,42828,724,42104,Australia,Private room,1,1,199,4,10,10,10,f,1
13240601,42828,310,42518,Australia,Entire home/apt,3,4,551,1,8,8,8,f,1
16124284,42828,1064,41764,Australia,Private room,1,1,149,0,,,,t,1
9702255,42828,664,42164,Australia,Private room,1,1,50,12,10,9,10,f,1
16949772,42828,70,42758,Australia,Private room,1,1,60,4,10,10,10,t,1
798517,42828,1593,41235,Australia,Private room,,1,80,3,9,9,10,f,1
16930303,42828,189,42639,Australia,Private room,1,1,45,4,10,10,10,f,1
9842861,42828,1228,41600,Australia,Private room,1,2,66,0,,,,f,1
5572652,42828,993,41835,Australia,Private room,1,1,45,57,10,9,10,t,1
5183217,42828,797,42031,Australia,Entire home/apt,1,4,180,9,10,10,9,f,1
17259637,42828,1338,41490,Australia,Entire home/apt,1,1,149,1,10,10,10,f,1
6481686,42828,692,42136,Australia,Private room,1,1,48,12,7,8,7,f,1
15746057,42828,368,42460,Australia,Private room,1,1,35,0,,,,t,1
1657119,42828,1338,41490,Australia,Entire home/apt,1,2,149,0,,,,f,1
1656999,42828,1338,41490,Australia,Entire home/apt,3,5,300,5,10,10,9,f,1
10773397,42828,437,42391,Australia,Private room,1,1,59,34,10,10,10,t,1
14901745,42828,1338,41490,Australia,Entire home/apt,2,2,149,3,10,10,10,f,1
15100168,42828,593,42235,Australia,Private room,1,1,201,5,10,10,10,t,1
12939248,42829,330,42499,Australia,Entire home/apt,3.5,4,156,6,10,9,9,f,1
16473104,42828,102,42726,Australia,Private room,1,1,42,17,10,9,10,t,1
16873279,42830,75,42755,Australia,Private room,1,1,74,9,10,10,10,f,1
12477204,42829,367,42462,Australia,Private room,1,1,64,32,10,9,10,f,1
11303939,42829,1133,41696,Australia,Private room,1,1,73,2,10,10,10,f,1
15760395,42829,155,42674,Australia,Private room,1,1,41,1,10,10,10,t,1
9886001,42829,483,42346,Australia,Shared room,1,1,60,0,,,,f,1
7238332,42830,637,42193,Australia,Private room,1,1,70,0,,,,f,1
17489418,42829,207,42622,Australia,Entire home/apt,2,3,579,0,,,,f,1
15822860,42830,439,42391,Australia,Private room,1,1,56,12,10,10,10,t,1
14873118,42829,214,42615,Australia,Private room,1,1,100,8,10,9,10,t,1
17645856,42829,42829,,Australia,Private room,1,1,105,0,,,,f,1
10657515,42829,1619,41210,Australia,Entire home/apt,2,3,150,1,10,10,10,f,1
11555081,42829,400,42429,Australia,Private room,1,1,50,6,10,9,10,f,1
18009062,42829,14,42815,Australia,Private room,1,1,30,0,,,,f,1
15122228,42829,342,42487,Australia,Entire home/apt,1.5,3,99,10,10,10,10,f,1
12077277,42829,967,41862,Australia,Entire home/apt,2.5,3,97,0,,,,f,1
15380588,42829,317,42512,Australia,Private room,1,1,50,3,10,9,10,f,1
12694096,42829,343,42486,Australia,Private room,1,1,50,1,10,10,10,f,1
10660479,42829,687,42142,Australia,Private room,1,1,45,8,10,9,9,f,1
9416023,42829,1921,40908,Australia,Entire home/apt,2,5,75,46,10,9,10,f,1
8957296,42829,534,42295,Australia,Private room,1,1,100,0,,,,t,1
13158123,42829,317,42512,Australia,Private room,2,1,45,10,10,9,10,f,1
16848593,42829,474,42355,Australia,Entire home/apt,1,2,106,3,10,8,10,t,1
16028447,42829,615,42214,Australia,Private room,1,1,80,1,10,8,6,f,1
15569652,42829,529,42300,Australia,Private room,1,1,67,4,7,7,7,t,1
16350110,42829,665,42164,Australia,Entire home/apt,2.5,4,128,3,10,8,9,f,1
16547008,42829,1339,41490,Australia,Entire home/apt,2,3,149,0,,,,f,1
18027122,42829,1134,41695,Australia,Entire home/apt,1,2,125,0,,,,f,1
12634672,42828,458,42370,Australia,Private room,0.5,1,38,19,9,9,9,f,1
6365232,42828,692,42136,Australia,Private room,1,1,48,9,8,8,9,f,1
10229965,42828,714,42114,Australia,Private room,1,1,149,14,10,10,10,t,1
16395535,42828,109,42719,Australia,Private room,1,2,300,0,,,,t,1
13084501,42829,1460,41369,Australia,Private room,1,1,120,4,10,10,10,f,1
16904677,42829,957,41872,Australia,Private room,1,1,50,0,,,,f,1
16444964,42830,388,42442,Australia,Private room,1,1,55,0,,,,f,1
12238124,42829,2123,40706,Australia,Private room,1,1,59,20,9,9,9,f,1
16444517,42830,106,42724,Australia,Private room,1,1,64,1,8,10,8,t,1
17557334,42830,737,42093,Australia,Private room,1,3,35,0,,,,t,1
17348472,42829,145,42684,Australia,Private room,1,1,91,0,,,,t,1
12658543,42829,344,42485,Australia,Private room,1,1,70,19,10,9,9,f,1
9830142,42830,486,42344,Australia,Private room,1,1,80,25,10,9,9,t,1
14994577,42829,486,42343,Australia,Private room,1,1,50,4,9,8,9,f,1
17690620,42830,1118,41712,Australia,Private room,1,1,45,2,10,10,10,f,1
8510573,42829,1010,41819,Australia,Private room,1,1,160,18,10,10,10,t,1
16681005,42829,1087,41742,Australia,Private room,1,1,110,6,9,8,8,t,1
16491181,42830,103,42727,Australia,Entire home/apt,1,2,378,0,,,,f,1
6680192,42830,671,42159,Australia,Private room,1,1,50,0,,,,f,1
15694965,42830,691,42139,Australia,Private room,2,1,100,0,,,,f,1
13207839,42829,559,42270,Australia,Entire home/apt,1,1,120,2,9,10,10,f,1
16967050,42829,1663,41166,Australia,Entire home/apt,3,3,219,1,10,10,10,f,1
14609327,42830,281,42549,Australia,Private room,1,1,46,4,10,9,10,f,1
13736789,42829,447,42382,Australia,Private room,1,1,321,0,,,,f,1
6350962,42830,695,42135,Australia,Entire home/apt,1,1,95,3,9,9,9,f,1
8831723,42829,1030,41799,Australia,Entire home/apt,1,1,59,1,,,,f,1
9566553,42829,500,42329,Australia,Entire home/apt,2,1,120,1,10,10,10,f,1
16643525,42830,810,42020,Australia,Entire home/apt,1,1,219,2,10,10,10,t,1
14149931,42830,403,42427,Australia,Private room,1,1,91,1,10,10,10,f,1
17767819,42829,420,42409,Australia,Private room,1,1,35,0,,,,t,1
14920094,42830,1052,41778,Australia,Entire home/apt,1.5,2,202,6,9,10,9,f,1
16054876,42830,229,42601,Australia,Entire home/apt,3.5,4,650,0,,,,t,1
17668485,42829,471,42358,Australia,Entire home/apt,1,2,110,0,,,,f,1
11069556,42830,426,42404,Australia,Entire home/apt,1,1,70,1,8,10,10,f,1
14934724,42829,1051,41778,Australia,Entire home/apt,1,2,202,3,8,9,9,f,1
9500720,42829,722,42107,Australia,Shared room,1,1,28,42,9,10,10,f,1
13804295,42829,371,42458,Australia,Entire home/apt,1,1,100,27,10,10,10,f,1
16675488,42830,503,42327,Australia,Entire home/apt,1,1,141,7,9,9,10,t,1
9742358,42830,575,42255,Australia,Entire home/apt,1,1,141,3,7,10,7,f,1
9567256,42830,670,42160,Australia,Entire home/apt,1,1,166,0,,,,f,1
16448129,42830,150,42680,Australia,Entire home/apt,1,1,160,9,8,9,9,t,1
14284865,42830,458,42372,Australia,Private room,1,1,66,0,,,,f,1
17751866,42829,19,42810,Australia,Entire home/apt,2,2,96,0,,,,t,1
14022907,42830,264,42566,Australia,Entire home/apt,2,2,200,22,10,10,10,f,1
13364777,42830,304,42526,Australia,Private room,1,1,91,0,,,,f,1
14461106,42829,237,42592,Australia,Private room,2,1,150,11,10,10,10,f,1
10479398,42830,451,42379,Australia,Private room,1,1,50,0,,,,f,1
15777401,42829,447,42382,Australia,Private room,1,1,70,8,10,10,10,f,1
12046683,42830,384,42446,Australia,Private room,1,1,53,3,10,9,10,f,1
9530375,42830,504,42326,Australia,Private room,1,1,99,4,10,10,9,f,1
485470,42830,1783,41047,Australia,Private room,2,1,80,26,9,9,9,f,1
4260164,42828,1152,41676,Australia,Entire home/apt,2,2,379,2,10,10,8,f,1
4183704,42828,923,41905,Australia,Entire home/apt,1,1,85,2,8,8,8,f,1
17610881,42828,334,42494,Australia,Private room,1,1,50,1,10,10,10,f,1
18024160,42828,1619,41209,Australia,Entire home/apt,1,1,83,0,,,,f,1
9701467,42828,829,41999,Australia,Entire home/apt,2,2,94,0,,,,f,1
13503596,42828,415,42413,Australia,Entire home/apt,1,2,79,0,,,,f,1
13044075,42828,332,42496,Australia,Private room,1,1,66,0,,,,f,1
8391076,42828,1270,41558,Australia,Entire home/apt,1,1,145,8,10,10,9,f,1
13830651,42828,763,42065,Australia,Entire home/apt,2,3,190,12,9,10,9,f,1
330547,42828,1888,40940,Australia,Private room,2,1,73,22,9,9,9,f,1
12395655,42828,446,42382,Australia,Private room,1,1,75,15,10,9,10,f,1
4133276,42828,929,41899,Australia,Private room,1,1,149,0,,,,f,1
17376530,42828,363,42465,Australia,Private room,1,1,48,0,,,,f,1
11153183,42828,503,42325,Australia,Private room,1,1,89,15,9,10,9,f,1
15541825,42828,168,42660,Australia,Private room,1,1,59,6,10,10,9,f,1
17175458,42828,1475,41353,Australia,Private room,1,1,66,0,,,,f,1
6498122,42828,683,42145,Australia,Shared room,1,1,62,19,9,10,9,f,1
9634683,42828,1270,41558,Australia,Entire home/apt,1,2,149,13,10,9,9,f,1
17707008,42828,20,42808,Australia,Private room,1,1,85,1,10,10,10,f,1
16784808,42828,363,42465,Australia,Entire home/apt,1,1,125,2,10,10,10,f,1
13117406,42828,430,42398,Australia,Private room,1,1,37,0,,,,f,1
10496077,42828,449,42379,Australia,Private room,1,1,66,0,,,,f,1
3802825,42828,1610,41218,Australia,Private room,1,1,89,51,10,10,10,f,1
17833617,42828,1060,41768,Australia,Private room,2,1,75,0,,,,f,1
16112688,42828,364,42464,Australia,Private room,1,1,41,1,,,,t,1
16127445,42828,820,42008,Australia,Entire home/apt,2.5,3,199,0,,,,f,1
4796712,42828,846,41982,Australia,Private room,1.5,1,69,4,10,9,10,f,1
16127725,42828,128,42700,Australia,Entire home/apt,1,3,138,7,7,9,8,t,1
10168999,42828,465,42363,Australia,Entire home/apt,2,2,300,15,8,9,9,f,1
9576703,42828,499,42329,Australia,Entire home/apt,1,1,100,2,8,9,9,f,1
11285210,42828,763,42065,Australia,Entire home/apt,1,2,160,13,8,9,8,f,1
9579529,42828,1278,41550,Australia,Entire home/apt,2,1,245,5,10,10,9,f,1
14557775,42828,1216,41612,Australia,Private room,2,1,85,22,10,10,10,f,1
9579784,42828,498,42330,Australia,Private room,1,1,69,2,10,9,10,f,1
5970329,42828,916,41912,Australia,Private room,1,1,140,0,,,,f,1
15219798,42828,243,42585,Australia,Private room,1,1,60,3,10,10,10,t,1
16738457,42828,1978,40850,Australia,Private room,1,1,100,0,,,,f,1
16204967,42828,448,42380,Australia,Private room,2,2,201,0,,,,f,1
9977361,42828,477,42351,Australia,Entire home/apt,2,2,140,0,,,,f,1
12599044,42828,346,42482,Australia,Private room,1,1,62,23,9,10,9,f,1
13321576,42828,305,42523,Australia,Private room,1,1,66,0,,,,f,1
10438009,42828,452,42376,Australia,Private room,1,1,100,0,,,,f,1
16008613,42828,640,42188,Australia,Entire home/apt,2,2,300,1,10,10,10,f,1
11285427,42828,573,42255,Australia,Entire home/apt,1,2,160,0,,,,f,1
16532976,42828,330,42498,Australia,Entire home/apt,2,0,180,1,10,10,10,f,1
2678923,42828,1312,41516,Australia,Entire home/apt,1,2,90,0,,,,f,1
6436737,42828,915,41913,Australia,Private room,1,1,60,29,9,9,9,f,1
12141489,42828,382,42446,Australia,Entire home/apt,2,3,281,19,9,9,9,f,1
8107027,42828,945,41883,Australia,Entire home/apt,2,3,152,16,9,10,10,f,1
10390226,42828,778,42050,Australia,Entire home/apt,1,2,110,5,10,9,9,f,1
11877029,42828,382,42446,Australia,Private room,1,1,79,11,10,10,10,f,1
14043345,42828,2070,40758,Australia,Private room,2,1,66,5,10,10,10,f,1
15681724,42828,1215,41613,Australia,Entire home/apt,2.5,4,950,0,,,,f,1
4868399,42828,945,41883,Australia,Private room,1,1,81,14,10,9,10,f,1
3032839,42828,1089,41739,Australia,Entire home/apt,1,2,170,1,10,10,10,f,1
16255983,42828,119,42709,Australia,Private room,1.5,1,66,19,10,10,10,f,1
17910291,42828,10,42818,Australia,Entire home/apt,1,2,130,0,,,,f,1
9735261,42828,915,41913,Australia,Private room,1,1,60,16,9,9,10,f,1
10045873,42828,473,42355,Australia,Private room,1,1,50,27,10,10,10,f,1
17451924,42828,250,42578,Australia,Entire home/apt,1,2,149,0,,,,f,1
9259972,42828,517,42311,Australia,Entire home/apt,1,2,98,70,9,9,10,f,1
9260085,42828,1215,41613,Australia,Entire home/apt,2,5,780,1,10,10,10,f,1
13520070,42828,293,42535,Australia,Private room,1,1,45,25,9,9,10,f,1
8408585,42828,1098,41730,Australia,Private room,1,1,75,7,10,10,10,f,1
16256208,42828,119,42709,Australia,Private room,0.5,1,41,0,,,,f,1
16667080,42828,86,42742,Australia,Entire home/apt,1.5,0,100,2,5,10,8,f,1
9260650,42828,1215,41613,Australia,Entire home/apt,1,1,142,22,10,10,10,f,1
16076473,42828,132,42696,Australia,Entire home/apt,1,2,130,0,,,,t,1
14341486,42828,1987,40841,Australia,Private room,2,1,80,13,10,10,10,f,1
17846957,42828,525,42303,Australia,Private room,1,1,63,0,,,,f,1
14111542,42828,363,42465,Australia,Entire home/apt,2,3,450,2,7,10,10,f,1
9983921,42828,476,42352,Australia,Private room,1,1,66,0,,,,f,1
15947146,42828,936,41892,Australia,Private room,1,1,69,0,,,,f,1
9065951,42828,533,42295,Australia,Entire home/apt,1.5,1,149,0,,,,f,1
10769956,42828,549,42279,Australia,Entire home/apt,1,2,262,4,,,,f,1
6575878,42828,1412,41416,Australia,Entire home/apt,1,2,281,4,10,10,10,f,1
15554322,42828,363,42465,Australia,Entire home/apt,2,3,269,1,,,,f,1
16537825,42828,266,42562,Australia,Private room,1,1,80,0,,,,t,1
13129747,42828,441,42387,Australia,Private room,1,1,59,0,,,,f,1
17193714,42828,547,42281,Australia,Entire home/apt,1,2,159,6,10,9,10,f,1
16933402,42828,485,42343,Australia,Shared room,1,1,25,1,10,10,10,f,1
8417279,42829,1099,41730,Australia,Private room,1,1,100,7,10,10,10,f,1
16079930,42828,258,42570,Australia,Entire home/apt,1,2,135,16,9,10,9,f,1
14906673,42829,334,42495,Australia,Entire home/apt,1,2,149,9,9,10,9,f,1
15695737,42828,159,42669,Australia,Private room,1,1,41,3,10,10,10,f,1
9201182,42828,1010,41818,Australia,Entire home/apt,2,2,160,2,10,10,10,f,1
16739487,42829,1281,41548,Australia,Private room,1,1,66,12,9,9,9,t,1
15097795,42828,1888,40940,Australia,Private room,2,1,73,2,9,10,10,f,1
16847418,42829,1979,40850,Australia,Entire home/apt,1.5,2,149,0,,,,f,1
16228227,42829,978,41851,Australia,Private room,1,1,55,0,,,,f,1
9102719,42828,525,42303,Australia,Private room,1,1,71,3,10,10,10,f,1
17719583,42828,173,42655,Australia,Private room,1,1,80,0,,,,t,1
11898939,42828,382,42446,Australia,Private room,1,1,69,1,10,10,10,f,1
14903304,42828,1050,41778,Australia,Entire home/apt,1,2,180,2,10,9,9,f,1
11499822,42830,403,42427,Australia,Entire home/apt,1,1,89,5,10,10,10,f,1
16977572,42829,66,42763,Australia,Private room,1,1,58,4,10,10,10,t,1
9533901,42829,502,42327,Australia,Entire home/apt,2,2,145,8,9,9,10,t,1
4880954,42829,947,41882,Australia,Entire home/apt,1,2,149,0,,,,f,1
6731240,42830,668,42162,Australia,Private room,1,1,54,0,,,,f,1
15848398,42829,447,42382,Australia,Entire home/apt,2,2,210,5,8,9,9,f,1
14996499,42829,764,42065,Australia,Entire home/apt,1,1,150,3,9,8,7,f,1
9884949,42829,582,42247,Australia,Private room,2,1,50,8,9,8,9,t,1
17880536,42829,11,42818,Australia,Private room,1,1,80,0,,,,t,1
13361384,42829,465,42364,Australia,Private room,1.5,1,100,11,10,10,10,f,1
17684398,42829,61,42768,Australia,Private room,1,1,41,0,,,,t,1
17157803,42829,56,42773,Australia,Private room,1,1,75,10,10,9,10,t,1
15907595,42829,176,42653,Australia,Private room,1,1,89,1,,,,f,1
17160498,42829,56,42773,Australia,Private room,1,1,75,6,9,9,10,t,1
13534066,42829,668,42161,Australia,Private room,1,1,55,0,,,,f,1
16323830,42829,115,42714,Australia,Private room,1,1,45,0,,,,t,1
15916118,42829,413,42416,Australia,Private room,1,1,47,13,9,9,9,f,1
12346492,42829,359,42470,Australia,Private room,1,1,80,21,9,9,9,t,1
17268924,42829,49,42780,Australia,Entire home/apt,1,1,66,0,,,,f,1
16230566,42829,1690,41139,Australia,Private room,1,1,45,12,10,9,10,t,1
17334832,42829,44,42785,Australia,Private room,1,1,55,3,9,9,10,f,1
16138356,42829,764,42065,Australia,Entire home/apt,2,2,170,2,,,,f,1
12157782,42829,1429,41400,Australia,Entire home/apt,3.5,4,490,1,10,10,10,f,1
15500194,42829,173,42656,Australia,Entire home/apt,3,4,320,1,10,10,8,f,1
18024433,42829,935,41894,Australia,Private room,1,1,66,0,,,,f,1
8615628,42830,581,42249,Australia,Private room,1,1,110,0,,,,f,1
17466434,42829,1192,41637,Australia,Private room,2,1,64,4,9,9,9,f,1
10192241,42829,558,42271,Australia,Entire home/apt,1,0,80,1,2,6,4,f,1
16484965,42829,429,42400,Australia,Private room,1,1,58,2,4,8,6,f,1
10390834,42829,455,42374,Australia,Private room,1,1,79,3,10,10,10,f,1
494594,42829,1782,41047,Australia,Private room,1,1,80,11,9,10,10,f,1
494500,42829,1782,41047,Australia,Private room,1,1,80,16,9,9,9,f,1
9081358,42829,527,42302,Australia,Private room,1,1,80,7,10,9,9,f,1
4624927,42829,867,41962,Australia,Private room,1,1,95,1,10,6,8,f,1
11312001,42829,716,42113,Australia,Entire home/apt,1,1,64,0,,,,f,1
17833092,42829,1117,41712,Australia,Private room,1,1,60,1,10,10,10,f,1
10199242,42829,1175,41654,Australia,Entire home/apt,1,1,100,8,10,10,9,f,1
15137517,42830,197,42633,Australia,Private room,1,1,45,5,10,10,10,f,1
13531054,42830,295,42535,Australia,Private room,2.5,1,236,0,,,,f,1
9464800,42830,1130,41700,Australia,Private room,1.5,1,55,10,9,10,9,f,1
12510339,42829,555,42274,Australia,Shared room,1,1,25,12,9,8,10,f,1
8674463,42829,550,42279,Australia,Private room,1,1,70,5,10,10,10,f,1
13826140,42829,294,42535,Australia,Private room,1,1,66,1,8,8,8,f,1
16503141,42829,149,42680,Australia,Entire home/apt,1,1,160,5,9,10,10,t,1
7000277,42829,1090,41739,Australia,Private room,2,1,80,0,,,,f,1
17911665,42829,739,42090,Australia,Private room,1,1,75,0,,,,t,1
10144996,42829,471,42358,Australia,Private room,1,1,60,39,10,9,9,f,1
17943755,42829,574,42255,Australia,Entire home/apt,2,2,180,0,,,,f,1
1133464,42829,1436,41393,Australia,Entire home/apt,2,3,219,1,10,10,10,f,1
12043361,42829,764,42065,Australia,Entire home/apt,2,2,160,5,9,10,9,f,1
17384494,42829,599,42230,Australia,Entire home/apt,1,2,116,0,,,,t,1
12043264,42829,764,42065,Australia,Entire home/apt,2,2,166,10,9,10,8,f,1
17878009,42829,1117,41712,Australia,Entire home/apt,2,3,141,0,,,,f,1
17548018,42829,984,41845,Australia,Shared room,2,1,28,3,9,7,9,t,1
10340406,42829,930,41899,Australia,Private room,0.5,1,80,0,,,,t,1
10077707,42829,917,41912,Australia,Private room,1,1,99,2,7,10,10,f,1
15844674,42829,1014,41815,Australia,Private room,1,1,109,10,10,10,9,t,1
15845292,42829,2153,40676,Australia,Entire home/apt,2,1,100,3,10,10,10,f,1
15971825,42829,331,42498,Australia,Private room,1,1,67,25,10,9,9,f,1
17481383,42829,230,42599,Australia,Private room,1,1,99,0,,,,t,1
13024700,42829,325,42504,Australia,Entire home/apt,2,3,219,0,,,,f,1
10535116,42829,764,42065,Australia,Entire home/apt,1,1,145,4,10,9,7,f,1
6929553,42829,747,42082,Australia,Entire home/apt,1,2,100,3,9,9,10,f,1
16170125,42829,190,42639,Australia,Entire home/apt,2,2,129,3,10,10,10,f,1
12031511,42829,375,42454,Australia,Entire home/apt,1,1,49,2,7,9,10,t,1
10043130,42829,474,42355,Australia,Private room,1,1,100,8,10,10,9,f,1
10271398,42829,471,42358,Australia,Private room,1,1,60,42,10,10,9,f,1
6929000,42829,747,42082,Australia,Entire home/apt,1,2,99,1,10,10,10,f,1
12695866,42829,591,42238,Australia,Entire home/apt,2,2,150,0,,,,f,1
8173803,42829,637,42192,Australia,Entire home/apt,1,1,296,0,,,,f,1
15316009,42829,638,42191,Australia,Entire home/apt,1.5,2,451,3,10,10,10,f,1
16561885,42829,736,42093,Australia,Private room,1,1,64,0,,,,t,1
9123438,42829,785,42044,Australia,Private room,1.5,1,32,2,6,8,9,f,1
10596216,42829,697,42132,Australia,Private room,2,1,91,2,10,10,10,t,1
9612334,42829,498,42331,Australia,Private room,2,1,120,1,10,10,10,f,1
3386384,42829,1034,41795,Australia,Entire home/apt,1,2,180,0,,,,f,1
16591361,42829,331,42498,Australia,Entire home/apt,2,2,160,1,10,10,10,f,1
16230487,42829,515,42314,Australia,Private room,1,1,1000,0,,,,t,1
16165628,42829,207,42622,Australia,Entire home/apt,1,2,150,6,9,9,9,f,1
7972669,42829,989,41840,Australia,Entire home/apt,2,4,300,1,10,10,8,f,1
17868085,42829,1117,41712,Australia,Private room,1,1,50,1,4,10,6,f,1
15835568,42829,890,41939,Australia,Private room,1,1,80,1,,,,f,1
17996675,42829,317,42512,Australia,Private room,1,1,80,0,,,,f,1
16031592,42829,192,42637,Australia,Private room,1,1,50,9,7,8,7,f,1
5970551,42829,803,42026,Australia,Entire home/apt,2,2,169,1,10,10,10,f,1
9281324,42829,567,42262,Australia,Entire home/apt,2,2,449,0,,,,f,1
757874,42829,1620,41209,Australia,Entire home/apt,3,2,225,3,9,10,6,f,1
16092083,42829,132,42697,Australia,Entire home/apt,0.5,1,97,2,10,10,10,t,1
11897646,42829,764,42065,Australia,Entire home/apt,2,2,166,3,9,10,9,f,1
15960165,42829,1860,40969,Australia,Entire home/apt,1,1,67,1,10,10,10,f,1
10059974,42829,518,42311,Australia,Private room,1,1,39,2,10,10,10,f,1
15864956,42829,1702,41127,Australia,Private room,1,1,85,12,10,10,10,t,1
16022799,42829,710,42119,Australia,Private room,1,1,55,5,10,10,10,f,1
17196711,42828,52,42776,Australia,Private room,2,1,59,1,10,10,10,f,1
12935299,42828,330,42498,Australia,Entire home/apt,2,3,201,3,6,9,7,f,1
16162613,42828,252,42576,Australia,Private room,1.5,1,67,0,,,,f,1
15424166,42828,763,42065,Australia,Entire home/apt,2,3,201,2,,,,f,1
13720195,42828,1004,41824,Australia,Entire home/apt,1,1,88,20,10,10,10,f,1
15424024,42828,763,42065,Australia,Entire home/apt,2,2,180,5,9,8,7,f,1
15030832,42828,683,42145,Australia,Private room,1,1,88,4,8,9,9,f,1
15880314,42828,146,42682,Australia,Private room,1,1,50,2,10,9,10,t,1
9064846,42828,596,42232,Australia,Entire home/apt,1,3,225,0,,,,f,1
14172829,42828,401,42427,Australia,Entire home/apt,2,2,180,4,10,10,10,f,1
16460393,42828,266,42562,Australia,Private room,1,1,75,1,10,8,10,t,1
15736956,42828,763,42065,Australia,Entire home/apt,2,2,170,2,10,7,9,f,1
6494794,42828,850,41978,Australia,Entire home/apt,1,1,199,2,5,5,6,f,1
10296199,42828,458,42370,Australia,Private room,1,1,69,1,10,10,10,f,1
16521047,42828,98,42730,Australia,Entire home/apt,2,4,700,0,,,,f,1
3872259,42828,1610,41218,Australia,Entire home/apt,2,2,260,3,9,10,9,f,1
5287759,42828,786,42042,Australia,Private room,1.5,1,79,27,10,10,10,f,1
8509572,42828,695,42133,Australia,Private room,1,1,60,11,10,9,9,f,1
16651538,42828,1475,41353,Australia,Entire home/apt,1,2,93,0,,,,t,1
15865095,42828,1701,41127,Australia,Private room,1,1,50,7,10,9,10,t,1
11124239,42828,421,42407,Australia,Entire home/apt,1,1,128,27,10,10,10,f,1
8193556,42828,579,42249,Australia,Private room,1,1,80,24,10,10,9,t,1
9841467,42828,484,42344,Australia,Entire home/apt,1,1,189,0,,,,f,1
9831262,42828,484,42344,Australia,Entire home/apt,1,1,105,1,8,10,8,t,1
15663923,42828,1532,41296,Australia,Entire home/apt,1,2,250,6,10,10,9,t,1
17463048,42830,38,42792,Australia,Entire home/apt,1,2,244,0,,,,t,1
9885087,42829,483,42346,Australia,Entire home/apt,2,4,200,0,,,,f,1
13632647,42828,525,42303,Australia,Private room,1,1,125,0,,,,t,1
6294305,42828,698,42130,Australia,Private room,2,1,149,4,10,10,10,t,1
2434101,42828,1137,41691,Australia,Private room,1,1,69,60,9,9,10,f,1
9258043,42828,517,42311,Australia,Private room,1.5,1,45,0,,,,f,1
5785204,42828,1217,41611,Australia,Entire home/apt,1.5,2,109,10,10,9,9,f,1
13717394,42828,852,41976,Australia,Entire home/apt,1.5,1,85,17,10,9,10,f,1
17913187,42828,911,41917,Australia,Entire home/apt,2.5,4,180,0,,,,t,1
17854238,42829,850,41979,Australia,Private room,1,1,66,0,,,,t,1
16416895,42829,108,42721,Australia,Private room,1,2,100,0,,,,f,1
15570385,42829,1094,41735,Australia,Entire home/apt,1,1,80,3,10,9,10,f,1
8506733,42829,561,42268,Australia,Private room,1,2,110,1,10,10,10,f,1
11683032,42829,392,42437,Australia,Private room,1,1,70,1,10,10,10,f,1
17614687,42829,27,42802,Australia,Private room,1,2,79,2,10,10,10,t,1
10339983,42829,457,42372,Australia,Private room,2.5,1,50,5,10,10,10,f,1
17941987,42829,821,42008,Australia,Private room,1,1,80,0,,,,f,1
16428335,42829,154,42675,Australia,Entire home/apt,1,1,99,2,9,9,10,t,1
9928059,42829,1104,41725,Australia,Private room,1.5,2,75,8,10,9,10,f,1
17981207,42828,333,42495,Australia,Private room,1.5,3,51,1,10,10,10,t,1
6958982,42828,1217,41611,Australia,Entire home/apt,1.5,3,176,2,9,9,7,f,1
11914749,42829,381,42448,Australia,Private room,1,1,59,1,8,10,10,f,1
8973527,42829,534,42295,Australia,Private room,1.5,1,50,0,,,,f,1
13032820,42829,360,42469,Australia,Private room,1,1,41,66,10,9,10,t,1
17795759,42829,594,42235,Australia,Private room,1,1,38,1,10,8,10,f,1
15779683,42829,160,42669,Australia,Private room,1.5,1,37,1,10,,,f,1
11514721,42829,401,42428,Australia,Private room,1,1,45,24,9,9,10,f,1
16572465,42829,109,42720,Australia,Entire home/apt,1,1,124,2,10,10,9,t,1
14806915,42829,887,41942,Australia,Entire home/apt,2,4,250,6,10,10,10,f,1
17934144,42829,109,42720,Australia,Private room,1.5,1,46,3,10,9,10,t,1
16182835,42830,880,41950,Australia,Private room,1,1,91,0,,,,f,1
17098182,42830,110,42720,Australia,Private room,1,1,70,1,10,10,8,t,1
7775591,42829,1692,41137,Australia,Entire home/apt,1.5,3,200,1,8,10,10,f,1
16987558,42828,652,42176,Australia,Entire home/apt,1,1,67,8,10,10,10,f,1
12660334,42828,458,42370,Australia,Entire home/apt,1.5,3,270,0,,,,f,1
13114422,42828,319,42509,Australia,Entire home/apt,1.5,3,170,4,9,8,9,f,1
5353327,42828,779,42049,Australia,Entire home/apt,1,2,110,105,10,10,10,f,1
18030086,42828,467,42361,Australia,Private room,2,1,60,0,,,,t,1
5408982,42828,982,41846,Australia,Private room,1,1,89,2,7,8,6,t,1
16460410,42828,108,42720,Australia,Private room,1.5,1,47,7,10,9,10,t,1
16522179,42828,108,42720,Australia,Private room,1.5,1,52,7,10,10,10,t,1
16654884,42828,87,42741,Australia,Private room,1,1,69,10,9,10,10,t,1
17703664,42828,20,42808,Australia,Private room,4,8,89,0,,,,t,1
11934313,42828,575,42253,Australia,Entire home/apt,2,2,149,3,10,10,10,f,1
12991578,42828,599,42229,Australia,Private room,1,1,66,6,9,10,10,f,1
16399821,42828,108,42720,Australia,Entire home/apt,2.5,3,201,3,9,9,9,f,1
17533299,42828,635,42193,Australia,Private room,3,1,50,0,,,,t,1
17451491,42828,108,42720,Australia,Entire home/apt,2.5,4,288,1,10,10,10,t,1
9260335,42828,517,42311,Australia,Private room,1,1,50,0,,,,f,1
14830631,42828,448,42380,Australia,Private room,1,1,45,1,,,,t,1
17910938,42828,108,42720,Australia,Private room,1,1,46,0,,,,t,1
7754599,42828,1347,41481,Australia,Private room,1,1,38,26,9,9,10,f,1
17656196,42828,24,42804,Australia,Entire home/apt,1,1,96,0,,,,t,1
7876741,42829,598,42231,Australia,Shared room,2,1,50,0,,,,f,1
12872842,42829,600,42229,Australia,Private room,1,1,35,39,10,9,10,f,1
15825498,42829,151,42678,Australia,Entire home/apt,2,4,149,3,10,9,9,f,1
9098095,42829,986,41843,Australia,Entire home/apt,1,1,95,35,10,10,10,f,1
15193807,42829,193,42636,Australia,Private room,1.5,1,25,2,6,8,8,f,1
16570105,42829,1542,41287,Australia,Private room,1,1,21,1,,,,t,1
16570693,42829,95,42734,Australia,Private room,2.5,5,39,0,,,,f,1
17004286,42829,109,42720,Australia,Private room,1,1,47,3,9,10,10,t,1
12959092,42829,636,42193,Australia,Private room,1,1,70,0,,,,f,1
15932359,42829,1557,41272,Australia,Private room,1,1,30,2,10,7,10,f,1
17800948,42829,15,42814,Australia,Shared room,1,1,102,0,,,,t,1
17757543,42830,19,42811,Australia,Entire home/apt,1,1,70,0,,,,f,1
17158170,42829,56,42773,Australia,Private room,1,1,49,0,,,,f,1
16498925,42829,109,42720,Australia,Entire home/apt,1,2,148,3,10,10,9,t,1
15693090,42829,160,42669,Australia,Private room,1.5,1,39,5,10,9,10,f,1
1149038,42829,1464,41365,Australia,Entire home/apt,2,4,451,6,10,9,10,t,1
16408134,42828,108,42720,Australia,Private room,1,1,100,2,10,10,10,f,1
8195800,42828,1541,41287,Australia,Private room,1,1,24,20,9,9,9,t,1
4588521,42828,874,41954,Australia,Private room,1,1,85,3,9,10,9,f,1
8637234,42829,1380,41449,Australia,Private room,1,1,200,0,,,,f,1
11344670,42829,550,42279,Australia,Entire home/apt,1,0,150,33,9,10,9,t,1
13818746,42829,408,42421,Australia,Entire home/apt,1,1,141,28,10,10,10,t,1
11449214,42829,409,42420,Australia,Entire home/apt,1,1,135,83,10,9,10,t,1
15836021,42829,1748,41081,Australia,Private room,1,1,70,13,10,10,9,f,1
17033117,42830,269,42561,Australia,Entire home/apt,1,1,85,0,,,,t,1
9434342,42830,2036,40794,Australia,Private room,1.5,1,78,22,10,10,10,f,1
13885377,42829,271,42558,Australia,Private room,1,1,47,0,,,,f,1
3013566,42830,1060,41770,Australia,Private room,1,1,125,0,,,,f,1
13469079,42829,351,42478,Australia,Private room,1,1,85,30,10,10,10,f,1
1941939,42829,1544,41285,Australia,Private room,1,1,59,11,10,10,10,f,1
7181196,42829,971,41858,Australia,Private room,1,1,75,30,10,10,10,f,1
8977590,42830,534,42296,Australia,Private room,1,1,95,74,10,10,10,t,1
16182603,42830,675,42155,Australia,Private room,1,1,198,0,,,,f,1
1548155,42829,1326,41503,Australia,Entire home/apt,2,4,795,2,10,10,9,f,1
17425007,42829,1843,40986,Australia,Entire home/apt,1,0,80,0,,,,f,1
16618288,42829,897,41932,Australia,Entire home/apt,1,2,130,4,10,10,10,f,1
9531079,42829,503,42326,Australia,Entire home/apt,1,2,150,0,,,,f,1
9350443,42829,755,42074,Australia,Entire home/apt,3.5,5,861,1,10,10,10,f,1
9299949,42830,517,42313,Australia,Entire home/apt,2.5,3,349,0,,,,f,1
12840178,42830,396,42434,Australia,Entire home/apt,1,1,91,1,10,10,10,f,1
17548074,42829,31,42798,Australia,Entire home/apt,1,1,110,0,,,,t,1
11265684,42830,420,42410,Australia,Entire home/apt,1,3,280,0,,,,f,1
10190341,42830,466,42364,Australia,Entire home/apt,2.5,4,451,1,10,10,10,f,1
16317753,42830,370,42460,Australia,Entire home/apt,1,1,100,3,10,10,10,f,1
8910486,42830,979,41851,Australia,Entire home/apt,1,1,200,1,10,10,10,f,1
16570619,42829,1347,41482,Australia,Entire home/apt,1,1,102,2,10,10,10,t,1
17407621,42829,1100,41729,Australia,Entire home/apt,1,1,261,0,,,,t,1
13885029,42829,274,42555,Australia,Entire home/apt,1,1,150,0,,,,f,1
8977894,42830,534,42296,Australia,Entire home/apt,4,5,950,4,9,8,9,f,1
16177292,42829,126,42703,Australia,Entire home/apt,1,3,205,1,8,10,10,f,1
4753890,42829,869,41960,Australia,Entire home/apt,1,1,100,8,10,10,10,f,1
14937595,42830,1052,41778,Australia,Entire home/apt,1,1,118,0,,,,f,1
4251875,42829,915,41914,Australia,Entire home/apt,1,0,130,1,2,6,2,f,1
14281773,42830,435,42395,Australia,Entire home/apt,1,1,110,19,10,10,10,f,1
17693047,42829,1364,41465,Australia,Entire home/apt,1,3,311,1,8,8,4,t,1
15662735,42830,163,42667,Australia,Entire home/apt,1,1,150,0,,,,f,1
7842414,42829,601,42228,Australia,Entire home/apt,2,2,160,0,,,,f,1
9801139,42829,487,42342,Australia,Entire home/apt,1,2,247,10,9,10,9,f,1
17389902,42829,337,42492,Australia,Entire home/apt,2,2,399,0,,,,f,1
1310308,42830,1400,41430,Australia,Entire home/apt,1,1,141,50,9,10,9,f,1
5306978,42829,886,41943,Australia,Shared room,1,1,35,25,9,10,10,f,1
13623708,42829,455,42374,Australia,Entire home/apt,1,0,130,28,10,10,10,f,1
10638197,42830,2328,40502,Australia,Entire home/apt,1,2,260,7,9,10,9,t,1
8906960,42830,1586,41244,Australia,Entire home/apt,1,1,145,3,9,10,9,t,1
15913391,42829,570,42259,Australia,Entire home/apt,1,0,109,4,10,10,10,t,1
8781315,42830,887,41943,Australia,Entire home/apt,1,1,100,4,4,6,4,f,1
10091820,42830,533,42297,Australia,Entire home/apt,2,3,490,0,,,,f,1
14695563,42829,1035,41794,Australia,Entire home/apt,3,4,1351,0,,,,f,1
4672147,42829,1696,41133,Australia,Entire home/apt,5,4,2199,6,9,10,10,f,1
15316264,42829,1651,41178,Australia,Entire home/apt,1,1,91,3,10,10,10,f,1
15989481,42829,2327,40502,Australia,Entire home/apt,1,2,260,0,,,,t,1
8120148,42830,1535,41295,Australia,Entire home/apt,2.5,6,875,2,10,10,10,f,1
10839366,42828,2326,40502,Australia,Entire home/apt,1,2,260,2,6,10,10,t,1
15760423,42829,176,42653,Australia,Entire home/apt,3,4,1199,0,,,,f,1
14917390,42829,1051,41778,Australia,Entire home/apt,2,4,598,0,,,,f,1
14845074,42829,1051,41778,Australia,Entire home/apt,1,2,242,3,9,10,9,f,1
10735408,42829,573,42256,Australia,Entire home/apt,6,6,2000,3,10,9,9,f,1
8373300,42829,602,42227,Australia,Entire home/apt,4,5,2400,0,,,,f,1
15859954,42828,414,42414,Australia,Entire home/apt,1,3,600,4,7,10,9,f,1
5572467,42828,1058,41770,Australia,Private room,1,1,75,6,10,10,10,f,1
15664184,42828,610,42218,Australia,Private room,1,1,90,22,10,10,10,f,1
16195023,42828,476,42352,Australia,Entire home/apt,1,1,201,2,7,10,10,f,1
16844338,42828,166,42662,Australia,Entire home/apt,1,2,121,0,,,,t,1
9373342,42828,1034,41794,Australia,Entire home/apt,3,4,769,0,,,,f,1
13806538,42828,984,41844,Australia,Entire home/apt,1,1,85,1,10,10,10,f,1
16713529,42828,83,42745,Australia,Entire home/apt,3.5,4,450,0,,,,t,1
8849605,42828,1098,41730,Australia,Entire home/apt,1,1,165,0,,,,t,1
16124137,42828,1030,41798,Australia,Entire home/apt,1,1,79,1,10,10,10,f,1
14112478,42828,1034,41794,Australia,Entire home/apt,3,6,1300,0,,,,f,1
17107333,42828,711,42117,Australia,Private room,1,1,73,0,,,,f,1
13830620,42828,442,42386,Australia,Entire home/apt,1,1,121,0,,,,f,1
15207086,42828,745,42083,Australia,Entire home/apt,1,3,400,0,,,,f,1
17107778,42828,99,42729,Australia,Entire home/apt,1,2,176,0,,,,f,1
2952191,42828,1066,41762,Australia,Entire home/apt,1,0,135,14,9,10,9,t,1
15011049,42828,335,42493,Australia,Entire home/apt,1,1,130,30,10,10,10,f,1
14430399,42828,623,42205,Australia,Entire home/apt,1,1,121,1,4,10,8,t,1
12529177,42828,741,42087,Australia,Entire home/apt,2,3,450,0,,,,t,1
11805847,42828,940,41888,Australia,Entire home/apt,1,1,97,0,,,,f,1
11679850,42828,1034,41794,Australia,Entire home/apt,1,1,198,2,9,9,7,t,1
15470998,42828,175,42653,Australia,Entire home/apt,3,3,1800,0,,,,f,1
11101115,42828,422,42406,Australia,Private room,1,1,100,0,,,,f,1
17769721,42828,1223,41605,Australia,Entire home/apt,1,1,110,0,,,,f,1
12524532,42828,1483,41345,Australia,Private room,1,1,98,0,,,,f,1
9597740,42828,497,42331,Australia,Private room,1,1,105,19,10,10,10,f,1
10967181,42828,1111,41717,Australia,Private room,1,1,145,1,10,10,10,f,1
17439985,42828,37,42791,Australia,Entire home/apt,1,3,190,5,10,10,10,f,1
2696968,42828,1097,41731,Australia,Entire home/apt,1.5,2,180,2,10,10,10,f,1
871059,42828,1901,40927,Australia,Entire home/apt,1,2,299,76,10,10,10,f,1
8461086,42828,1729,41099,Australia,Entire home/apt,1,2,201,0,,,,f,1
12326026,42828,1316,41512,Australia,Entire home/apt,1,1,149,0,,,,f,1
1837068,42828,1343,41485,Australia,Entire home/apt,1,2,260,57,10,10,9,f,1
3087955,42828,1450,41378,Australia,Entire home/apt,2.5,4,700,6,10,10,10,f,1
16457357,42828,334,42494,Australia,Private room,1,1,50,3,9,9,9,t,1
5712086,42828,746,42082,Australia,Entire home/apt,1.5,3,350,55,9,10,10,t,1
14998568,42828,204,42624,Australia,Entire home/apt,1,0,145,2,10,9,9,f,1
17248452,42828,49,42779,Australia,Entire home/apt,2.5,5,800,0,,,,f,1
6364987,42828,692,42136,Australia,Entire home/apt,1,2,149,4,10,10,10,f,1
5709691,42828,1155,41673,Australia,Entire home/apt,2.5,3,849,1,10,10,8,f,1
13818529,42828,512,42316,Australia,Entire home/apt,3.5,5,549,2,10,10,10,f,1
8089997,42828,1666,41162,Australia,Private room,1,1,201,12,10,10,10,f,1
12918767,42828,1056,41772,Australia,Entire home/apt,1,2,290,9,9,10,10,t,1
10234538,42828,1022,41806,Australia,Entire home/apt,1,1,100,0,,,,t,1
5875073,42828,1325,41503,Australia,Private room,1,1,110,0,,,,f,1
12594017,42828,346,42482,Australia,Entire home/apt,1,2,300,2,10,10,10,f,1
11610986,42828,396,42432,Australia,Entire home/apt,1,2,199,21,10,10,9,f,1
9963636,42828,477,42351,Australia,Entire home/apt,1,1,125,48,10,10,10,t,1
76815,42828,2417,40411,Australia,Entire home/apt,1,2,100,14,9,9,9,f,1
7961261,42828,1131,41697,Australia,Entire home/apt,3,4,800,2,10,10,10,f,1
15807263,42828,175,42653,Australia,Entire home/apt,3,3,931,0,,,,f,1
9577024,42828,990,41838,Australia,Entire home/apt,1,2,121,0,,,,f,1
8057285,42828,1666,41162,Australia,Entire home/apt,1,0,300,13,10,10,10,f,1
5708006,42828,747,42081,Australia,Entire home/apt,1,1,110,23,10,10,10,f,1
7149841,42828,1034,41794,Australia,Entire home/apt,1,2,315,0,,,,t,1
9512854,42828,503,42325,Australia,Entire home/apt,5,6,1250,2,10,10,10,f,1
14237448,42828,249,42579,Australia,Entire home/apt,1,2,499,1,10,10,6,f,1
5752575,42828,742,42086,Australia,Entire home/apt,4,4,800,1,10,10,10,f,1
17766890,42828,336,42492,Australia,Entire home/apt,1,2,250,0,,,,t,1
11740187,42828,389,42439,Australia,Entire home/apt,2.5,5,849,0,,,,f,1
11934312,42828,824,42004,Australia,Entire home/apt,1,2,170,30,9,10,9,t,1
9714556,42828,491,42337,Australia,Entire home/apt,1,2,149,0,,,,f,1
3095465,42828,1584,41244,Australia,Entire home/apt,2.5,3,490,0,,,,f,1
16858071,42828,639,42189,Australia,Entire home/apt,1,1,110,8,10,9,10,t,1
5061776,42828,811,42017,Australia,Entire home/apt,1,1,90,14,9,9,9,f,1
11831857,42828,384,42444,Australia,Private room,1,1,76,35,10,10,10,f,1
15156443,42828,847,41981,Australia,Entire home/apt,1,1,94,2,8,10,9,f,1
11591627,42828,1034,41794,Australia,Entire home/apt,1,2,275,0,,,,t,1
9455159,42828,877,41951,Australia,Private room,1,1,50,1,10,10,10,f,1
8995294,42828,531,42297,Australia,Entire home/apt,4,5,1100,1,10,10,10,f,1
2441800,42828,1136,41692,Australia,Entire home/apt,3,4,950,3,9,10,9,f,1
14694133,42828,1584,41244,Australia,Entire home/apt,2,3,328,0,,,,f,1
12993359,42828,512,42316,Australia,Entire home/apt,2,4,1095,2,10,8,8,f,1
1915051,42828,1448,41380,Australia,Entire home/apt,1,1,121,67,9,10,9,f,1
16070916,42828,678,42150,Australia,Entire home/apt,2.5,3,269,0,,,,f,1
9779812,42828,487,42341,Australia,Entire home/apt,2.5,3,1000,0,,,,t,1
12388803,42828,865,41963,Australia,Entire home/apt,2,2,198,13,10,10,9,f,1
14826176,42828,216,42612,Australia,Entire home/apt,2.5,4,600,1,10,10,10,f,1
16692348,42828,264,42564,Australia,Entire home/apt,3,3,350,1,10,10,10,t,1
16005912,42828,1050,41778,Australia,Entire home/apt,1,3,275,0,,,,f,1
9259371,42828,517,42311,Australia,Private room,1,1,149,0,,,,f,1
9914623,42828,480,42348,Australia,Entire home/apt,1,1,110,0,,,,f,1
17516413,42828,864,41964,Australia,Entire home/apt,1,1,98,0,,,,t,1
9456098,42828,506,42322,Australia,Entire home/apt,2.5,4,294,1,2,10,4,f,1
4737592,42828,1300,41528,Australia,Private room,2,1,240,0,,,,f,1
15945256,42828,1842,40986,Australia,Private room,1,1,235,0,,,,f,1
7228713,42828,910,41918,Australia,Private room,1,1,140,23,9,10,9,t,1
17545030,42828,214,42614,Australia,Private room,1,1,110,0,,,,f,1
15876588,42828,146,42682,Australia,Private room,1,1,68,2,10,10,10,f,1
17982032,42828,593,42235,Australia,Private room,1,1,80,0,,,,f,1
15486833,42828,175,42653,Australia,Entire home/apt,5,5,1800,0,,,,f,1
3231905,42828,1034,41794,Australia,Entire home/apt,1,2,263,1,2,10,4,t,1
17256622,42828,1248,41580,Australia,Private room,1,1,176,7,10,10,10,t,1
16535289,42828,1639,41189,Australia,Entire home/apt,1,1,190,0,,,,f,1
17257218,42828,1050,41778,Australia,Entire home/apt,1,1,193,0,,,,f,1
10107009,42828,470,42358,Australia,Entire home/apt,1,2,149,4,10,10,10,f,1
5006140,42828,1654,41174,Australia,Private room,1,1,110,4,10,10,10,f,1
15029410,42828,504,42324,Australia,Entire home/apt,1,2,250,1,10,10,10,f,1
8869083,42828,539,42289,Australia,Entire home/apt,1,2,201,41,10,10,9,f,1
2315760,42828,1158,41670,Australia,Entire home/apt,3,4,849,1,10,10,10,f,1
9065986,42828,589,42239,Australia,Entire home/apt,1,2,180,1,8,10,8,f,1
10180414,42828,603,42225,Australia,Entire home/apt,1.5,3,400,2,10,10,8,f,1
8869697,42828,858,41970,Australia,Entire home/apt,1,4,1300,1,10,10,10,f,1
15227146,42828,356,42472,Australia,Entire home/apt,4.5,5,1180,0,,,,f,1
10974665,42828,1113,41715,Australia,Entire home/apt,1,3,475,0,,,,f,1
17914517,42828,14,42814,Australia,Private room,1,1,50,0,,,,t,1
5205848,42829,42829,,Australia,Entire home/apt,1,1,121,7,8,9,9,f,1
16019357,42830,177,42653,Australia,Entire home/apt,3,4,1050,0,,,,f,1
9464071,42828,506,42322,Australia,Entire home/apt,2.5,3,330,7,10,10,9,f,1
14903568,42828,1050,41778,Australia,Entire home/apt,2,2,180,0,,,,f,1
58506,42828,2340,40488,Australia,Entire home/apt,1,1,149,174,8,9,9,f,1
15819505,42828,175,42653,Australia,Entire home/apt,3,5,1680,0,,,,f,1
14774363,42829,715,42114,Australia,Private room,1,1,69,4,9,10,9,f,1
15667053,42828,1356,41472,Australia,Private room,1,2,100,7,9,10,10,t,1
17961117,42828,1492,41336,Australia,Private room,1,,69,0,,,,f,1
8741832,42828,546,42282,Australia,Entire home/apt,2,4,870,2,10,8,9,f,1
3630035,42828,1036,41792,Australia,Entire home/apt,3.5,5,339,5,8,9,9,f,1
3499182,42828,1025,41803,Australia,Private room,1,1,270,0,,,,f,1
5138498,42830,803,42027,Australia,Entire home/apt,1.5,2,198,17,9,9,9,f,1
8740417,42828,546,42282,Australia,Entire home/apt,2,3,433,2,10,10,10,f,1
4418487,42828,1278,41550,Australia,Private room,1,1,75,0,,,,f,1
15821755,42828,151,42677,Australia,Private room,1,1,121,5,10,10,10,f,1
4158047,42829,926,41903,Australia,Entire home/apt,1,1,235,14,10,10,10,f,1
14900982,42828,211,42617,Australia,Entire home/apt,3.5,5,2000,0,,,,f,1
9333876,42829,722,42107,Australia,Entire home/apt,3,4,748,10,9,9,9,f,1
7564632,42829,1076,41753,Australia,Private room,1,1,100,0,,,,f,1
9139053,42830,1697,41133,Australia,Entire home/apt,5,5,2100,0,,,,f,1
15165122,42828,1050,41778,Australia,Entire home/apt,1,1,161,2,9,10,9,f,1
14901257,42828,1050,41778,Australia,Entire home/apt,1,1,110,1,10,10,10,f,1
16675915,42829,42829,,Australia,Entire home/apt,2.5,4,1000,2,10,10,10,f,1
16146661,42828,1155,41673,Australia,Entire home/apt,5,5,1621,0,,,,f,1
16150179,42829,469,42360,Australia,Private room,1,1,56,0,,,,t,1
14251830,42830,250,42580,Australia,Entire home/apt,3,5,1500,1,8,10,10,f,1
2586468,42830,1432,41398,Australia,Entire home/apt,1.5,2,240,1,,,,f,1
6453300,42829,988,41841,Australia,Entire home/apt,1,1,87,1,6,8,10,f,1
13226249,42830,581,42249,Australia,Entire home/apt,1,1,91,14,10,10,9,f,1
15169702,42829,602,42227,Australia,Entire home/apt,4.5,5,2000,0,,,,f,1
9599176,42829,595,42234,Australia,Private room,1,1,89,2,9,10,10,f,1
14733479,42829,1156,41673,Australia,Entire home/apt,3,4,1390,0,,,,f,1
10975660,42829,428,42401,Australia,Private room,1,1,100,0,,,,f,1
9352090,42829,513,42316,Australia,Private room,1,1,95,0,,,,f,1
17795683,42830,855,41975,Australia,Entire home/apt,2.5,5,1150,0,,,,f,1
10473936,42829,608,42221,Australia,Entire home/apt,4,5,900,1,10,10,10,f,1
16148334,42830,946,41884,Australia,Private room,1,2,91,0,,,,f,1
11172523,42829,1431,41398,Australia,Entire home/apt,3,4,495,0,,,,f,1
4183028,42829,1585,41244,Australia,Entire home/apt,1,2,215,3,7,10,8,t,1
7378784,42829,999,41830,Australia,Entire home/apt,2,5,800,1,10,10,10,f,1
13751502,42829,1585,41244,Australia,Entire home/apt,2,3,485,0,,,,f,1
775552,42829,1753,41076,Australia,Entire home/apt,1,1,180,85,8,9,8,t,1
9885142,42829,485,42344,Australia,Entire home/apt,2.5,3,340,0,,,,f,1
16832051,42829,76,42753,Australia,Entire home/apt,1,1,234,5,10,10,10,f,1
9099138,42829,526,42303,Australia,Entire home/apt,1.5,3,365,5,9,10,9,f,1
11261930,42829,1696,41133,Australia,Private room,1,1,551,0,,,,f,1
16635038,42830,1030,41800,Australia,Entire home/apt,1,1,96,3,8,8,10,f,1
7372398,42829,628,42201,Australia,Entire home/apt,2.5,3,499,2,9,10,10,f,1
2653756,42829,1104,41725,Australia,Entire home/apt,1,1,178,82,10,10,10,f,1
15360621,42829,191,42638,Australia,Private room,1,1,70,9,10,10,10,t,1
11304716,42829,2104,40725,Australia,Entire home/apt,1,2,235,40,9,10,9,t,1
5364803,42829,779,42050,Australia,Private room,1,1,85,19,10,9,9,f,1
2586615,42829,1114,41715,Australia,Entire home/apt,3,5,876,7,8,10,9,f,1
10256312,42829,506,42323,Australia,Private room,1,1,149,7,10,10,9,f,1
16416792,42829,1559,41270,Australia,Private room,1,1,105,6,10,10,10,f,1
3005882,42829,1159,41670,Australia,Entire home/apt,2,4,632,7,8,10,8,f,1
17882683,42829,469,42360,Australia,Entire home/apt,1,1,49,0,,,,f,1
17161884,42829,1249,41580,Australia,Private room,1,1,194,4,10,10,10,t,1
4882772,42829,833,41996,Australia,Entire home/apt,1,2,92,10,9,10,9,f,1
17334636,42829,1082,41747,Australia,Entire home/apt,1,1,93,0,,,,t,1
11025885,42829,433,42396,Australia,Private room,1,1,110,0,,,,t,1
14844387,42829,1051,41778,Australia,Entire home/apt,1,2,241,2,7,10,9,f,1
17520838,42829,2235,40594,Australia,Entire home/apt,1,2,290,0,,,,f,1
2278007,42829,1513,41316,Australia,Entire home/apt,1,0,120,4,9,10,9,f,1
17001448,42830,745,42085,Australia,Entire home/apt,1,1,120,0,,,,f,1
9536203,42829,502,42327,Australia,Private room,1,1,400,1,,,,f,1
13734086,42829,374,42455,Australia,Entire home/apt,4,5,1000,1,8,10,10,t,1
12906299,42830,1027,41803,Australia,Private room,1,2,200,3,10,10,10,f,1
4418456,42830,1280,41550,Australia,Private room,1,1,100,0,,,,f,1
9533257,42829,503,42326,Australia,Entire home/apt,1,3,450,1,,,,f,1
13265981,42830,1102,41728,Australia,Entire home/apt,4,4,700,0,,,,f,1
15958270,42829,141,42688,Australia,Entire home/apt,1,1,141,2,10,10,10,f,1
952136,42829,1589,41240,Australia,Entire home/apt,1,2,160,43,9,9,9,f,1
14828038,42829,1051,41778,Australia,Entire home/apt,1,2,179,4,10,10,10,f,1
12815813,42829,552,42277,Australia,Entire home/apt,1,1,91,2,9,10,10,f,1
14389912,42829,581,42248,Australia,Entire home/apt,1,2,399,1,6,10,6,f,1
1347376,42829,1368,41461,Australia,Entire home/apt,1.5,3,236,39,9,10,9,f,1
11047921,42829,1364,41465,Australia,Entire home/apt,1,2,349,14,10,10,9,t,1
16945985,42829,516,42313,Australia,Entire home/apt,1,1,125,2,10,10,10,f,1
10524227,42829,449,42380,Australia,Entire home/apt,2,5,750,0,,,,f,1
17930371,42829,1286,41543,Australia,Entire home/apt,1,2,189,0,,,,f,1
9115790,42829,1035,41794,Australia,Entire home/apt,2,4,604,0,,,,f,1
6856024,42829,658,42171,Australia,Private room,1,1,70,21,10,10,10,f,1
9544116,42829,502,42327,Australia,Entire home/apt,3,4,599,5,10,10,10,f,1
1668941,42829,1326,41503,Australia,Private room,1,1,99,12,10,10,10,f,1
17279992,42829,48,42781,Australia,Private room,1.5,1,91,0,,,,f,1
5730805,42829,1059,41770,Australia,Private room,1,1,85,3,10,10,10,f,1
16317368,42830,899,41931,Australia,Private room,1,1,100,0,,,,t,1
5698972,42830,845,41985,Australia,Entire home/apt,1,2,219,2,8,10,8,f,1
982472,42830,1545,41285,Australia,Entire home/apt,1,1,105,11,9,10,9,f,1
15693228,42830,1052,41778,Australia,Entire home/apt,3,4,1112,1,10,,,f,1
5272588,42830,789,42041,Australia,Entire home/apt,1,2,250,19,9,10,9,f,1
15527291,42830,479,42351,Australia,Entire home/apt,1,4,690,2,10,10,10,f,1
13499625,42830,296,42534,Australia,Entire home/apt,1,2,200,0,,,,f,1
17682756,42830,342,42488,Australia,Private room,1,1,64,0,,,,t,1
16182894,42830,208,42622,Australia,Entire home/apt,1,1,91,4,9,10,10,t,1
17557640,42830,101,42729,Australia,Entire home/apt,1,1,141,0,,,,t,1
15847572,42829,1050,41779,Australia,Entire home/apt,1,2,109,3,9,9,10,t,1
2023152,42829,1219,41610,Australia,Entire home/apt,1,2,399,7,10,10,9,f,1
712783,42829,1652,41177,Australia,Entire home/apt,1.5,2,200,7,9,9,9,f,1
3071001,42829,1053,41776,Australia,Entire home/apt,2,2,367,3,10,10,10,f,1
10213631,42829,952,41877,Australia,Entire home/apt,1,2,219,2,9,10,10,f,1
4281477,42829,1279,41550,Australia,Entire home/apt,1,3,275,6,7,10,9,f,1
8573637,42829,556,42273,Australia,Entire home/apt,1,2,120,0,,,,f,1
9097811,42829,1035,41794,Australia,Entire home/apt,5,6,1210,0,,,,f,1
16634327,42829,103,42726,Australia,Entire home/apt,3,6,600,18,9,10,8,t,1
17945021,42829,1170,41659,Australia,Entire home/apt,1,1,125,0,,,,f,1
14995737,42829,924,41905,Australia,Entire home/apt,4.5,5,1200,0,,,,f,1
2608947,42829,1518,41311,Australia,Entire home/apt,1,2,225,17,9,10,9,f,1
11849408,42829,1035,41794,Australia,Entire home/apt,1,3,440,1,8,10,10,t,1
9096851,42829,1035,41794,Australia,Entire home/apt,4,5,991,0,,,,f,1
14732589,42829,1035,41794,Australia,Entire home/apt,4,5,1200,0,,,,f,1
14077198,42829,1035,41794,Australia,Entire home/apt,2,4,1299,0,,,,f,1
9096261,42829,1035,41794,Australia,Entire home/apt,3,4,748,1,10,10,10,f,1
9685901,42829,1257,41572,Australia,Entire home/apt,1,1,250,27,10,10,9,f,1
9620138,42829,497,42332,Australia,Entire home/apt,3.5,4,1000,0,,,,f,1
17866950,42829,176,42653,Australia,Entire home/apt,4,4,1045,0,,,,f,1
8242333,42829,581,42248,Australia,Entire home/apt,1,1,100,1,10,10,10,f,1
771147,42829,1611,41218,Australia,Private room,1,1,80,1,10,10,10,f,1
1624911,42829,1610,41219,Australia,Entire home/apt,2,7,499,29,9,10,8,f,1
1229459,42829,1402,41427,Australia,Entire home/apt,1,1,99,10,9,10,9,f,1
2017720,42829,1219,41610,Australia,Entire home/apt,1,1,219,26,10,9,9,f,1
14305726,42829,1035,41794,Australia,Entire home/apt,3,5,800,0,,,,f,1
1264696,42829,1398,41431,Australia,Entire home/apt,1,1,125,34,9,10,9,f,1
14797140,42829,219,42610,Australia,Private room,1,1,60,9,9,9,9,t,1
11826894,42829,1035,41794,Australia,Entire home/apt,2,3,385,0,,,,f,1
15255569,42829,189,42640,Australia,Entire home/apt,1,3,169,3,10,10,10,f,1
6506363,42829,746,42083,Australia,Entire home/apt,1.5,3,349,4,10,10,10,t,1
640639,42829,1748,41081,Australia,Entire home/apt,1,1,150,16,10,10,10,f,1
11747960,42829,409,42420,Australia,Entire home/apt,2,3,685,8,10,10,9,t,1
5980627,42829,723,42106,Australia,Private room,1,1,60,0,,,,f,1
4440507,42829,1035,41794,Australia,Entire home/apt,4,4,551,1,8,10,10,t,1
13415836,42829,786,42043,Australia,Entire home/apt,1,1,150,3,9,10,10,f,1
6080070,42829,715,42114,Australia,Private room,1,1,75,22,10,10,9,f,1
17547414,42829,32,42797,Australia,Entire home/apt,2.5,4,399,0,,,,t,1
14598080,42829,317,42512,Australia,Entire home/apt,1,0,180,7,10,9,10,f,1
6340192,42829,695,42134,Australia,Entire home/apt,1,3,399,0,,,,f,1
6405208,42829,715,42114,Australia,Private room,1,1,75,33,10,10,10,f,1
5094347,42829,807,42022,Australia,Entire home/apt,1,1,91,0,,,,f,1
13023769,42829,325,42504,Australia,Entire home/apt,5,5,1000,4,10,10,10,f,1
8213198,42829,833,41996,Australia,Private room,1,1,47,6,9,9,8,f,1
15972492,42829,350,42479,Australia,Entire home/apt,1,3,690,0,,,,f,1
10664836,42829,834,41995,Australia,Entire home/apt,3,5,1500,0,,,,f,1
17243950,42829,50,42779,Australia,Entire home/apt,1,2,180,0,,,,t,1
4175249,42829,1098,41731,Australia,Entire home/apt,4,4,1144,0,,,,f,1
9155878,42829,1035,41794,Australia,Entire home/apt,3,4,1001,0,,,,f,1
701278,42829,1660,41169,Australia,Entire home/apt,5.5,6,3999,2,10,10,10,f,1
11417204,42829,934,41895,Australia,Entire home/apt,1,1,198,24,10,10,10,f,1
5222596,42829,1823,41006,Australia,Private room,1,1,100,10,10,10,10,f,1
10792728,42829,628,42201,Australia,Entire home/apt,1,2,150,1,10,10,10,f,1
7974444,42829,592,42237,Australia,Entire home/apt,2,2,169,36,10,10,10,f,1
13021711,42829,2140,40689,Australia,Entire home/apt,1,1,120,0,,,,f,1
11513332,42829,788,42041,Australia,Entire home/apt,1,1,130,63,10,10,10,f,1
17935424,42829,594,42235,Australia,Private room,1,1,100,0,,,,t,1
2991742,42829,1062,41767,Australia,Entire home/apt,2.5,4,1249,2,10,10,9,f,1
9545948,42829,728,42101,Australia,Entire home/apt,4,5,1249,5,10,9,9,f,1
17179651,42829,1022,41807,Australia,Entire home/apt,1,2,131,0,,,,f,1
9871884,42829,483,42346,Australia,Entire home/apt,2.5,4,424,1,8,10,10,f,1
15115562,42829,842,41987,Australia,Entire home/apt,2.5,3,349,0,,,,f,1
14982371,42829,271,42558,Australia,Entire home/apt,1,1,130,12,10,10,9,f,1
9542449,42829,502,42327,Australia,Entire home/apt,1,2,279,3,9,9,9,f,1
16785366,42829,100,42729,Australia,Private room,1,1,83,9,10,10,10,t,1
14917562,42829,1051,41778,Australia,Entire home/apt,3,4,1659,0,,,,f,1
16357902,42829,115,42714,Australia,Entire home/apt,2,3,218,10,9,10,10,f,1
9410969,42829,1035,41794,Australia,Entire home/apt,2,4,991,0,,,,f,1
11441479,42829,414,42415,Australia,Entire home/apt,1,1,271,0,,,,f,1
4887802,42829,833,41996,Australia,Entire home/apt,1,2,399,8,9,10,9,f,1
17684677,42829,547,42282,Australia,Private room,1,1,85,1,10,10,10,f,1
15669845,42829,161,42668,Australia,Private room,1,1,55,5,10,10,10,t,1
13930847,42829,268,42561,Australia,Entire home/apt,1,2,1000,1,10,10,10,f,1
12816370,42829,337,42492,Australia,Entire home/apt,1,0,169,18,10,10,9,f,1
15961272,42829,1827,41002,Australia,Entire home/apt,1,2,150,8,10,10,10,f,1
9997432,42829,741,42088,Australia,Entire home/apt,2,4,575,1,6,10,6,f,1
14322289,42829,1035,41794,Australia,Entire home/apt,2,4,495,0,,,,f,1
14059316,42829,1035,41794,Australia,Entire home/apt,3,4,1100,0,,,,f,1
13141798,42829,2022,40807,Australia,Entire home/apt,2,2,230,6,9,9,9,f,1
17795966,42829,239,42590,Australia,Entire home/apt,1,3,360,0,,,,f,1
16288590,42829,278,42551,Australia,Entire home/apt,4,10,1600,0,,,,f,1
14322369,42829,1035,41794,Australia,Entire home/apt,2,4,875,0,,,,f,1
14059678,42829,1035,41794,Australia,Entire home/apt,3,4,850,0,,,,f,1
4360291,42829,911,41918,Australia,Entire home/apt,3,4,1050,3,10,10,8,f,1
16245887,42829,742,42087,Australia,Entire home/apt,2.5,3,600,2,10,10,8,f,1
10124791,42829,842,41987,Australia,Entire home/apt,3,3,1260,0,,,,f,1
13007789,42829,1035,41794,Australia,Entire home/apt,2,4,350,2,6,6,4,t,1
5797369,42829,1206,41623,Australia,Entire home/apt,2.5,2,300,0,,,,f,1
15471190,42829,176,42653,Australia,Entire home/apt,2.5,4,1350,1,10,10,8,t,1
12281157,42828,601,42227,Australia,Entire home/apt,1,1,69,6,9,10,10,f,1
9396164,42828,851,41977,Australia,Entire home/apt,1,1,140,20,10,10,10,f,1
6404761,42828,714,42114,Australia,Private room,1,1,75,12,10,10,10,f,1
12471974,42828,691,42137,Australia,Entire home/apt,1,2,275,12,9,10,9,f,1
11685522,42828,2103,40725,Australia,Private room,1,1,66,45,9,10,10,t,1
16207908,42828,344,42484,Australia,Entire home/apt,1,1,189,0,,,,f,1
15486908,42828,172,42656,Australia,Entire home/apt,3,4,824,2,10,10,9,t,1
14223095,42828,2202,40626,Australia,Private room,1,1,90,23,10,9,10,f,1
5288302,42828,786,42042,Australia,Entire home/apt,1,2,201,3,7,10,8,f,1
7874491,42828,598,42230,Australia,Entire home/apt,1,2,189,2,9,10,10,f,1
17671464,42828,434,42394,Australia,Entire home/apt,1,1,140,0,,,,t,1
16524149,42828,951,41877,Australia,Private room,1,1,69,7,10,9,10,f,1
9116403,42828,1034,41794,Australia,Entire home/apt,4,4,1300,0,,,,f,1
17766917,42828,17,42811,Australia,Private room,2,3,60,0,,,,t,1
14954331,42828,1050,41778,Australia,Entire home/apt,1,1,169,0,,,,f,1
17307647,42828,515,42313,Australia,Entire home/apt,1.5,2,180,2,10,10,10,f,1
7679262,42828,610,42218,Australia,Entire home/apt,1,1,105,3,10,9,10,f,1
11537910,42828,1430,41398,Australia,Entire home/apt,1,2,201,0,,,,f,1
13176300,42828,1887,40941,Australia,Entire home/apt,1,1,69,4,10,9,9,t,1
15455735,42828,242,42586,Australia,Entire home/apt,2.5,2,265,2,10,10,9,f,1
9372567,42828,1034,41794,Australia,Entire home/apt,3,3,769,0,,,,f,1
8192839,42828,1112,41716,Australia,Entire home/apt,1,1,180,2,10,10,10,f,1
9322642,42828,513,42315,Australia,Entire home/apt,1,1,104,19,9,10,10,f,1
4780304,42828,846,41982,Australia,Entire home/apt,1,1,176,0,,,,f,1
2950400,42828,1066,41762,Australia,Entire home/apt,1,0,135,8,10,9,9,t,1
5570787,42828,1325,41503,Australia,Entire home/apt,1,1,149,39,10,10,10,f,1
15859754,42828,657,42171,Australia,Private room,1,1,85,1,10,10,10,f,1
17346487,42829,106,42723,Australia,Private room,1,1,91,0,,,,t,1
4173724,42829,931,41898,Australia,Private room,1,1,60,5,9,9,9,f,1
7843711,42829,601,42228,Australia,Private room,1,1,55,0,,,,f,1
13612403,42829,288,42541,Australia,Private room,1,1,51,0,,,,f,1
11046906,42829,746,42083,Australia,Entire home/apt,1,2,323,51,9,10,9,t,1
2198726,42829,1184,41645,Australia,Private room,1,1,80,36,10,10,9,f,1
15724088,42830,537,42293,Australia,Private room,1,1,64,4,10,10,10,f,1
11463402,42830,427,42403,Australia,Entire home/apt,2,3,440,31,10,10,10,f,1
2299972,42829,1161,41668,Australia,Private room,1,1,95,6,10,10,9,f,1
4521135,42830,890,41940,Australia,Entire home/apt,1,1,168,11,9,10,9,f,1
8635096,42829,785,42044,Australia,Private room,1,1,200,0,,,,f,1
9828290,42830,486,42344,Australia,Private room,0.5,1,80,0,,,,f,1
14809423,42830,1155,41675,Australia,Entire home/apt,1,1,160,11,10,10,10,f,1
8894480,42829,696,42133,Australia,Entire home/apt,2,4,495,0,,,,f,1
11990217,42830,403,42427,Australia,Private room,1,1,70,0,,,,f,1
8241998,42829,1070,41759,Australia,Entire home/apt,1,2,191,6,10,10,9,f,1
16038743,42829,1113,41716,Australia,Private room,1,1,110,2,7,10,9,f,1
15902138,42829,1263,41566,Australia,Private room,1,1,125,2,10,10,10,f,1
13866544,42829,1008,41821,Australia,Private room,1,1,60,0,,,,f,1
9300785,42830,1240,41590,Australia,Private room,1.5,1,75,0,,,,f,1
17348161,42829,1141,41688,Australia,Private room,1,0,120,0,,,,f,1
7902972,42829,597,42232,Australia,Private room,1,1,95,21,10,10,10,f,1
17045557,42829,693,42136,Australia,Private room,1,0,70,0,,,,t,1
3405809,42830,1213,41617,Australia,Private room,1,1,70,3,10,10,10,f,1
9881880,42829,798,42031,Australia,Entire home/apt,1,1,280,1,10,8,8,f,1
16920048,42829,1239,41590,Australia,Entire home/apt,1,1,135,2,10,10,10,f,1
16231577,42829,409,42420,Australia,Entire home/apt,1,1,158,3,10,10,9,t,1
12905557,42830,773,42057,Australia,Entire home/apt,1,2,219,5,9,10,9,f,1
16635085,42829,1940,40889,Australia,Entire home/apt,1,2,235,7,9,10,10,t,1
13211994,42829,722,42107,Australia,Entire home/apt,2,4,424,14,10,10,10,f,1
5696586,42830,1608,41222,Australia,Private room,1,1,60,10,9,10,9,f,1
2089599,42829,1204,41625,Australia,Private room,1,1,39,1,10,10,10,f,1
9697102,42829,493,42336,Australia,Private room,1,1,75,0,,,,f,1
5549130,42829,762,42067,Australia,Entire home/apt,1,1,169,16,9,10,9,f,1
15736199,42830,537,42293,Australia,Private room,1,1,64,5,10,9,10,f,1
15526766,42830,171,42659,Australia,Private room,1,1,75,5,10,10,9,f,1
15990528,42830,562,42268,Australia,Private room,1,1,200,0,,,,f,1
5161881,42829,1505,41324,Australia,Private room,1,1,160,0,,,,f,1
14410527,42829,409,42420,Australia,Entire home/apt,2,2,349,2,8,8,9,t,1
16288367,42830,140,42690,Australia,Private room,1,1,120,1,10,10,10,f,1
17670539,42829,1244,41585,Australia,Entire home/apt,1,2,194,0,,,,f,1
16708536,42829,420,42409,Australia,Entire home/apt,1,2,204,18,10,10,10,t,1
13401903,42830,1311,41519,Australia,Private room,1,1,91,13,10,10,10,f,1
7133112,42829,1659,41170,Australia,Entire home/apt,2,2,250,24,9,10,9,t,1
17836640,42829,1275,41554,Australia,Private room,1,1,150,0,,,,f,1
14845700,42829,249,42580,Australia,Entire home/apt,1,1,180,2,10,10,10,f,1
7265464,42829,635,42194,Australia,Private room,1,1,60,9,8,10,8,f,1
18030516,42829,1,42828,Australia,Entire home/apt,1,1,285,0,,,,t,1
5339881,42830,933,41897,Australia,Private room,1,1,39,8,10,10,10,f,1
4785218,42829,1539,41290,Australia,Private room,1,1,89,2,9,10,10,f,1
15990466,42830,1610,41220,Australia,Private room,0,1,75,6,9,9,9,t,1
4728669,42829,894,41935,Australia,Private room,2,1,80,1,8,10,10,t,1
6614295,42830,959,41871,Australia,Entire home/apt,1.5,2,399,5,8,10,9,f,1
16372649,42829,264,42565,Australia,Private room,1.5,1,64,0,,,,t,1
16127310,42829,129,42700,Australia,Entire home/apt,1,0,200,1,10,10,10,f,1
16492948,42829,373,42456,Australia,Private room,1,1,219,0,,,,f,1
16365422,42829,281,42548,Australia,Private room,1,1,75,2,10,10,10,f,1
17497052,42829,338,42491,Australia,Entire home/apt,1,2,180,0,,,,f,1
12612640,42830,356,42474,Australia,Private room,1,1,75,18,10,10,9,f,1
15541745,42830,317,42513,Australia,Private room,2,3,250,2,9,9,10,t,1
15902045,42829,662,42167,Australia,Private room,1,1,75,0,,,,t,1
15760154,42830,380,42450,Australia,Private room,1,1,55,28,10,10,10,t,1
9497411,42830,2118,40712,Australia,Entire home/apt,1,1,300,2,6,10,8,f,1
14346999,42830,1282,41548,Australia,Entire home/apt,1,1,141,12,10,10,10,f,1
12253877,42830,365,42465,Australia,Private room,1.5,1,70,24,10,10,9,t,1
8704245,42829,1227,41602,Australia,Private room,1,1,78,22,10,10,10,t,1
13628527,42830,727,42103,Australia,Private room,1,1,45,1,,,,f,1
17335472,42829,1520,41309,Australia,Entire home/apt,1,2,160,0,,,,t,1
11400350,42830,408,42422,Australia,Entire home/apt,1,2,156,22,9,10,10,f,1
16312401,42830,1660,41170,Australia,Entire home/apt,1,1,194,4,10,9,9,t,1
17546300,42829,1131,41698,Australia,Entire home/apt,1,1,150,0,,,,f,1
16054334,42830,499,42331,Australia,Entire home/apt,1,0,185,2,10,10,10,t,1
10398086,42829,1413,41416,Australia,Entire home/apt,1,1,325,8,9,10,9,f,1
9612941,42829,930,41899,Australia,Entire home/apt,1,1,200,2,10,10,10,f,1
15007601,42830,1683,41147,Australia,Private room,1,1,74,6,10,10,10,f,1
12877313,42830,737,42093,Australia,Private room,1,1,150,6,10,10,10,f,1
17223695,42829,478,42351,Australia,Entire home/apt,2,3,325,1,10,10,10,t,1
11853672,42829,1176,41653,Australia,Entire home/apt,1,2,349,0,,,,f,1
4849317,42830,840,41990,Australia,Entire home/apt,1,3,150,11,9,10,9,f,1
775101,42830,1610,41220,Australia,Private room,1,1,75,23,8,10,9,f,1
10348129,42830,1507,41323,Australia,Entire home/apt,2,3,269,55,9,10,9,f,1
11657477,42829,1777,41052,Australia,Entire home/apt,1,1,95,21,9,10,10,f,1
407149,42828,1153,41675,Australia,Entire home/apt,1,3,320,22,10,10,9,f,1
4387933,42829,897,41932,Australia,Entire home/apt,1,1,191,4,10,9,8,f,1
10417119,42830,1555,41275,Australia,Entire home/apt,3.5,4,399,5,9,9,9,f,1
15805889,42829,388,42441,Australia,Entire home/apt,1,2,250,8,9,10,9,f,1
5405389,42830,1371,41459,Australia,Entire home/apt,1,1,180,0,,,,f,1
7468865,42830,872,41958,Australia,Entire home/apt,1,2,230,0,,,,f,1
1633781,42830,1772,41058,Australia,Entire home/apt,2,3,235,17,9,10,9,f,1
3471621,42830,1015,41815,Australia,Entire home/apt,1,1,169,12,9,10,9,f,1
9065223,42830,1613,41217,Australia,Entire home/apt,1,2,91,1,10,10,10,f,1
4424818,42829,891,41938,Australia,Entire home/apt,3.5,5,1000,7,10,10,10,f,1
11641344,42829,1514,41315,Australia,Entire home/apt,2,2,150,1,10,10,10,f,1
10613831,42829,1028,41801,Australia,Entire home/apt,1,2,200,2,9,10,9,f,1
9355326,42829,512,42317,Australia,Entire home/apt,1,1,150,0,,,,f,1
6355925,42830,695,42135,Australia,Entire home/apt,1.5,2,349,2,9,10,10,t,1
12058137,42830,1494,41336,Australia,Entire home/apt,1,2,371,1,10,10,10,f,1
8907071,42830,616,42214,Australia,Entire home/apt,1,2,219,2,7,9,9,f,1
16176217,42829,1417,41412,Australia,Entire home/apt,1,2,160,4,8,10,10,t,1
12502582,42829,509,42320,Australia,Entire home/apt,1,2,300,0,,,,f,1
13379708,42829,303,42526,Australia,Entire home/apt,3.5,4,399,1,10,10,10,f,1
14674415,42830,226,42604,Australia,Entire home/apt,2,2,595,3,10,10,9,f,1
7961434,42830,757,42073,Australia,Entire home/apt,1,2,219,0,,,,f,1
7536161,42830,760,42070,Australia,Entire home/apt,1,2,255,20,10,10,10,f,1
3273555,42829,1454,41375,Australia,Entire home/apt,1,2,225,2,10,10,10,f,1
4681909,42830,1506,41324,Australia,Entire home/apt,1,2,200,4,9,9,9,f,1
7076169,42830,645,42185,Australia,Entire home/apt,1,0,64,0,,,,f,1
16055971,42830,518,42312,Australia,Entire home/apt,1,2,169,5,10,10,10,f,1
718597,42830,1649,41181,Australia,Entire home/apt,1,1,160,37,10,10,10,f,1
15525974,42830,171,42659,Australia,Entire home/apt,1,1,200,3,10,10,9,f,1
9465953,42830,699,42131,Australia,Entire home/apt,1,1,194,0,,,,f,1
15591543,42830,1364,41466,Australia,Entire home/apt,1,2,252,1,,,,f,1
6353976,42829,694,42135,Australia,Entire home/apt,1,1,130,14,10,10,10,f,1
446497,42829,1807,41022,Australia,Entire home/apt,2,3,395,8,10,9,9,f,1
14674285,42829,1292,41537,Australia,Entire home/apt,2,3,156,1,10,10,10,f,1
13333510,42830,1036,41794,Australia,Entire home/apt,1,2,250,0,,,,f,1
5499077,42830,767,42063,Australia,Entire home/apt,1,1,244,2,8,10,7,f,1
9096526,42829,527,42302,Australia,Entire home/apt,3,3,700,0,,,,f,1
5031689,42828,886,41942,Australia,Entire home/apt,1,2,149,0,,,,f,1
1984639,42829,1539,41290,Australia,Entire home/apt,1,1,191,1,10,10,10,f,1
15987668,42829,799,42030,Australia,Entire home/apt,1,2,166,0,,,,f,1
6813042,42830,663,42167,Australia,Entire home/apt,1,2,125,0,,,,f,1
4652077,42830,2112,40718,Australia,Entire home/apt,1,2,175,1,10,10,10,f,1
4514787,42829,1643,41186,Australia,Entire home/apt,1,3,300,4,10,10,10,f,1
1500360,42829,1335,41494,Australia,Entire home/apt,1,1,166,8,10,10,10,f,1
15634966,42829,1764,41065,Australia,Entire home/apt,1,2,200,0,,,,f,1
9611346,42829,856,41973,Australia,Entire home/apt,1,2,95,0,,,,f,1
3646849,42829,1351,41478,Australia,Entire home/apt,4,5,1200,0,,,,f,1
15603813,42829,166,42663,Australia,Private room,1,1,55,0,,,,f,1
17560784,42830,1150,41680,Australia,Private room,1,1,100,3,10,10,10,f,1
16116369,42830,2049,40781,Australia,Private room,1,1,81,6,10,10,9,f,1
8317192,42830,1393,41437,Australia,Private room,1,1,91,52,10,10,9,t,1
9038267,42830,771,42059,Australia,Private room,2.5,1,91,1,10,,,f,1
9888060,42829,1335,41494,Australia,Private room,1.5,1,85,1,2,8,8,f,1
8122208,42830,1862,40968,Australia,Private room,1,1,300,3,9,9,9,f,1
14082827,42829,1179,41650,Australia,Private room,1,1,145,0,,,,f,1
16180186,42829,660,42169,Australia,Private room,1.5,1,95,1,10,10,10,f,1
2073440,42829,1208,41621,Australia,Private room,1,1,145,2,10,10,10,f,1
16918083,42829,71,42758,Australia,Private room,1,1,135,2,9,10,10,f,1
13208027,42829,946,41883,Australia,Private room,1,1,89,1,6,10,10,f,1
12627199,42829,1208,41621,Australia,Private room,1,1,120,5,9,10,8,t,1
14205887,42829,972,41857,Australia,Private room,1,1,45,0,,,,f,1
12497605,42829,491,42338,Australia,Private room,2,1,75,3,10,10,10,f,1
517864,42830,1765,41065,Australia,Private room,1,1,89,28,10,8,9,f,1
7011649,42830,693,42137,Australia,Private room,2,1,139,0,,,,f,1
12314531,42830,361,42469,Australia,Private room,1,1,45,0,,,,f,1
4964499,42829,1034,41795,Australia,Private room,1,1,60,0,,,,f,1
12028514,42829,1069,41760,Australia,Private room,1,1,55,0,,,,f,1
16382087,42830,112,42718,Australia,Private room,1.5,1,112,0,,,,f,1
15649526,42829,670,42159,Australia,Private room,1,1,75,7,9,10,10,f,1
15725178,42830,1157,41673,Australia,Private room,1,1,70,1,10,10,10,f,1
12960074,42829,329,42500,Australia,Private room,1.5,1,120,0,,,,f,1
16469873,42829,185,42644,Australia,Private room,1,1,129,5,10,10,10,f,1
7117525,42829,642,42187,Australia,Private room,1,1,50,5,6,8,8,f,1
16562922,42829,140,42689,Australia,Private room,1,1,116,8,10,10,9,f,1
13366992,42830,517,42313,Australia,Private room,1,1,70,3,9,9,9,f,1
16182759,42830,1126,41704,Australia,Private room,1,1,120,0,,,,f,1
7466036,42829,623,42206,Australia,Private room,1,1,100,3,10,10,10,f,1
15776587,42829,1223,41606,Australia,Private room,2,1,104,0,,,,f,1
4439430,42829,1034,41795,Australia,Private room,1,1,200,1,8,10,8,f,1
15332586,42830,1161,41669,Australia,Private room,1,1,169,9,10,10,10,f,1
13100155,42829,922,41907,Australia,Private room,1,1,75,13,10,10,9,f,1
12682319,42829,344,42485,Australia,Private room,1,1,70,0,,,,f,1
16314402,42830,399,42431,Australia,Private room,1,1,99,4,10,10,9,f,1
10209136,42829,464,42365,Australia,Private room,1,1,35,4,10,10,9,f,1
11229395,42829,820,42009,Australia,Private room,1,1,200,0,,,,f,1
4498441,42829,1576,41253,Australia,Private room,1,1,175,18,10,10,10,f,1
6479916,42829,685,42144,Australia,Private room,1,1,75,77,10,10,10,f,1
6411524,42829,690,42139,Australia,Private room,1,1,230,0,,,,f,1
17225213,42829,819,42010,Australia,Private room,1,1,100,0,,,,f,1
8959847,42829,1265,41564,Australia,Private room,1,1,100,13,9,10,10,f,1
10659550,42829,473,42356,Australia,Private room,1,1,83,0,,,,f,1
16181599,42830,1429,41401,Australia,Private room,1,1,60,0,,,,t,1
15485470,42829,174,42655,Australia,Private room,1,1,230,0,,,,t,1
4235899,42829,973,41856,Australia,Private room,1,1,109,15,9,10,9,f,1
9371491,42830,741,42089,Australia,Private room,1,1,145,0,,,,f,1
1051820,42828,1459,41369,Australia,Entire home/apt,1,2,250,9,10,9,9,f,1
15990529,42830,931,41899,Australia,Entire home/apt,1,1,239,22,10,10,10,f,1
4779672,42829,847,41982,Australia,Entire home/apt,1,1,110,2,7,9,8,f,1
10299753,42829,458,42371,Australia,Entire home/apt,1,0,131,44,10,10,9,f,1
10413943,42830,1070,41760,Australia,Entire home/apt,2.5,3,551,15,10,10,10,f,1
8583260,42829,556,42273,Australia,Entire home/apt,1,2,145,1,10,10,10,f,1
9302572,42829,516,42313,Australia,Entire home/apt,1,2,175,42,10,10,10,f,1
10086496,42830,492,42338,Australia,Entire home/apt,1,3,200,6,10,9,9,f,1
10665321,42829,477,42352,Australia,Entire home/apt,2,4,800,5,10,10,9,f,1
4651942,42830,864,41966,Australia,Entire home/apt,1,1,198,1,10,10,10,f,1
9349682,42830,518,42312,Australia,Entire home/apt,2.5,3,551,3,9,9,9,f,1
15721991,42830,159,42671,Australia,Entire home/apt,1,2,321,1,6,10,4,t,1
15263308,42830,1204,41626,Australia,Entire home/apt,1,1,150,0,,,,f,1
4521912,42830,958,41872,Australia,Entire home/apt,1,1,185,5,9,8,9,f,1
12575069,42829,1135,41694,Australia,Entire home/apt,1,1,160,5,10,10,10,f,1
18011478,42829,1031,41798,Australia,Entire home/apt,1,1,120,0,,,,f,1
15327669,42829,572,42257,Australia,Entire home/apt,1,1,250,2,5,10,8,f,1
13140506,42829,1353,41476,Australia,Entire home/apt,2,2,300,7,9,9,10,t,1
16419795,42829,107,42722,Australia,Entire home/apt,2,4,695,0,,,,t,1
5043008,42830,1554,41276,Australia,Entire home/apt,1,0,130,65,9,10,9,f,1
698667,42829,1669,41160,Australia,Entire home/apt,1,2,219,18,9,10,9,t,1
4977479,42830,821,42009,Australia,Entire home/apt,1,1,200,1,10,10,10,f,1
2483657,42830,1131,41699,Australia,Entire home/apt,2,3,349,2,10,9,10,f,1
16351486,42829,1267,41562,Australia,Entire home/apt,1,1,150,0,,,,t,1
2812003,42830,1155,41675,Australia,Entire home/apt,1,1,91,3,9,10,7,f,1
7962273,42830,594,42236,Australia,Entire home/apt,3.5,4,750,0,,,,f,1
16192196,42830,372,42458,Australia,Entire home/apt,3,4,950,0,,,,t,1
15918997,42830,472,42358,Australia,Entire home/apt,2,2,318,1,10,10,10,f,1
15398825,42829,652,42177,Australia,Entire home/apt,2,3,250,8,8,9,7,t,1
13755052,42829,664,42165,Australia,Entire home/apt,1,2,250,6,7,10,7,t,1
11609877,42830,398,42432,Australia,Entire home/apt,1,1,175,29,9,10,9,f,1
5503008,42830,766,42064,Australia,Entire home/apt,1,2,349,2,10,10,10,f,1
13886202,42829,271,42558,Australia,Entire home/apt,1,1,200,1,10,10,10,t,1
8688488,42829,1455,41374,Australia,Entire home/apt,1,1,189,1,10,10,8,f,1
9369875,42829,848,41981,Australia,Entire home/apt,3.5,5,850,2,9,10,9,f,1
11173180,42830,1311,41519,Australia,Entire home/apt,3.5,4,700,1,8,10,10,f,1
11662030,42830,513,42317,Australia,Entire home/apt,1,2,141,7,10,10,9,f,1
12315002,42830,361,42469,Australia,Entire home/apt,2,5,420,1,,,,f,1
13302121,42830,1030,41800,Australia,Entire home/apt,4,4,501,0,,,,f,1
13690147,42829,467,42362,Australia,Entire home/apt,1,1,91,0,,,,f,1
14522688,42829,234,42595,Australia,Entire home/apt,2.5,5,1000,1,8,10,10,f,1
14672116,42829,1308,41521,Australia,Entire home/apt,3,0,950,0,,,,f,1
15000400,42829,1682,41147,Australia,Entire home/apt,1,2,289,14,10,10,9,f,1
15498739,42830,174,42656,Australia,Entire home/apt,1,2,225,0,,,,f,1
15857196,42829,1091,41738,Australia,Entire home/apt,1,2,374,5,10,10,10,f,1
16511363,42830,647,42183,Australia,Private room,1,0,60,2,10,10,9,f,1
4471357,42830,1062,41768,Australia,Entire home/apt,1,2,200,5,10,9,10,f,1
16965812,42829,610,42219,Australia,Entire home/apt,1,1,300,1,10,10,10,f,1
6815704,42830,1169,41661,Australia,Entire home/apt,3,3,650,1,10,10,10,f,1
786623,42828,1601,41227,Australia,Private room,1,1,140,2,10,9,10,f,1
9306493,42828,1278,41550,Australia,Entire home/apt,1,1,130,2,10,10,10,f,1
15663379,42828,962,41866,Australia,Private room,1,1,220,0,,,,f,1
16384321,42828,109,42719,Australia,Entire home/apt,2,2,250,8,10,10,10,f,1
8781880,42828,2050,40778,Australia,Entire home/apt,1,1,161,17,9,10,10,f,1
4850024,42828,972,41856,Australia,Entire home/apt,1,2,350,11,10,10,10,f,1
8390534,42828,1767,41061,Australia,Entire home/apt,1,2,225,10,10,10,9,f,1
17815083,42828,1600,41228,Australia,Private room,1,1,60,0,,,,f,1
12978091,42828,540,42288,Australia,Entire home/apt,1,1,250,0,,,,t,1
15009747,42828,220,42608,Australia,Entire home/apt,1,2,315,0,,,,f,1
15074862,42828,2333,40495,Australia,Private room,1,1,42,10,9,9,9,f,1
15992804,42828,993,41835,Australia,Entire home/apt,1,1,195,7,9,10,9,f,1
12714269,42828,515,42313,Australia,Entire home/apt,1,1,169,19,10,10,10,f,1
17713463,42828,25,42803,Australia,Private room,1,1,69,1,10,10,10,f,1
13174784,42828,315,42513,Australia,Entire home/apt,1,2,160,9,10,10,10,f,1
10684444,42828,554,42274,Australia,Private room,1,1,52,0,,,,t,1
7211024,42828,1228,41600,Australia,Entire home/apt,1,2,201,51,10,10,9,t,1
1837096,42828,1258,41570,Australia,Entire home/apt,1,2,229,39,8,10,9,f,1
16713794,42828,1143,41685,Australia,Entire home/apt,1,3,400,0,,,,t,1
16275130,42828,650,42178,Australia,Entire home/apt,1,2,197,3,10,10,10,f,1
14014143,42828,896,41932,Australia,Entire home/apt,1,2,400,28,10,10,10,f,1
12932819,42828,330,42498,Australia,Entire home/apt,1,3,201,5,10,10,9,f,1
16545804,42828,466,42362,Australia,Private room,1,1,80,1,10,10,10,f,1
13175042,42828,921,41907,Australia,Entire home/apt,2,3,708,5,10,10,9,f,1
15862130,42828,1013,41815,Australia,Private room,1,4,69,5,9,10,10,f,1
1337806,42828,1586,41242,Australia,Entire home/apt,3,3,1850,1,10,10,8,f,1
9914091,42828,1755,41073,Australia,Private room,1,1,66,34,10,10,9,t,1
3344909,42828,1022,41806,Australia,Entire home/apt,2.5,4,901,1,10,10,10,f,1
8194576,42828,1139,41689,Australia,Entire home/apt,2.5,4,300,1,10,10,10,f,1
5311006,42828,1150,41678,Australia,Entire home/apt,1,0,130,30,10,10,9,f,1
4336775,42828,942,41886,Australia,Entire home/apt,1,2,140,3,5,8,8,f,1
14474404,42828,971,41857,Australia,Entire home/apt,2,2,290,8,10,10,10,f,1
4590485,42828,1324,41504,Australia,Entire home/apt,1,2,375,0,,,,f,1
15707299,42828,766,42062,Australia,Entire home/apt,1,2,300,0,,,,f,1
9892286,42828,569,42259,Australia,Entire home/apt,1,1,149,1,10,10,10,f,1
9868284,42828,482,42346,Australia,Private room,1,2,69,1,6,10,6,f,1
16124981,42828,129,42699,Australia,Private room,1,1,60,0,,,,f,1
5115217,42828,1029,41799,Australia,Entire home/apt,3,3,499,9,10,10,10,f,1
8595958,42828,973,41855,Australia,Entire home/apt,3,3,1500,1,10,10,10,f,1
5608523,42828,1006,41822,Australia,Private room,1,1,75,61,10,10,10,t,1
12660498,42828,873,41955,Australia,Entire home/apt,1,1,149,5,9,10,10,f,1
15735410,42828,169,42659,Australia,Entire home/apt,1,1,180,2,10,10,10,f,1
9711067,42828,491,42337,Australia,Entire home/apt,1,2,201,1,10,10,8,f,1
17245255,42828,769,42059,Australia,Entire home/apt,2.5,3,270,0,,,,f,1
10298457,42828,883,41945,Australia,Entire home/apt,1,3,206,1,10,10,8,f,1
13830568,42828,1978,40850,Australia,Private room,1,1,119,19,9,10,9,t,1
4591862,42828,869,41959,Australia,Entire home/apt,1.5,3,300,2,10,10,10,f,1
3021490,42828,1101,41727,Australia,Entire home/apt,1,2,110,5,9,10,10,f,1
4652890,42828,862,41966,Australia,Entire home/apt,1,1,201,8,9,9,8,t,1
16004064,42828,760,42068,Australia,Entire home/apt,2,3,430,1,10,10,10,f,1
15258675,42828,187,42641,Australia,Entire home/apt,1,3,429,0,,,,f,1
12194127,42828,365,42463,Australia,Entire home/apt,2,4,499,0,,,,f,1
11987387,42828,377,42451,Australia,Entire home/apt,1,1,201,0,,,,f,1
1584760,42828,1402,41426,Australia,Entire home/apt,1,0,165,33,10,10,9,f,1
9376196,42828,758,42070,Australia,Private room,1,1,90,1,10,10,10,f,1
16587636,42828,92,42736,Australia,Entire home/apt,1,1,178,12,9,10,9,f,1
13501999,42828,579,42249,Australia,Entire home/apt,1,2,260,3,9,9,10,t,1
17764821,42828,523,42305,Australia,Private room,1,1,51,0,,,,t,1
7936900,42828,1104,41724,Australia,Entire home/apt,1,2,250,1,10,10,10,f,1
11742889,42828,860,41968,Australia,Private room,1,1,60,0,,,,f,1
15604644,42828,458,42370,Australia,Private room,1,1,69,1,10,10,10,t,1
12327845,42828,472,42356,Australia,Entire home/apt,1,2,121,0,,,,f,1
13984077,42828,792,42036,Australia,Private room,1,1,48,1,8,10,6,f,1
16112116,42828,431,42397,Australia,Private room,1,1,80,0,,,,t,1
16395970,42828,299,42529,Australia,Entire home/apt,2,3,345,11,10,9,9,f,1
3157720,42828,1043,41785,Australia,Entire home/apt,2.5,3,490,1,10,10,10,f,1
15410608,42828,178,42650,Australia,Entire home/apt,2.5,4,551,0,,,,f,1
9242182,42828,1184,41644,Australia,Entire home/apt,2.5,3,190,1,10,10,10,f,1
15733339,42828,1048,41780,Australia,Entire home/apt,2,3,360,0,,,,t,1
15871739,42828,805,42023,Australia,Private room,1,1,139,1,10,8,10,f,1
7483140,42828,654,42174,Australia,Entire home/apt,1,3,499,3,10,10,9,f,1
16454308,42828,1081,41747,Australia,Entire home/apt,1,1,197,0,,,,f,1
10891023,42828,451,42377,Australia,Entire home/apt,2,3,459,0,,,,f,1
9900734,42828,1069,41759,Australia,Entire home/apt,1,1,110,1,,,,f,1
16782050,42828,777,42051,Australia,Private room,1,1,149,1,10,10,10,f,1
4192563,42828,921,41907,Australia,Entire home/apt,1,2,256,1,10,10,10,f,1
17308783,42828,1166,41662,Australia,Entire home/apt,1,0,138,2,10,10,10,t,1
390867,42828,1842,40986,Australia,Private room,2,1,357,0,,,,f,1
16135230,42828,454,42374,Australia,Entire home/apt,1,1,130,1,10,10,10,t,1
11150971,42828,902,41926,Australia,Entire home/apt,3.5,4,700,0,,,,f,1
4856994,42828,837,41991,Australia,Private room,2.5,1,60,23,10,10,10,f,1
8259031,42828,790,42038,Australia,Entire home/apt,1,1,98,2,9,10,8,f,1
1971046,42828,1229,41599,Australia,Entire home/apt,1,2,380,6,10,10,10,f,1
14888842,42828,644,42184,Australia,Entire home/apt,1,2,400,2,10,10,10,f,1
13903617,42828,2070,40758,Australia,Private room,1,1,60,1,10,10,10,f,1
15209388,42828,243,42585,Australia,Entire home/apt,1,2,80,2,10,10,10,f,1
17609007,42828,1651,41177,Australia,Private room,1,1,90,1,10,10,10,f,1
13643715,42828,285,42543,Australia,Entire home/apt,2,5,450,1,8,8,8,f,1
4527095,42828,1763,41065,Australia,Entire home/apt,1,2,290,7,10,9,9,f,1
10754142,42828,438,42390,Australia,Entire home/apt,1,1,170,15,9,10,9,f,1
9578376,42828,923,41905,Australia,Entire home/apt,1,1,66,5,9,10,10,f,1
7935030,42828,605,42223,Australia,Entire home/apt,1,2,190,6,10,9,10,f,1
11743252,42828,826,42002,Australia,Entire home/apt,1,1,256,1,10,10,10,t,1
2437126,42828,1137,41691,Australia,Entire home/apt,1,2,240,45,10,10,9,t,1
1976255,42828,1228,41600,Australia,Entire home/apt,1,1,110,1,6,10,8,f,1
15873152,42828,2317,40511,Australia,Entire home/apt,1,2,275,7,10,10,10,f,1
17440200,42828,159,42669,Australia,Private room,1,1,140,2,9,10,10,f,1
4950025,42828,1218,41610,Australia,Private room,1,1,90,15,9,10,9,f,1
5709276,42828,760,42068,Australia,Private room,1,1,121,7,10,10,10,f,1
15149068,42828,802,42026,Australia,Entire home/apt,1,1,121,4,10,10,10,f,1
15210801,42828,634,42194,Australia,Entire home/apt,1,0,201,1,10,10,10,f,1
471106,42828,1889,40939,Australia,Entire home/apt,2,2,460,2,7,9,9,f,1
11020313,42828,1811,41017,Australia,Private room,1,1,85,12,10,10,10,f,1
9188801,42828,997,41831,Australia,Entire home/apt,1,1,201,3,9,10,10,f,1
8815875,42828,1747,41081,Australia,Entire home/apt,1,3,250,3,7,9,8,f,1
1509047,42828,1332,41496,Australia,Entire home/apt,2,4,600,3,10,10,9,f,1
4818620,42828,1321,41507,Australia,Entire home/apt,1,1,398,10,10,10,9,f,1
5512772,42828,767,42061,Australia,Entire home/apt,2,3,250,12,9,10,9,f,1
11738704,42828,1648,41180,Australia,Entire home/apt,1,2,97,1,,,,f,1
14161139,42828,596,42232,Australia,Private room,1,1,85,26,10,9,10,t,1
6959241,42828,650,42178,Australia,Entire home/apt,1,1,121,0,,,,f,1
16651530,42828,385,42443,Australia,Private room,2,1,80,0,,,,f,1
16210972,42828,1226,41602,Australia,Entire home/apt,1,2,225,1,10,10,8,f,1
4252407,42828,914,41914,Australia,Entire home/apt,1,1,160,49,10,10,10,f,1
7940247,42828,1771,41057,Australia,Entire home/apt,1,0,149,70,9,10,9,t,1
16197824,42828,1382,41446,Australia,Entire home/apt,1,1,220,11,10,10,9,t,1
1979566,42828,1505,41323,Australia,Entire home/apt,1,1,201,2,10,10,10,f,1
12522829,42828,434,42394,Australia,Private room,1,1,471,0,,,,f,1
14765433,42828,812,42016,Australia,Entire home/apt,1,1,220,0,,,,f,1
13901490,42828,498,42330,Australia,Entire home/apt,1,2,125,3,9,9,9,t,1
15930029,42828,228,42600,Australia,Entire home/apt,3,4,1350,2,10,10,10,f,1
10192930,42828,747,42081,Australia,Entire home/apt,1.5,2,400,23,8,10,9,f,1
7134755,42828,2599,40229,Australia,Entire home/apt,2.5,4,901,0,,,,f,1
8000925,42828,760,42068,Australia,Entire home/apt,2,2,385,23,9,10,9,f,1
8003300,42828,1128,41700,Australia,Entire home/apt,3.5,4,425,0,,,,f,1
15468750,42828,175,42653,Australia,Entire home/apt,2,2,300,6,10,10,10,f,1
3158239,42828,1042,41786,Australia,Entire home/apt,1,1,199,1,8,10,10,f,1
15605500,42828,1050,41778,Australia,Entire home/apt,1,2,206,4,7,10,7,f,1
4534522,42828,1482,41346,Australia,Entire home/apt,1,3,165,1,10,10,10,f,1
16069855,42828,555,42273,Australia,Private room,1,1,85,0,,,,f,1
3940145,42828,1055,41773,Australia,Private room,1,1,94,18,9,10,10,f,1
16132487,42828,996,41832,Australia,Entire home/apt,1,1,80,2,5,10,8,f,1
12683473,42828,890,41938,Australia,Private room,1,1,37,19,10,10,10,t,1
17243979,42828,1631,41197,Australia,Private room,1,1,135,5,10,10,10,t,1
12916294,42828,1653,41175,Australia,Entire home/apt,2,2,400,1,10,10,10,f,1
9319882,42828,1666,41162,Australia,Entire home/apt,1,1,220,1,10,10,10,f,1
2920284,42828,1159,41669,Australia,Entire home/apt,2,3,308,3,10,10,9,f,1
9844174,42828,1216,41612,Australia,Private room,1,1,121,1,10,10,10,f,1
15608305,42828,866,41962,Australia,Entire home/apt,1,2,350,3,7,10,8,f,1
17969524,42828,495,42333,Australia,Private room,1,1,56,0,,,,t,1
14169355,42828,477,42351,Australia,Entire home/apt,2,2,119,1,10,10,10,t,1
4986518,42828,838,41990,Australia,Private room,1,1,80,0,,,,f,1
1712094,42828,1972,40856,Australia,Entire home/apt,1,2,220,7,9,9,9,f,1
6559414,42828,678,42150,Australia,Entire home/apt,1,1,149,1,10,10,10,f,1
6107555,42828,787,42041,Australia,Entire home/apt,2,2,256,8,8,10,10,f,1
16523276,42828,579,42249,Australia,Entire home/apt,2.5,3,1199,0,,,,t,1
16324320,42828,725,42103,Australia,Private room,2,1,110,1,10,10,8,t,1
18028282,42828,938,41890,Australia,Entire home/apt,1.5,3,210,0,,,,f,1
8787711,42828,543,42285,Australia,Private room,1,1,50,0,,,,f,1
11283085,42828,1658,41170,Australia,Entire home/apt,3.5,3,350,1,10,10,10,f,1
16460435,42828,1327,41501,Australia,Entire home/apt,1,1,199,0,,,,f,1
7875228,42828,721,42107,Australia,Entire home/apt,1,0,149,23,10,10,10,f,1
14890289,42828,1177,41651,Australia,Entire home/apt,1,2,450,2,10,10,10,f,1
15734614,42828,220,42608,Australia,Entire home/apt,1,1,201,1,10,10,8,f,1
12474684,42828,351,42477,Australia,Entire home/apt,1,2,100,1,,,,f,1
2960097,42828,1231,41597,Australia,Entire home/apt,1,3,990,0,,,,f,1
2105539,42828,1200,41628,Australia,Entire home/apt,1,1,100,1,,,,t,1
10038026,42828,624,42204,Australia,Entire home/apt,1,1,201,9,9,10,9,t,1
12135176,42828,369,42459,Australia,Entire home/apt,1,0,140,23,10,10,10,f,1
6147708,42828,709,42119,Australia,Entire home/apt,3,5,600,5,10,10,10,f,1
11088462,42828,661,42167,Australia,Entire home/apt,2,4,343,3,10,10,10,t,1
6173263,42828,1113,41715,Australia,Entire home/apt,1,0,149,18,10,9,9,f,1
17962908,42828,1658,41170,Australia,Entire home/apt,1,1,149,0,,,,f,1
9974372,42828,1215,41613,Australia,Private room,1,1,63,0,,,,f,1
2688825,42828,1098,41730,Australia,Entire home/apt,1,2,160,3,10,10,10,f,1
16261500,42828,659,42169,Australia,Private room,1.5,1,85,1,10,10,10,f,1
9377780,42828,512,42316,Australia,Entire home/apt,2,3,551,2,9,10,9,f,1
7935975,42828,1150,41678,Australia,Entire home/apt,1,1,147,55,10,10,10,t,1
3812319,42828,971,41857,Australia,Entire home/apt,1,0,149,20,9,10,9,f,1
17176691,42828,941,41887,Australia,Entire home/apt,2,2,249,0,,,,t,1
16458203,42828,1658,41170,Australia,Entire home/apt,1,0,80,3,10,10,9,f,1
858233,42828,1560,41268,Australia,Entire home/apt,1,1,250,11,8,10,9,f,1
17577446,42828,477,42351,Australia,Entire home/apt,2,3,325,1,10,10,10,t,1
6566644,42828,677,42151,Australia,Entire home/apt,1,1,182,3,9,10,10,t,1
16134936,42828,1515,41313,Australia,Private room,1,1,60,2,10,10,10,f,1
6304524,42828,1126,41702,Australia,Entire home/apt,1,1,149,1,6,10,8,f,1
11328264,42828,410,42418,Australia,Entire home/apt,1,1,80,11,9,9,9,f,1
9777969,42828,1151,41677,Australia,Entire home/apt,2,3,281,9,10,10,9,f,1
4795560,42828,847,41981,Australia,Private room,1,1,80,1,10,10,10,f,1
16261727,42828,164,42664,Australia,Entire home/apt,1,1,142,4,10,10,9,f,1
10295540,42828,458,42370,Australia,Private room,1,1,35,0,,,,f,1
15893952,42828,255,42573,Australia,Entire home/apt,1,2,499,1,10,8,10,f,1
9579716,42828,1728,41100,Australia,Entire home/apt,1,2,190,3,7,10,10,f,1
12788385,42828,1037,41791,Australia,Entire home/apt,1,1,176,2,10,10,8,f,1
14560460,42828,771,42057,Australia,Entire home/apt,1,2,195,18,10,10,10,f,1
4987141,42828,818,42010,Australia,Private room,1.5,1,100,94,10,10,10,f,1
9565142,42828,650,42178,Australia,Entire home/apt,1,2,180,3,6,10,7,f,1
15807332,42828,536,42292,Australia,Entire home/apt,1,1,180,0,,,,f,1
16723195,42828,163,42665,Australia,Private room,1,1,115,11,10,10,10,f,1
16986979,42828,1267,41561,Australia,Entire home/apt,1,1,90,0,,,,t,1
10363650,42828,463,42365,Australia,Entire home/apt,1,2,364,14,10,10,9,f,1
16783718,42828,845,41983,Australia,Entire home/apt,1,1,300,2,9,10,9,f,1
17108917,42828,610,42218,Australia,Entire home/apt,1,1,190,2,10,10,9,f,1
12783561,42828,1231,41597,Australia,Entire home/apt,1,2,180,1,10,10,10,f,1
9034560,42828,893,41935,Australia,Entire home/apt,1,2,121,0,,,,f,1
3154836,42828,1143,41685,Australia,Private room,1.5,1,85,44,9,10,9,f,1
16786363,42828,1250,41578,Australia,Entire home/apt,1,2,138,0,,,,f,1
16592269,42828,405,42423,Australia,Private room,1,1,89,1,10,10,10,f,1
15208515,42828,566,42262,Australia,Entire home/apt,1,1,250,1,10,10,10,t,1
12256756,42828,856,41972,Australia,Private room,1,1,94,34,8,10,9,f,1
8785999,42828,543,42285,Australia,Entire home/apt,1,1,145,18,10,10,10,f,1
12666253,42828,343,42485,Australia,Private room,1,1,100,0,,,,t,1
11721137,42828,1034,41794,Australia,Entire home/apt,2,2,286,0,,,,t,1
16458756,42828,1658,41170,Australia,Entire home/apt,1,1,180,5,9,10,8,t,1
9514415,42828,1121,41707,Australia,Entire home/apt,1,2,250,1,10,10,10,f,1
15667326,42828,429,42399,Australia,Private room,1,1,107,4,10,10,10,f,1
15470730,42828,1608,41220,Australia,Entire home/apt,0,0,50,20,10,10,10,t,1
17046109,42828,715,42113,Australia,Entire home/apt,2,2,260,0,,,,f,1
14749842,42828,220,42608,Australia,Entire home/apt,1,0,170,0,,,,f,1
8272763,42828,574,42254,Australia,Entire home/apt,2.5,3,350,1,10,10,10,f,1
1833606,42828,1258,41570,Australia,Entire home/apt,1,2,176,3,10,9,9,f,1
5185633,42828,848,41980,Australia,Private room,1,1,90,19,10,10,10,f,1
12991449,42828,326,42502,Australia,Entire home/apt,2,2,229,3,7,10,9,f,1
5321904,42828,782,42046,Australia,Entire home/apt,1,2,201,8,10,10,10,f,1
7420969,42828,1362,41466,Australia,Private room,1,1,102,11,10,10,10,t,1
14892109,42828,211,42617,Australia,Shared room,1,1,94,6,10,10,10,f,1
16727267,42828,866,41962,Australia,Private room,1,1,180,0,,,,f,1
17906996,42828,8,42820,Australia,Entire home/apt,1,2,152,0,,,,t,1
15482178,42828,822,42006,Australia,Entire home/apt,2,4,450,1,10,8,10,f,1
16989546,42828,879,41949,Australia,Private room,1,2,69,1,10,10,8,t,1
867705,42828,1552,41276,Australia,Entire home/apt,3.5,4,1000,0,,,,f,1
15744462,42828,1020,41808,Australia,Entire home/apt,1,2,300,0,,,,f,1
6045148,42828,931,41897,Australia,Entire home/apt,3,4,1199,2,10,10,9,f,1
13254110,42828,1679,41149,Australia,Entire home/apt,1,2,229,4,10,10,9,f,1
16858600,42828,299,42529,Australia,Private room,1,1,135,0,,,,f,1
16151435,42828,324,42504,Australia,Entire home/apt,2,2,300,4,9,10,9,f,1
8797695,42828,705,42123,Australia,Private room,0.5,1,110,6,10,10,10,f,1
9649676,42828,495,42333,Australia,Entire home/apt,2,2,249,4,9,10,9,f,1
16334412,42828,962,41866,Australia,Entire home/apt,2,2,700,3,9,10,10,f,1
15744608,42828,1302,41526,Australia,Private room,1.5,1,130,1,8,,,f,1
16965836,42828,1050,41778,Australia,Entire home/apt,1,2,263,1,4,10,8,f,1
16073937,42828,392,42436,Australia,Private room,1,1,90,3,9,10,10,f,1
15744667,42828,593,42235,Australia,Entire home/apt,1,2,350,1,10,10,10,t,1
12797477,42828,452,42376,Australia,Entire home/apt,2.5,4,499,2,10,9,10,f,1
10909654,42828,937,41891,Australia,Private room,1,1,60,0,,,,f,1
6242077,42828,749,42079,Australia,Entire home/apt,1,2,100,0,,,,f,1
13713260,42828,2144,40684,Australia,Entire home/apt,2,4,849,2,9,10,9,f,1
3096404,42828,1049,41779,Australia,Entire home/apt,2,3,300,54,9,10,9,f,1
7749525,42828,606,42222,Australia,Entire home/apt,1,1,145,6,10,10,10,f,1
1138671,42828,1428,41400,Australia,Entire home/apt,1,2,398,7,9,10,9,f,1
4539724,42828,1080,41748,Australia,Entire home/apt,2,4,700,1,6,10,10,f,1
2244542,42828,1509,41319,Australia,Private room,2,1,100,43,9,10,9,f,1
17515867,42828,1764,41064,Australia,Entire home/apt,1,1,115,0,,,,t,1
12664906,42828,343,42485,Australia,Entire home/apt,3,4,261,0,,,,t,1
8077458,42828,1463,41365,Australia,Entire home/apt,1,3,245,1,10,10,10,f,1
9978023,42828,883,41945,Australia,Private room,1,1,110,0,,,,f,1
16072875,42828,431,42397,Australia,Private room,1,1,80,1,,,,t,1
1984069,42828,1226,41602,Australia,Entire home/apt,1,2,149,4,6,10,9,f,1
16138447,42828,1414,41414,Australia,Private room,1,1,100,9,10,10,10,f,1
16466144,42828,754,42074,Australia,Entire home/apt,1,2,320,0,,,,t,1
16859362,42828,299,42529,Australia,Private room,1,1,121,0,,,,f,1
11642951,42828,1395,41433,Australia,Entire home/apt,1,2,300,0,,,,f,1
9781511,42828,1202,41626,Australia,Private room,2,1,89,3,7,10,9,f,1
15458543,42828,175,42653,Australia,Entire home/apt,2,2,475,1,10,10,10,f,1
737561,42828,1634,41194,Australia,Entire home/apt,1.5,4,398,10,9,9,9,f,1
13451621,42828,1015,41813,Australia,Private room,1,1,66,16,10,10,10,f,1
16146492,42828,830,41998,Australia,Entire home/apt,1,1,100,4,10,10,10,f,1
7422314,42828,1365,41463,Australia,Entire home/apt,1,1,115,1,10,10,10,f,1
11023769,42828,467,42361,Australia,Entire home/apt,2,3,201,0,,,,f,1
3817911,42828,970,41858,Australia,Entire home/apt,1,2,240,4,10,10,9,f,1
9848298,42828,690,42138,Australia,Private room,1,1,80,0,,,,f,1
15541541,42828,392,42436,Australia,Entire home/apt,1,2,149,3,9,9,9,f,1
10237617,42828,574,42254,Australia,Entire home/apt,1,2,349,11,10,10,10,f,1
10269642,42828,460,42368,Australia,Private room,1,1,149,11,10,10,10,f,1
934543,42828,1513,41315,Australia,Private room,1,1,180,1,10,10,10,f,1
17777291,42828,745,42083,Australia,Entire home/apt,3,3,600,1,10,10,10,t,1
6305486,42828,947,41881,Australia,Private room,1,1,93,35,10,10,10,f,1
17613457,42828,833,41995,Australia,Private room,1,1,75,0,,,,t,1
6046409,42828,721,42107,Australia,Private room,1,1,35,0,,,,f,1
9997503,42828,1420,41408,Australia,Private room,1,1,80,7,10,10,10,f,1
7684877,42828,609,42219,Australia,Entire home/apt,2.5,4,750,0,,,,f,1
15287089,42828,1063,41765,Australia,Private room,1,1,100,4,10,10,10,f,1
5376308,42828,776,42052,Australia,Private room,1,2,201,1,,,,f,1
4534206,42828,1901,40927,Australia,Entire home/apt,1,1,115,2,9,10,9,f,1
14250,42828,2691,40137,Australia,Entire home/apt,3,3,471,1,10,10,10,f,1
15746569,42828,1101,41727,Australia,Entire home/apt,1,3,281,1,10,10,10,f,1
3094568,42828,1402,41426,Australia,Entire home/apt,1,1,201,7,9,9,9,f,1
9189444,42828,598,42230,Australia,Entire home/apt,1,2,176,5,9,10,9,f,1
11090031,42828,675,42153,Australia,Entire home/apt,1.5,1,250,1,10,10,10,f,1
2570360,42828,1115,41713,Australia,Private room,1,1,149,1,10,10,10,f,1
15153276,42828,1559,41269,Australia,Entire home/apt,1,1,85,0,,,,t,1
866422,42828,1552,41276,Australia,Entire home/apt,1,0,115,73,9,10,9,f,1
2177216,42828,1182,41646,Australia,Entire home/apt,3,4,1250,4,7,10,8,f,1
8391032,42828,567,42261,Australia,Entire home/apt,2,2,313,1,10,10,10,t,1
1521901,42828,1393,41435,Australia,Private room,1,1,130,11,10,9,10,t,1
7423502,42828,1600,41228,Australia,Entire home/apt,1,1,300,3,10,10,10,t,1
11090477,42828,422,42406,Australia,Entire home/apt,3,4,700,3,10,10,9,f,1
7027399,42828,984,41844,Australia,Entire home/apt,1,3,292,5,10,10,10,f,1
15600083,42828,964,41864,Australia,Private room,1,1,80,0,,,,t,1
1915643,42828,1239,41589,Australia,Entire home/apt,1,2,220,6,10,10,10,f,1
14301948,42828,474,42354,Australia,Private room,1.5,1,66,0,,,,f,1
11875458,42828,384,42444,Australia,Entire home/apt,2,2,180,0,,,,f,1
4164699,42828,933,41895,Australia,Entire home/apt,1,1,269,13,10,10,9,t,1
9848837,42828,848,41980,Australia,Entire home/apt,1,2,425,1,10,10,10,f,1
6440994,42828,730,42098,Australia,Private room,2,1,100,0,,,,f,1
15616051,42828,809,42019,Australia,Entire home/apt,2,3,499,2,10,10,10,f,1
16861284,42828,745,42083,Australia,Entire home/apt,2,2,350,0,,,,t,1
16664205,42828,337,42491,Australia,Private room,1,1,100,4,10,9,9,t,1
5719695,42828,1215,41613,Australia,Private room,1,1,60,17,10,9,10,f,1
15746764,42828,1840,40988,Australia,Entire home/apt,2.5,3,300,0,,,,f,1
17254154,42828,614,42214,Australia,Entire home/apt,2.5,4,849,0,,,,t,1
12666639,42828,343,42485,Australia,Private room,1,1,69,0,,,,f,1
9848595,42828,1105,41723,Australia,Entire home/apt,1,2,165,2,10,10,10,f,1
16845794,42828,326,42502,Australia,Private room,1,1,90,0,,,,f,1
17319785,42828,787,42041,Australia,Entire home/apt,1,1,98,0,,,,t,1
4671388,42828,860,41968,Australia,Entire home/apt,2,3,700,2,10,9,8,f,1
4671412,42828,1456,41372,Australia,Entire home/apt,1,2,300,9,10,10,9,f,1
16205762,42828,1037,41791,Australia,Entire home/apt,1,1,165,6,10,10,10,f,1
13715810,42828,965,41863,Australia,Private room,1.5,1,48,0,,,,f,1
10439180,42828,656,42172,Australia,Entire home/apt,2.5,5,650,0,,,,f,1
16976991,42828,315,42513,Australia,Private room,1,1,50,6,10,10,10,t,1
12208746,42828,365,42463,Australia,Entire home/apt,3,5,499,3,9,10,9,f,1
9718405,42828,491,42337,Australia,Entire home/apt,2.5,3,360,5,10,10,9,t,1
16665222,42828,1596,41232,Australia,Entire home/apt,2.5,4,700,0,,,,f,1
7621265,42828,1262,41566,Australia,Entire home/apt,1,1,190,2,10,10,10,f,1
14305949,42828,1034,41794,Australia,Entire home/apt,2,2,300,0,,,,f,1
755619,42828,1621,41207,Australia,Private room,1,1,153,4,9,10,8,f,1
1919408,42828,1239,41589,Australia,Entire home/apt,1,2,228,40,8,10,9,f,1
16551125,42828,1207,41621,Australia,Entire home/apt,1,0,149,0,,,,f,1
8817881,42828,707,42121,Australia,Private room,1,1,94,2,9,10,9,f,1
5041682,42828,811,42017,Australia,Entire home/apt,1,1,149,0,,,,f,1
17910505,42828,635,42193,Australia,Entire home/apt,1,1,195,0,,,,f,1
83565,42828,2205,40623,Australia,Private room,1,1,121,0,,,,f,1
16861981,42828,634,42194,Australia,Private room,1,2,75,3,7,10,10,f,1
8763186,42828,545,42283,Australia,Private room,1,1,90,47,9,10,9,f,1
9702545,42828,491,42337,Australia,Entire home/apt,1,2,225,13,9,10,9,f,1
4017069,42828,944,41884,Australia,Entire home/apt,1,1,195,18,9,9,10,f,1
15616949,42828,1228,41600,Australia,Entire home/apt,3,3,400,1,10,10,10,t,1
9417101,42828,1420,41408,Australia,Entire home/apt,1,2,450,14,9,10,8,f,1
8801363,42828,542,42286,Australia,Entire home/apt,1,1,201,0,,,,f,1
16534628,42828,547,42281,Australia,Private room,1,0,121,0,,,,t,1
4471552,42828,1600,41228,Australia,Private room,1,1,60,9,8,10,9,f,1
16534652,42828,327,42501,Australia,Private room,1,1,229,5,10,10,10,f,1
12209641,42828,1307,41521,Australia,Entire home/apt,1,0,220,1,10,10,10,f,1
6442127,42828,1314,41514,Australia,Private room,1,1,50,5,9,10,10,f,1
14830754,42828,393,42435,Australia,Entire home/apt,1,1,100,2,10,10,10,f,1
17779880,42828,216,42612,Australia,Private room,1,1,156,1,10,10,10,f,1
8473770,42828,1153,41675,Australia,Entire home/apt,1,1,140,20,10,10,10,f,1
6549295,42828,1013,41815,Australia,Private room,0,1,69,24,9,10,9,f,1
15290178,42828,923,41905,Australia,Entire home/apt,3,5,600,1,10,10,8,f,1
12014013,42828,375,42453,Australia,Entire home/apt,2,3,250,6,9,10,9,f,1
16207714,42828,572,42256,Australia,Entire home/apt,1,2,300,1,10,10,10,f,1
6443499,42828,686,42142,Australia,Entire home/apt,1,1,149,0,,,,f,1
15749614,42828,155,42673,Australia,Entire home/apt,1,1,199,12,10,9,9,f,1
11555316,42828,399,42429,Australia,Private room,1,1,100,0,,,,f,1
15946275,42828,419,42409,Australia,Entire home/apt,2,4,634,0,,,,f,1
11947641,42828,745,42083,Australia,Entire home/apt,1,1,180,28,10,10,9,t,1
8873739,42828,538,42290,Australia,Entire home/apt,1.5,2,350,1,10,10,10,f,1
8905329,42828,1194,41634,Australia,Private room,1,1,75,3,9,9,9,t,1
6425984,42828,1309,41519,Australia,Entire home/apt,1,1,130,10,8,10,10,f,1
2593217,42828,1597,41231,Australia,Entire home/apt,1,2,290,5,10,10,10,f,1
17781043,42828,799,42029,Australia,Private room,1,1,152,0,,,,f,1
17139242,42828,1231,41597,Australia,Entire home/apt,1,1,160,3,10,10,10,f,1
6065450,42828,716,42112,Australia,Entire home/apt,2,2,300,1,8,10,10,f,1
13849173,42828,1362,41466,Australia,Private room,1,1,208,0,,,,f,1
11948616,42828,2545,40283,Australia,Private room,2.5,1,50,23,10,10,10,f,1
6443677,42828,1244,41584,Australia,Entire home/apt,1,1,170,0,,,,f,1
8475314,42828,974,41854,Australia,Entire home/apt,2.5,3,350,0,,,,f,1
16339639,42828,651,42177,Australia,Entire home/apt,1,1,160,4,9,9,10,t,1
15775888,42828,535,42293,Australia,Private room,1,1,66,9,10,9,10,f,1
13915165,42828,269,42559,Australia,Entire home/apt,1,1,135,38,10,10,10,f,1
12933111,42828,330,42498,Australia,Entire home/apt,1.5,2,229,6,9,10,10,f,1
14111808,42828,1730,41098,Australia,Entire home/apt,2,2,201,0,,,,f,1
12801894,42828,337,42491,Australia,Private room,1,1,130,2,10,10,10,t,1
4936780,42828,915,41913,Australia,Private room,1,1,55,13,10,10,10,f,1
6902931,42828,779,42049,Australia,Entire home/apt,1,2,135,9,10,10,10,f,1
4478221,42828,883,41945,Australia,Entire home/apt,1,1,160,33,9,10,8,f,1
14046505,42828,523,42305,Australia,Entire home/apt,1,3,750,0,,,,f,1
1857470,42828,2178,40650,Australia,Entire home/apt,1,2,201,20,10,9,9,f,1
10639050,42828,490,42338,Australia,Private room,1,1,75,1,10,8,10,f,1
12801773,42828,1229,41599,Australia,Shared room,1,1,50,4,10,10,10,f,1
9262844,42828,516,42312,Australia,Entire home/apt,1,2,281,1,10,10,8,f,1
12800923,42828,1229,41599,Australia,Private room,1,1,80,11,10,10,10,f,1
4608946,42828,871,41957,Australia,Entire home/apt,1,2,250,3,9,9,10,f,1
4019125,42828,2093,40735,Australia,Entire home/apt,1,1,180,7,9,10,9,f,1
15131467,42828,542,42286,Australia,Entire home/apt,3,3,1130,0,,,,f,1
4477974,42828,1039,41789,Australia,Entire home/apt,1,2,201,0,,,,f,1
17388584,42828,41,42787,Australia,Entire home/apt,1,2,160,0,,,,f,1
17914021,42828,7,42821,Australia,Entire home/apt,2,3,190,0,,,,t,1
809083,42828,1588,41240,Australia,Entire home/apt,3.5,5,950,0,,,,f,1
16472359,42828,1391,41437,Australia,Entire home/apt,1.5,4,800,0,,,,t,1
9394473,42828,1126,41702,Australia,Private room,1,1,110,0,,,,f,1
12802473,42828,337,42491,Australia,Private room,0,1,121,1,8,8,8,t,1
1927393,42828,1237,41591,Australia,Entire home/apt,2,3,600,6,10,10,10,f,1
16998929,42828,116,42712,Australia,Private room,1.5,3,279,4,10,10,10,f,1
14637932,42828,408,42420,Australia,Entire home/apt,1,2,201,1,10,10,10,f,1
17130031,42828,651,42177,Australia,Entire home/apt,1,1,140,0,,,,f,1
16913353,42828,2321,40507,Australia,Entire home/apt,0,0,55,4,10,10,10,t,1
10948703,42828,435,42393,Australia,Entire home/apt,1,1,160,0,,,,f,1
11231816,42828,1234,41594,Australia,Entire home/apt,1,1,180,4,10,10,10,f,1
15822842,42829,414,42415,Australia,Entire home/apt,1,2,250,0,,,,f,1
7958505,42829,42829,,Australia,Entire home/apt,1,1,191,24,,,,f,1
16278130,42828,1150,41678,Australia,Entire home/apt,1,2,180,1,10,10,10,t,1
4745584,42828,893,41935,Australia,Private room,1.5,1,71,0,,,,f,1
11821704,42828,989,41839,Australia,Entire home/apt,1,3,300,3,8,10,7,f,1
6708221,42828,694,42134,Australia,Private room,1,1,90,0,,,,f,1
9203771,42829,818,42011,Australia,Entire home/apt,1,1,190,1,,,,f,1
15099899,42828,408,42420,Australia,Entire home/apt,1,1,75,10,9,10,10,f,1
5071549,42828,1138,41690,Australia,Entire home/apt,1,1,149,3,9,10,9,f,1
6185664,42828,1318,41510,Australia,Entire home/apt,1,2,140,8,7,10,8,f,1
17655245,42828,1092,41736,Australia,Entire home/apt,1,2,300,1,10,10,10,t,1
15364176,42829,1160,41669,Australia,Entire home/apt,1,1,250,2,10,10,10,f,1
2124282,42828,1194,41634,Australia,Private room,1,1,69,3,10,10,10,t,1
15102047,42829,198,42631,Australia,Entire home/apt,3.5,6,1199,0,,,,f,1
9532775,42829,820,42009,Australia,Entire home/apt,2,3,201,0,,,,f,1
8741665,42828,546,42282,Australia,Private room,1,1,149,1,10,10,10,f,1
8545123,42828,848,41980,Australia,Entire home/apt,2,2,450,2,6,10,8,f,1
2974673,42828,1088,41740,Australia,Entire home/apt,1,1,110,2,9,9,10,f,1
16465010,42828,514,42314,Australia,Entire home/apt,1.5,2,600,0,,,,t,1
4078418,42828,936,41892,Australia,Entire home/apt,1,0,145,45,10,10,10,f,1
15624899,42828,844,41984,Australia,Private room,1,1,121,7,8,10,8,f,1
15424833,42828,1137,41691,Australia,Entire home/apt,3,4,650,0,,,,f,1
6318816,42828,740,42088,Australia,Private room,1,1,50,0,,,,f,1
12344729,42828,1213,41615,Australia,Private room,1,1,100,1,10,10,10,f,1
9333538,42828,1045,41783,Australia,Entire home/apt,1,2,149,8,9,10,9,f,1
3700007,42829,1017,41812,Australia,Private room,1,1,50,16,9,10,10,f,1
16408038,42828,1029,41799,Australia,Entire home/apt,1,1,145,7,10,10,10,f,1
14902458,42828,1080,41748,Australia,Private room,1,1,115,0,,,,f,1
6515578,42828,1005,41823,Australia,Entire home/apt,1,2,100,0,,,,f,1
17591171,42828,224,42604,Australia,Private room,1,1,75,0,,,,t,1
15757793,42829,679,42150,Australia,Entire home/apt,1,1,190,6,10,10,9,f,1
15164674,42828,2055,40773,Australia,Entire home/apt,1,1,121,2,10,10,10,f,1
8940421,42828,535,42293,Australia,Entire home/apt,2,3,375,7,10,10,10,f,1
15100858,42828,707,42121,Australia,Entire home/apt,1,3,395,4,8,9,8,f,1
1382832,42828,1358,41470,Australia,Private room,1,1,149,8,9,9,9,f,1
7038796,42828,1223,41605,Australia,Entire home/apt,1.5,2,220,10,10,10,10,f,1
1118713,42828,1435,41393,Australia,Entire home/apt,1,1,90,9,10,9,9,f,1
1007284,42828,1475,41353,Australia,Entire home/apt,1.5,2,380,93,9,10,9,f,1
8740570,42828,546,42282,Australia,Entire home/apt,1,1,240,0,,,,f,1
12117580,42828,976,41852,Australia,Private room,1,1,80,3,10,10,10,f,1
6259716,42828,2199,40629,Australia,Entire home/apt,1,1,140,1,4,8,2,f,1
11855437,42828,680,42148,Australia,Entire home/apt,1,0,115,27,9,10,9,t,1
7040013,42828,1301,41527,Australia,Entire home/apt,3,4,1050,1,10,2,4,f,1
8740629,42828,2071,40757,Australia,Private room,1.5,1,100,1,6,10,10,f,1
16147938,42828,1031,41797,Australia,Private room,1,1,121,7,9,10,10,f,1
6188073,42828,727,42101,Australia,Private room,1,1,41,0,,,,f,1
11625964,42828,395,42433,Australia,Entire home/apt,1,1,430,3,10,10,10,f,1
16327466,42828,1567,41261,Australia,Entire home/apt,1,3,299,2,9,8,8,f,1
2387077,42829,1147,41682,Australia,Entire home/apt,2,4,400,3,10,10,9,f,1
11046895,42828,745,42083,Australia,Entire home/apt,1,1,170,26,9,10,9,t,1
8150946,42828,619,42209,Australia,Entire home/apt,2,2,350,0,,,,f,1
1195221,42829,1540,41289,Australia,Entire home/apt,1,1,73,138,9,10,9,f,1
11169113,42829,429,42400,Australia,Entire home/apt,1,2,236,2,10,10,10,f,1
10319182,42829,806,42023,Australia,Entire home/apt,1,2,300,1,8,10,10,f,1
14970271,42829,207,42622,Australia,Entire home/apt,3,4,750,0,,,,t,1
7368068,42829,746,42083,Australia,Entire home/apt,1,1,191,36,9,10,9,t,1
10251708,42829,1850,40979,Australia,Entire home/apt,2,2,250,0,,,,f,1
13399044,42830,302,42528,Australia,Private room,1,1,95,9,10,10,9,f,1
1666574,42829,2071,40758,Australia,Entire home/apt,1,2,201,5,10,9,9,f,1
1456826,42828,1393,41435,Australia,Entire home/apt,2,3,350,5,10,10,10,f,1
9596469,42829,499,42330,Australia,Private room,0.5,1,60,0,,,,f,1
9550824,42828,500,42328,Australia,Entire home/apt,2,2,400,6,8,10,9,f,1
15591008,42829,166,42663,Australia,Entire home/apt,1,1,121,0,,,,f,1
4288103,42829,1034,41795,Australia,Entire home/apt,2,4,475,9,9,10,10,f,1
3041180,42828,1056,41772,Australia,Entire home/apt,3.5,5,600,1,6,10,10,f,1
1995943,42829,1588,41241,Australia,Private room,1,1,176,0,,,,f,1
8616557,42829,1182,41647,Australia,Private room,2.5,1,149,6,,,,f,1
4754785,42829,1210,41619,Australia,Private room,1,1,100,13,10,10,10,f,1
4548520,42828,875,41953,Australia,Entire home/apt,,1,201,44,9,10,9,f,1
6645715,42828,741,42087,Australia,Entire home/apt,1,1,66,0,,,,f,1
1797884,42829,1268,41561,Australia,Entire home/apt,1,1,220,2,10,10,6,f,1
17000428,42828,64,42764,Australia,Entire home/apt,1,1,149,1,10,10,10,f,1
10888125,42828,989,41839,Australia,Private room,1,1,149,0,,,,f,1
9693392,42829,1706,41123,Australia,Entire home/apt,1,1,121,1,6,10,6,f,1
1995996,42829,42829,,Australia,Entire home/apt,1,1,160,5,9,9,9,f,1
4615956,42829,868,41961,Australia,Entire home/apt,1.5,2,400,2,8,10,10,f,1
4876310,42828,944,41884,Australia,Entire home/apt,1,1,261,0,,,,f,1
11189798,42829,422,42407,Australia,Entire home/apt,3,4,901,4,10,10,9,f,1
17724777,42829,1377,41452,Australia,Entire home/apt,1,1,121,0,,,,f,1
13137868,42829,649,42180,Australia,Entire home/apt,1,1,149,1,10,10,10,f,1
4618243,42829,867,41962,Australia,Entire home/apt,1,2,360,8,10,10,9,f,1
16208274,42830,124,42706,Australia,Entire home/apt,1,1,175,3,7,10,10,t,1
5729473,42830,747,42083,Australia,Entire home/apt,1,1,150,47,9,10,8,t,1
14776388,42829,286,42543,Australia,Entire home/apt,2.5,4,901,0,,,,f,1
10811288,42830,437,42393,Australia,Private room,1.5,1,85,0,,,,f,1
882661,42829,1544,41285,Australia,Entire home/apt,2,3,370,10,8,10,8,f,1
8353955,42829,1015,41814,Australia,Private room,2,1,80,4,10,10,10,f,1
4487354,42829,1706,41123,Australia,Entire home/apt,1,1,185,12,9,10,9,f,1
4551371,42830,1577,41253,Australia,Entire home/apt,1,1,91,3,9,10,10,f,1
10416859,42830,1555,41275,Australia,Private room,1,1,50,10,10,10,10,f,1
15905116,42829,414,42415,Australia,Entire home/apt,1,2,250,0,,,,f,1
5732682,42829,746,42083,Australia,Entire home/apt,1,2,190,75,9,10,9,t,1
847235,42830,1570,41260,Australia,Private room,1,1,99,0,,,,t,1
4880778,42829,834,41995,Australia,Private room,1,1,201,0,,,,f,1
10622303,42829,579,42250,Australia,Entire home/apt,1.5,3,360,0,,,,f,1
16546223,42829,276,42553,Australia,Entire home/apt,1,0,176,0,,,,t,1
9097525,42830,1378,41452,Australia,Entire home/apt,1,2,120,12,10,10,10,f,1
8976447,42830,534,42296,Australia,Entire home/apt,1,2,360,0,,,,f,1
10026417,42830,1104,41726,Australia,Entire home/apt,2.5,3,300,1,10,10,10,t,1
3373531,42829,1140,41689,Australia,Entire home/apt,2,2,250,59,10,10,9,f,1
9599558,42829,657,42172,Australia,Entire home/apt,3,4,494,0,,,,f,1
15760037,42829,1715,41114,Australia,Entire home/apt,2,4,3000,0,,,,f,1
2216956,42829,1176,41653,Australia,Entire home/apt,1,2,300,8,10,10,9,f,1
14206296,42830,1036,41794,Australia,Entire home/apt,1,2,292,2,8,9,8,t,1
5559476,42829,761,42068,Australia,Entire home/apt,2,3,451,5,9,10,10,f,1
17332996,42829,45,42784,Australia,Private room,1,1,201,0,,,,t,1
8975335,42830,577,42253,Australia,Entire home/apt,1,1,150,6,10,10,9,f,1
13007630,42829,1035,41794,Australia,Entire home/apt,2,3,1450,1,10,10,8,f,1
8377643,42829,883,41946,Australia,Entire home/apt,3.5,5,625,1,10,10,10,f,1
15300835,42830,187,42643,Australia,Entire home/apt,1,4,250,5,8,9,9,f,1
8743386,42829,869,41960,Australia,Entire home/apt,3,4,250,1,8,10,8,f,1
2151895,42829,1203,41626,Australia,Private room,1,1,260,0,,,,f,1
9885172,42829,870,41959,Australia,Entire home/apt,1,2,39,0,,,,f,1
13424127,42829,1785,41044,Australia,Entire home/apt,1,2,180,17,10,10,10,f,1
17191893,42829,1535,41294,Australia,Entire home/apt,1,2,300,1,10,10,10,f,1
9597872,42830,975,41855,Australia,Private room,1,2,70,1,8,10,8,f,1
13883009,42829,272,42557,Australia,Entire home/apt,1,2,145,0,,,,f,1
6614762,42830,1352,41478,Australia,Entire home/apt,1,0,130,32,10,10,10,f,1
11105318,42830,424,42406,Australia,Entire home/apt,2,4,300,3,9,10,9,f,1
8745935,42830,598,42232,Australia,Entire home/apt,2,3,399,4,10,10,9,f,1
12415418,42830,892,41938,Australia,Entire home/apt,1,2,100,6,10,10,9,f,1
16045912,42829,519,42310,Australia,Entire home/apt,3.5,4,795,0,,,,f,1
13817749,42829,859,41970,Australia,Entire home/apt,1,1,198,4,9,10,9,t,1
16151964,42830,1681,41149,Australia,Entire home/apt,1,2,296,1,8,10,10,f,1
5033657,42829,1741,41088,Australia,Entire home/apt,1,2,280,37,7,10,8,f,1
14488760,42829,558,42271,Australia,Private room,1,1,80,1,10,10,8,f,1
16111997,42829,1176,41653,Australia,Private room,1,1,60,7,10,9,10,f,1
3070363,42829,1053,41776,Australia,Entire home/apt,1,1,114,29,9,10,10,f,1
9529899,42829,1225,41604,Australia,Entire home/apt,3,3,1000,0,,,,f,1
6019532,42829,1083,41746,Australia,Entire home/apt,1.5,2,166,1,10,10,10,f,1
13663552,42829,285,42544,Australia,Entire home/apt,1,2,201,0,,,,f,1
11000345,42829,478,42351,Australia,Entire home/apt,1,1,185,11,10,10,10,f,1
17160742,42829,1771,41058,Australia,Private room,1,1,125,0,,,,f,1
6650295,42830,673,42157,Australia,Private room,1,1,200,0,,,,f,1
15891870,42829,869,41960,Australia,Entire home/apt,2,2,269,0,,,,f,1
15891904,42829,869,41960,Australia,Private room,1,1,160,3,9,10,9,f,1
15260264,42829,491,42338,Australia,Entire home/apt,1,1,200,27,10,10,9,f,1
8051340,42829,795,42034,Australia,Entire home/apt,2,3,501,0,,,,f,1
1733282,42830,1618,41212,Australia,Entire home/apt,2,2,321,6,10,10,9,f,1
12369839,42829,678,42151,Australia,Private room,1,1,180,0,,,,f,1
13334959,42830,307,42523,Australia,Private room,1,1,328,0,,,,t,1
9322416,42829,1606,41223,Australia,Entire home/apt,1,2,300,15,10,10,10,f,1
7503409,42829,644,42185,Australia,Entire home/apt,1,0,60,1,10,10,10,f,1
10370996,42829,455,42374,Australia,Entire home/apt,2,1,121,0,,,,f,1
4226710,42829,918,41911,Australia,Entire home/apt,1.5,2,450,0,,,,f,1
880594,42830,1546,41284,Australia,Entire home/apt,1,1,141,14,10,10,9,t,1
12114846,42829,371,42458,Australia,Private room,1,1,100,0,,,,f,1
16678627,42829,442,42387,Australia,Entire home/apt,1,2,300,0,,,,t,1
2022406,42829,1802,41027,Australia,Entire home/apt,1,2,300,1,10,10,10,f,1
8159023,42829,761,42068,Australia,Entire home/apt,1.5,3,339,0,,,,f,1
15522897,42829,390,42439,Australia,Entire home/apt,1,1,169,1,10,10,8,f,1
17718856,42829,221,42608,Australia,Entire home/apt,1,1,210,0,,,,f,1
15891975,42830,1168,41662,Australia,Private room,1,1,50,4,8,9,8,t,1
14539963,42829,305,42524,Australia,Entire home/apt,2,4,750,3,9,10,8,f,1
16089043,42829,214,42615,Australia,Entire home/apt,1,2,138,1,,,,t,1
7368726,42830,630,42200,Australia,Entire home/apt,1,2,250,11,10,10,9,f,1
8616496,42830,573,42257,Australia,Entire home/apt,1,1,175,53,9,10,10,f,1
17268762,42829,1051,41778,Australia,Entire home/apt,1,3,232,0,,,,f,1
17530934,42829,314,42515,Australia,Entire home/apt,3,4,295,0,,,,f,1
10059836,42829,630,42199,Australia,Entire home/apt,1.5,2,220,1,10,10,10,f,1
16244161,42829,198,42631,Australia,Entire home/apt,1,3,399,5,10,10,10,f,1
16314287,42830,2011,40819,Australia,Entire home/apt,1,2,191,0,,,,t,1
15486892,42829,305,42524,Australia,Entire home/apt,1,2,200,0,,,,f,1
11001426,42829,427,42402,Australia,Entire home/apt,2,3,657,0,,,,f,1
16244343,42829,1067,41762,Australia,Entire home/apt,3,5,1200,0,,,,t,1
16113281,42829,652,42177,Australia,Entire home/apt,2,3,1090,1,10,,,f,1
12613238,42829,860,41969,Australia,Private room,2,1,250,0,,,,f,1
17285400,42829,845,41984,Australia,Private room,1,1,120,3,9,10,9,f,1
15916757,42829,1051,41778,Australia,Entire home/apt,1,2,289,0,,,,f,1
15624939,42829,186,42643,Australia,Entire home/apt,1.5,3,281,0,,,,t,1
11698573,42829,495,42334,Australia,Entire home/apt,1,1,145,7,9,10,10,t,1
14672231,42829,1227,41602,Australia,Entire home/apt,1,1,152,0,,,,t,1
17409712,42830,388,42442,Australia,Entire home/apt,1,1,112,0,,,,t,1
7700958,42829,660,42169,Australia,Entire home/apt,2.5,3,400,1,10,10,10,f,1
10974851,42829,428,42401,Australia,Entire home/apt,1,1,128,6,10,9,9,f,1
1868312,42829,2360,40469,Australia,Entire home/apt,2.5,5,1000,9,10,10,10,f,1
15514669,42830,884,41946,Australia,Entire home/apt,2,4,585,0,,,,t,1
12157677,42829,556,42273,Australia,Entire home/apt,1,1,220,3,9,10,9,f,1
2392859,42829,1553,41276,Australia,Entire home/apt,1,2,240,95,10,9,10,t,1
15893343,42829,231,42598,Australia,Entire home/apt,2,4,630,0,,,,f,1
14058366,42829,593,42236,Australia,Private room,1,1,45,0,,,,t,1
7832499,42829,601,42228,Australia,Private room,1,1,69,0,,,,f,1
16314129,42830,117,42713,Australia,Private room,1.5,1,219,1,,,,f,1
16152088,42830,1416,41414,Australia,Entire home/apt,1,1,191,1,10,10,10,f,1
15100795,42829,289,42540,Australia,Entire home/apt,1,0,218,21,10,10,10,f,1
9756233,42829,490,42339,Australia,Private room,1,1,51,57,10,10,10,f,1
9012529,42829,910,41919,Australia,Entire home/apt,2.5,3,946,0,,,,f,1
15100813,42829,542,42287,Australia,Entire home/apt,1,2,190,1,10,10,10,f,1
8974640,42830,911,41919,Australia,Entire home/apt,1,2,240,1,10,10,10,f,1
17466800,42829,210,42619,Australia,Entire home/apt,1,2,170,0,,,,f,1
16086831,42829,1712,41117,Australia,Entire home/apt,1,0,106,2,2,8,4,t,1
4048294,42829,941,41888,Australia,Entire home/apt,1,4,727,4,9,10,9,f,1
17110611,42829,182,42647,Australia,Entire home/apt,1,1,160,5,10,10,10,t,1
3635009,42829,1181,41648,Australia,Entire home/apt,1,1,190,53,9,10,9,f,1
3638964,42829,1140,41689,Australia,Entire home/apt,1,0,190,26,8,10,8,f,1
9926941,42830,581,42249,Australia,Entire home/apt,3,3,1401,6,9,9,9,f,1
6518631,42829,1255,41574,Australia,Entire home/apt,1,3,350,5,7,10,8,f,1
2731024,42829,1105,41724,Australia,Private room,1,1,100,35,10,10,10,f,1
1472385,42830,1343,41487,Australia,Private room,1,1,99,1,10,10,10,f,1
16152502,42829,127,42702,Australia,Entire home/apt,1,1,149,0,,,,t,1
11106975,42830,462,42368,Australia,Entire home/apt,3.5,3,501,0,,,,f,1
13926607,42829,1021,41808,Australia,Entire home/apt,1,2,300,1,10,10,10,f,1
10655234,42829,443,42386,Australia,Entire home/apt,4,4,480,0,,,,f,1
13927445,42829,365,42464,Australia,Entire home/apt,1,1,99,1,,,,t,1
3522757,42829,1605,41224,Australia,Private room,1,1,64,19,10,9,9,f,1
12027275,42829,685,42144,Australia,Entire home/apt,1,2,250,4,10,10,10,f,1
6326825,42829,697,42132,Australia,Entire home/apt,3.5,5,501,3,8,8,9,f,1
17533198,42829,845,41984,Australia,Private room,1,1,180,0,,,,f,1
9865573,42829,803,42026,Australia,Entire home/apt,1,2,200,13,9,10,9,t,1
5147213,42829,862,41967,Australia,Private room,2,1,91,4,10,10,10,f,1
15960072,42829,970,41859,Australia,Entire home/apt,2.5,3,501,1,10,10,10,f,1
15960537,42829,1263,41566,Australia,Entire home/apt,1,1,210,0,,,,f,1
13305868,42829,339,42490,Australia,Entire home/apt,2,4,244,17,10,10,10,f,1
17271264,42829,530,42299,Australia,Private room,1,1,124,4,10,10,8,f,1
3836098,42829,969,41860,Australia,Entire home/apt,1,2,451,1,8,10,10,f,1
14092494,42829,1099,41730,Australia,Private room,1,1,49,1,10,10,10,f,1
5606539,42829,827,42002,Australia,Entire home/apt,1,0,200,12,10,10,10,t,1
15960807,42829,759,42070,Australia,Entire home/apt,1,2,250,3,9,10,9,f,1
15043418,42829,429,42400,Australia,Private room,1,1,130,16,10,10,10,f,1
13536131,42829,478,42351,Australia,Entire home/apt,1,1,110,0,,,,f,1
16682179,42829,86,42743,Australia,Private room,1,1,45,2,10,10,10,t,1
17271814,42829,857,41972,Australia,Private room,1,1,95,1,8,10,10,t,1
6720399,42829,684,42145,Australia,Entire home/apt,2,4,800,1,8,8,8,f,1
3706495,42829,983,41846,Australia,Entire home/apt,1,1,198,8,9,10,9,f,1
16618005,42829,891,41938,Australia,Entire home/apt,1,3,200,0,,,,f,1
4493888,42829,1763,41066,Australia,Entire home/apt,2,3,850,0,,,,f,1
13930453,42829,875,41954,Australia,Entire home/apt,1,2,194,0,,,,f,1
11046642,42829,746,42083,Australia,Entire home/apt,1,1,155,48,9,10,9,t,1
4625080,42829,884,41945,Australia,Entire home/apt,1.5,3,250,8,9,10,10,f,1
11833629,42829,987,41842,Australia,Entire home/apt,1,0,99,6,9,10,10,f,1
7310951,42829,988,41841,Australia,Entire home/apt,1,2,139,0,,,,t,1
16420462,42829,1319,41510,Australia,Private room,1,1,130,0,,,,f,1
2397299,42829,1144,41685,Australia,Entire home/apt,1.5,3,290,1,4,10,8,f,1
10556199,42829,746,42083,Australia,Private room,1.5,1,70,1,10,10,10,f,1
8886511,42829,978,41851,Australia,Entire home/apt,2,4,219,1,,,,f,1
4297510,42829,1812,41017,Australia,Private room,1,1,110,61,9,10,9,f,1
8788227,42829,1370,41459,Australia,Entire home/apt,1,1,420,0,,,,f,1
17241515,42829,1461,41368,Australia,Private room,1,1,130,3,10,10,8,f,1
17962641,42829,6,42823,Australia,Entire home/apt,2,3,800,0,,,,t,1
9982963,42829,1057,41772,Australia,Private room,1,1,120,0,,,,f,1
16783403,42829,1172,41657,Australia,Private room,1.5,1,99,1,10,10,10,f,1
4047861,42829,1056,41773,Australia,Entire home/apt,1,2,192,0,,,,f,1
3796583,42829,1679,41150,Australia,Private room,1,1,70,7,9,10,9,f,1
9476572,42829,506,42323,Australia,Entire home/apt,1,2,300,0,,,,f,1
9052653,42829,1854,40975,Australia,Entire home/apt,3.5,4,950,0,,,,f,1
14490509,42829,750,42079,Australia,Private room,1,1,50,0,,,,t,1
7183342,42829,651,42178,Australia,Entire home/apt,3,4,1150,1,10,10,10,f,1
17701991,42829,746,42083,Australia,Entire home/apt,2,2,551,2,10,10,10,t,1
17865900,42829,1035,41794,Australia,Entire home/apt,2,4,440,0,,,,f,1
5971289,42829,761,42068,Australia,Shared room,1,1,300,0,,,,f,1
3776027,42829,975,41854,Australia,Entire home/apt,2,2,600,9,9,10,10,f,1
8691351,42829,562,42267,Australia,Entire home/apt,3,4,700,3,10,10,9,f,1
7905051,42829,1785,41044,Australia,Entire home/apt,1.5,3,399,29,10,10,10,f,1
17670695,42829,25,42804,Australia,Entire home/apt,2,4,451,0,,,,t,1
8370325,42829,684,42145,Australia,Entire home/apt,1,2,120,16,9,10,9,f,1
14065584,42829,1639,41190,Australia,Entire home/apt,1,2,150,2,10,10,9,f,1
9281746,42829,517,42312,Australia,Entire home/apt,2,4,250,8,10,9,10,f,1
17375501,42829,1031,41798,Australia,Entire home/apt,1,1,100,0,,,,f,1
16163093,42829,139,42690,Australia,Entire home/apt,2,2,135,1,10,10,10,f,1
18030961,42829,425,42404,Australia,Entire home/apt,1,1,80,0,,,,f,1
10001231,42829,539,42290,Australia,Private room,1,1,145,0,,,,f,1
11379105,42829,842,41987,Australia,Entire home/apt,1,1,135,59,10,10,10,f,1
15380899,42829,1135,41694,Australia,Entire home/apt,1,3,225,1,10,10,10,t,1
9870561,42829,483,42346,Australia,Private room,1,1,290,0,,,,f,1
2989668,42829,1692,41137,Australia,Entire home/apt,1,1,120,0,,,,f,1
9352867,42829,1429,41400,Australia,Entire home/apt,1,3,325,0,,,,f,1
4343296,42829,1106,41723,Australia,Shared room,1,1,100,0,,,,f,1
8374514,42829,1288,41541,Australia,Entire home/apt,1,2,180,1,6,10,8,f,1
17144978,42829,56,42773,Australia,Private room,1,1,64,0,,,,f,1
16232521,42829,429,42400,Australia,Entire home/apt,1,1,169,7,10,10,9,f,1
14384092,42830,254,42576,Australia,Entire home/apt,1,0,160,4,9,10,10,f,1
6683340,42830,671,42159,Australia,Entire home/apt,1,0,172,97,9,10,9,t,1
3434877,42830,1145,41685,Australia,Private room,1.5,1,75,62,9,9,9,f,1
13815841,42830,277,42553,Australia,Private room,1,1,250,1,2,6,2,t,1
16055397,42830,1204,41626,Australia,Private room,2,1,141,0,,,,f,1
3995688,42830,949,41881,Australia,Entire home/apt,2.5,4,1295,0,,,,f,1
16383364,42830,1093,41737,Australia,Private room,1,1,74,0,,,,f,1
11826482,42830,1036,41794,Australia,Entire home/apt,2,3,483,0,,,,f,1
6649092,42830,673,42157,Australia,Private room,1,1,50,0,,,,f,1
16427202,42830,454,42376,Australia,Entire home/apt,1,1,145,6,10,10,9,f,1
14578551,42830,863,41967,Australia,Private room,1,1,70,0,,,,f,1
15941085,42830,145,42685,Australia,Entire home/apt,2,3,480,3,10,9,9,f,1
14578476,42830,1036,41794,Australia,Entire home/apt,1,2,250,0,,,,f,1
13498110,42830,296,42534,Australia,Entire home/apt,1,1,250,3,10,10,10,f,1
9794973,42830,906,41924,Australia,Entire home/apt,1,2,198,1,10,10,10,f,1
3961882,42830,1090,41740,Australia,Entire home/apt,1,1,175,24,10,10,10,f,1
10023191,42830,476,42354,Australia,Entire home/apt,1,2,300,0,,,,f,1
13692888,42830,586,42244,Australia,Entire home/apt,1,1,171,9,9,10,10,t,1
13299540,42830,375,42455,Australia,Entire home/apt,1,1,180,11,10,10,9,f,1
9497746,42830,693,42137,Australia,Entire home/apt,1,1,166,32,10,10,10,f,1
9563125,42830,1159,41671,Australia,Entire home/apt,1,3,399,0,,,,t,1
14282741,42830,1660,41170,Australia,Entire home/apt,1,1,150,9,10,10,9,t,1
4976626,42830,835,41995,Australia,Entire home/apt,3.5,5,1100,0,,,,f,1
10414602,42830,1697,41133,Australia,Entire home/apt,3,4,950,0,,,,f,1
5499393,42830,767,42063,Australia,Entire home/apt,3,4,501,1,10,10,8,f,1
2150787,42830,1189,41641,Australia,Entire home/apt,1,1,135,63,9,10,9,t,1
16115646,42830,1209,41621,Australia,Private room,0,1,91,2,9,9,8,t,1
9693994,42830,586,42244,Australia,Entire home/apt,1,1,200,0,,,,f,1
16442646,42829,329,42500,Australia,Entire home/apt,1,1,110,3,9,10,10,t,1
17097977,42829,724,42105,Australia,Entire home/apt,1,2,285,1,10,10,10,f,1
15591548,42830,1157,41673,Australia,Entire home/apt,5,6,2642,0,,,,f,1
11068178,42829,818,42011,Australia,Private room,1,1,141,0,,,,f,1
7923368,42830,1183,41647,Australia,Entire home/apt,2.5,3,399,9,9,9,9,f,1
5760655,42830,2075,40755,Australia,Entire home/apt,2,3,222,1,10,10,10,f,1
6480301,42829,1532,41297,Australia,Entire home/apt,2.5,5,300,0,,,,f,1
7463267,42829,1812,41017,Australia,Entire home/apt,2,2,250,1,,,,f,1
14999748,42829,1682,41147,Australia,Private room,1,1,70,28,10,10,10,f,1
2285493,42829,1163,41666,Australia,Entire home/apt,3,5,399,3,10,9,9,t,1
16506600,42829,883,41946,Australia,Entire home/apt,1,1,200,6,10,9,10,f,1
5563060,42829,2200,40629,Australia,Entire home/apt,1,1,160,0,,,,f,1
15131250,42829,197,42632,Australia,Entire home/apt,1,0,230,0,,,,t,1
13951572,42829,1235,41594,Australia,Entire home/apt,1,2,300,3,9,10,8,f,1
12575244,42829,557,42272,Australia,Entire home/apt,1,2,420,1,8,10,8,f,1
17190945,42829,55,42774,Australia,Entire home/apt,1,2,200,4,10,10,10,f,1
17686626,42829,551,42278,Australia,Private room,2,1,64,0,,,,t,1
16243425,42829,121,42708,Australia,Entire home/apt,1,1,150,11,9,9,9,t,1
5593333,42829,779,42050,Australia,Private room,1,1,91,37,10,10,10,f,1
5426888,42829,772,42057,Australia,Entire home/apt,1,1,150,45,10,10,10,f,1
16570196,42829,95,42734,Australia,Entire home/apt,1,3,349,5,7,10,8,f,1
16315042,42829,746,42083,Australia,Entire home/apt,2,2,551,6,9,10,10,t,1
4379780,42829,897,41932,Australia,Entire home/apt,2,2,501,55,10,10,10,f,1
3356219,42829,1021,41808,Australia,Entire home/apt,1,1,200,3,9,10,10,f,1
9098106,42829,1035,41794,Australia,Entire home/apt,5,5,825,0,,,,f,1
16431227,42829,106,42723,Australia,Entire home/apt,1,2,200,0,,,,f,1
3265149,42829,1277,41552,Australia,Entire home/apt,1,3,166,1,8,6,6,f,1
7328315,42829,1258,41571,Australia,Entire home/apt,1,1,310,44,9,10,9,f,1
7721393,42829,752,42077,Australia,Entire home/apt,1.5,2,300,19,10,10,9,f,1
8180107,42829,1339,41490,Australia,Entire home/apt,1,1,95,7,8,9,9,f,1
14733674,42829,1179,41650,Australia,Entire home/apt,2.5,4,950,1,10,8,6,f,1
6082897,42829,715,42114,Australia,Private room,1.5,1,91,5,10,9,10,t,1
8311054,42829,587,42242,Australia,Entire home/apt,1,2,95,0,,,,f,1
5230806,42829,1344,41485,Australia,Entire home/apt,1,2,130,5,9,10,9,f,1
1822922,42829,1262,41567,Australia,Entire home/apt,1,1,219,29,10,10,9,f,1
12505291,42829,399,42430,Australia,Entire home/apt,2,3,349,0,,,,f,1
15846746,42829,483,42346,Australia,Entire home/apt,1,0,110,1,10,10,10,f,1
16044044,42829,135,42694,Australia,Entire home/apt,1,1,130,5,10,10,10,f,1
6836139,42829,660,42169,Australia,Private room,1,1,50,6,8,9,10,t,1
15454069,42829,611,42218,Australia,Entire home/apt,2,3,570,1,10,10,10,f,1
16044560,42829,545,42284,Australia,Entire home/apt,1,1,150,0,,,,f,1
5231109,42829,793,42036,Australia,Entire home/apt,1,1,85,2,8,10,9,f,1
446974,42829,1805,41024,Australia,Entire home/apt,2,1,150,3,9,10,10,f,1
4968174,42829,982,41847,Australia,Private room,1.5,1,290,0,,,,f,1
14077637,42829,630,42199,Australia,Entire home/apt,2.5,3,950,1,8,10,10,f,1
8801901,42829,543,42286,Australia,Entire home/apt,1,2,194,46,10,10,10,f,1
17911278,42829,9,42820,Australia,Private room,1,1,80,0,,,,t,1
16163528,42829,1105,41724,Australia,Entire home/apt,1,1,100,1,10,10,10,f,1
5426619,42829,772,42057,Australia,Entire home/apt,1,1,150,1,10,10,10,f,1
12799320,42829,394,42435,Australia,Entire home/apt,1,3,286,0,,,,f,1
17779850,42829,17,42812,Australia,Private room,1,1,105,0,,,,t,1
9620538,42829,497,42332,Australia,Private room,1,1,100,2,10,10,10,f,1
16042949,42829,869,41960,Australia,Private room,1,1,102,1,10,10,10,f,1
15649712,42829,162,42667,Australia,Entire home/apt,1,1,150,15,10,10,10,f,1
9718664,42829,491,42338,Australia,Entire home/apt,1,1,198,1,10,10,10,f,1
17287890,42829,47,42782,Australia,Private room,1,1,50,1,8,8,10,t,1
16042702,42829,1083,41746,Australia,Entire home/apt,1,1,180,3,9,10,10,f,1
16370374,42829,2057,40772,Australia,Entire home/apt,1,1,135,1,10,10,10,f,1
15649466,42829,42829,,Australia,Entire home/apt,1,1,138,7,10,10,10,f,1
11978008,42829,378,42451,Australia,Private room,1,1,55,17,10,10,10,f,1
15647993,42829,1492,41337,Australia,Entire home/apt,1,1,120,0,,,,f,1
14917826,42829,1051,41778,Australia,Entire home/apt,2.5,3,259,3,10,10,9,f,1
14795901,42829,588,42241,Australia,Entire home/apt,1.5,4,501,0,,,,f,1
16303122,42829,1659,41170,Australia,Entire home/apt,1,3,296,3,9,9,8,f,1
11191291,42829,690,42139,Australia,Entire home/apt,1,0,175,40,10,10,9,t,1
15846381,42829,518,42311,Australia,Entire home/apt,2,3,395,1,10,8,10,f,1
2999187,42829,1061,41768,Australia,Entire home/apt,2.5,4,1100,2,10,10,10,f,1
16434023,42829,359,42470,Australia,Private room,1,1,80,1,8,10,8,f,1
17482528,42829,301,42528,Australia,Private room,1,1,60,2,10,10,10,t,1
12370710,42829,1229,41600,Australia,Private room,1,1,85,10,10,10,10,t,1
13552413,42829,779,42050,Australia,Private room,1,1,53,22,10,10,10,f,1
10601123,42829,452,42377,Australia,Entire home/apt,1,2,349,0,,,,f,1
8241813,42829,663,42166,Australia,Entire home/apt,2,2,300,0,,,,f,1
16042502,42829,824,42005,Australia,Private room,1,1,75,1,10,10,10,f,1
5720588,42829,747,42082,Australia,Entire home/apt,1,1,166,0,,,,f,1
14207485,42829,1510,41319,Australia,Entire home/apt,2,2,300,2,10,10,10,f,1
9685498,42829,493,42336,Australia,Entire home/apt,3,5,423,0,,,,f,1
12765565,42829,340,42489,Australia,Entire home/apt,1,2,250,28,9,10,9,f,1
4573501,42829,1158,41671,Australia,Entire home/apt,1,2,200,0,,,,f,1
9980113,42829,867,41962,Australia,Entire home/apt,1,1,225,1,8,10,8,f,1
9816220,42829,1068,41761,Australia,Entire home/apt,1,2,371,0,,,,f,1
2105711,42829,1201,41628,Australia,Entire home/apt,1,2,260,4,10,10,10,f,1
16468082,42829,1155,41674,Australia,Entire home/apt,2,4,800,0,,,,f,1
4388049,42829,897,41932,Australia,Entire home/apt,1,1,100,2,2,8,4,t,1
8570872,42829,1288,41541,Australia,Private room,1,1,80,23,9,10,9,f,1
15878091,42829,806,42023,Australia,Private room,1,1,99,1,10,10,10,t,1
4311676,42829,907,41922,Australia,Entire home/apt,2,5,895,1,,,,f,1
2705344,42829,1589,41240,Australia,Entire home/apt,1.5,1,330,1,10,10,8,f,1
8603579,42829,1673,41156,Australia,Entire home/apt,2,4,650,1,8,10,10,f,1
5818290,42829,1167,41662,Australia,Private room,2,1,88,3,9,9,7,f,1
15845168,42829,506,42323,Australia,Entire home/apt,1,1,219,3,10,10,10,f,1
1558206,42829,1322,41507,Australia,Entire home/apt,2,3,399,16,10,9,9,f,1
5948981,42829,1617,41212,Australia,Entire home/apt,1,0,271,0,,,,f,1
15791690,42829,1176,41653,Australia,Entire home/apt,1,2,240,3,9,10,10,f,1
7423332,42829,780,42049,Australia,Entire home/apt,4.5,5,2500,0,,,,f,1
1821580,42829,1262,41567,Australia,Entire home/apt,1,3,650,3,8,10,9,f,1
4932916,42829,2652,40177,Australia,Private room,1,1,64,42,9,9,10,f,1
12764477,42829,1230,41599,Australia,Private room,1,1,60,3,9,10,10,f,1
10070629,42829,1951,40878,Australia,Entire home/apt,1,2,330,0,,,,f,1
17547828,42829,1195,41634,Australia,Entire home/apt,1,1,180,0,,,,t,1
15647062,42829,1659,41170,Australia,Entire home/apt,1,3,325,0,,,,f,1
9814305,42829,895,41934,Australia,Entire home/apt,1,1,160,6,8,9,8,t,1
4892870,42829,1539,41290,Australia,Private room,1,1,79,6,10,10,10,f,1
9847728,42829,924,41905,Australia,Entire home/apt,1,1,169,0,,,,f,1
12173267,42829,1135,41694,Australia,Entire home/apt,1,1,141,6,10,10,10,f,1
4767709,42829,1581,41248,Australia,Entire home/apt,1,2,250,3,10,10,10,f,1
8866465,42829,540,42289,Australia,Entire home/apt,2,5,349,6,8,10,8,f,1
16859045,42829,300,42529,Australia,Private room,1,1,125,0,,,,f,1
13942657,42829,280,42549,Australia,Entire home/apt,1,2,205,15,9,9,9,f,1
2473783,42829,1240,41589,Australia,Private room,1,1,100,19,9,10,9,f,1
4701850,42829,857,41972,Australia,Entire home/apt,1,2,125,10,10,10,10,f,1
14794246,42829,1785,41044,Australia,Entire home/apt,2,3,275,5,10,10,10,f,1
10730910,42829,1659,41170,Australia,Entire home/apt,1,0,150,22,10,10,9,t,1
9944431,42829,1756,41073,Australia,Entire home/apt,1,2,135,8,9,10,9,f,1
1752428,42829,1592,41237,Australia,Entire home/apt,1.5,3,230,5,10,9,9,f,1
4388047,42829,1427,41402,Australia,Entire home/apt,3,3,360,4,10,10,10,f,1
12434604,42829,355,42474,Australia,Entire home/apt,1,1,105,0,,,,f,1
10075286,42829,727,42102,Australia,Private room,1,1,191,0,,,,f,1
13089923,42829,431,42398,Australia,Private room,1,1,58,0,,,,f,1
5971792,42829,1506,41323,Australia,Entire home/apt,2,4,300,0,,,,f,1
9223978,42829,546,42283,Australia,Entire home/apt,1,3,399,3,9,10,9,f,1
8175286,42829,1377,41452,Australia,Entire home/apt,1,1,91,0,,,,f,1
16431751,42829,1405,41424,Australia,Entire home/apt,1,1,349,0,,,,t,1
2607543,42829,1111,41718,Australia,Entire home/apt,1,1,219,1,10,10,10,f,1
11975221,42829,378,42451,Australia,Entire home/apt,2,4,451,0,,,,f,1
7584257,42829,616,42213,Australia,Entire home/apt,1.5,3,250,5,8,9,8,f,1
10297066,42829,1120,41709,Australia,Entire home/apt,1,1,250,16,10,10,9,f,1
3258544,42829,1033,41796,Australia,Entire home/apt,2.5,3,399,6,10,10,9,f,1
9943215,42829,480,42349,Australia,Entire home/apt,2,3,399,0,,,,f,1
4759235,42829,856,41973,Australia,Entire home/apt,1,2,349,8,10,10,9,f,1
9615487,42829,897,41932,Australia,Entire home/apt,2,2,89,2,10,9,10,f,1
4896821,42829,831,41998,Australia,Entire home/apt,1,1,300,0,,,,f,1
9616304,42829,1327,41502,Australia,Private room,1,1,39,1,,,,f,1
4766592,42829,849,41980,Australia,Entire home/apt,1.5,2,296,4,10,9,9,f,1
15645455,42829,223,42606,Australia,Entire home/apt,1,1,180,16,9,10,9,t,1
4504304,42829,881,41948,Australia,Entire home/apt,1,2,148,4,10,10,10,f,1
14158069,42829,254,42575,Australia,Entire home/apt,1,1,180,0,,,,f,1
16364960,42829,630,42199,Australia,Entire home/apt,1,2,198,1,10,10,10,f,1
6337801,42829,746,42083,Australia,Entire home/apt,2,2,217,70,9,10,9,t,1
17610013,42829,797,42032,Australia,Private room,1.5,2,80,0,,,,t,1
15972735,42829,141,42688,Australia,Entire home/apt,2,2,169,1,,,,t,1
4895977,42829,992,41837,Australia,Entire home/apt,2,3,650,13,9,9,9,f,1
9548882,42829,1719,41110,Australia,Entire home/apt,1,3,200,5,10,10,10,f,1
6337564,42829,746,42083,Australia,Entire home/apt,1,1,150,59,9,10,9,t,1
17347500,42829,44,42785,Australia,Entire home/apt,1,2,200,0,,,,f,1
13349764,42829,1310,41519,Australia,Entire home/apt,2,2,399,2,9,10,10,f,1
14858050,42829,607,42222,Australia,Entire home/apt,1,1,180,6,10,10,10,f,1
5196082,42829,796,42033,Australia,Entire home/apt,1,1,200,34,10,10,9,f,1
9221866,42829,1343,41486,Australia,Entire home/apt,1,1,180,5,10,9,9,f,1
833232,42829,1577,41252,Australia,Entire home/apt,2,4,280,3,9,10,10,f,1
10073759,42829,635,42194,Australia,Entire home/apt,1,1,91,21,10,10,10,f,1
4372102,42829,1194,41635,Australia,Entire home/apt,1,2,296,6,10,10,10,f,1
16365162,42829,112,42717,Australia,Private room,1,1,55,0,,,,t,1
16430686,42829,525,42304,Australia,Private room,1,,53,4,5,7,5,f,1
11716659,42829,2201,40628,Australia,Private room,1,1,100,0,,,,f,1
4569066,42829,873,41956,Australia,Entire home/apt,3,4,775,9,9,10,10,f,1
11909076,42829,382,42447,Australia,Entire home/apt,3,4,757,1,10,10,8,f,1
8107922,42829,2201,40628,Australia,Entire home/apt,1,1,135,4,10,10,10,f,1
9680773,42829,494,42335,Australia,Private room,2,1,200,0,,,,f,1
17347811,42829,245,42584,Australia,Private room,1,2,85,3,10,10,10,t,1
1945376,42829,1329,41500,Australia,Entire home/apt,4,4,1500,2,9,10,10,f,1
13348622,42829,305,42524,Australia,Entire home/apt,1.5,3,501,5,8,10,9,f,1
9678553,42829,1054,41775,Australia,Entire home/apt,1,2,250,0,,,,f,1
15969931,42829,931,41898,Australia,Entire home/apt,1,2,321,2,10,10,10,f,1
16232055,42829,899,41930,Australia,Entire home/apt,2,3,321,2,10,10,9,t,1
16232033,42829,121,42708,Australia,Entire home/apt,3,3,1980,0,,,,t,1
11244490,42829,1218,41611,Australia,Entire home/apt,1,1,150,7,8,9,9,f,1
1684243,42829,1294,41535,Australia,Entire home/apt,3,4,480,3,10,10,10,f,1
2142952,42829,1208,41621,Australia,Private room,1,1,105,1,,,,t,1
9941541,42829,491,42338,Australia,Entire home/apt,2,3,275,3,9,10,9,f,1
8958442,42829,1265,41564,Australia,Entire home/apt,1,2,175,11,10,9,10,f,1
13349355,42829,1394,41435,Australia,Entire home/apt,2.5,4,1500,1,10,10,10,f,1
9411781,42829,1035,41794,Australia,Entire home/apt,1,3,385,1,10,10,8,t,1
6532245,42829,1505,41324,Australia,Entire home/apt,1,2,219,4,9,10,10,f,1
5221503,42829,1612,41217,Australia,Entire home/apt,1,2,200,7,10,9,10,f,1
9350256,42829,513,42316,Australia,Entire home/apt,1,1,225,1,10,10,10,f,1
9415729,42829,869,41960,Australia,Entire home/apt,3,3,300,0,,,,f,1
16099986,42829,432,42397,Australia,Entire home/apt,1,2,200,0,,,,t,1
7875194,42829,599,42230,Australia,Entire home/apt,1,2,321,2,9,10,10,f,1
13871667,42829,272,42557,Australia,Entire home/apt,2.5,3,349,1,10,10,10,f,1
9415204,42829,786,42043,Australia,Entire home/apt,2,3,600,3,10,9,9,f,1
633322,42829,1704,41125,Australia,Entire home/apt,1,2,225,49,10,10,9,f,1
5876117,42829,1163,41666,Australia,Entire home/apt,2,3,420,2,10,10,9,f,1
13085062,42829,1051,41778,Australia,Entire home/apt,2,2,289,4,7,10,10,f,1
17608161,42829,28,42801,Australia,Private room,1,1,110,0,,,,f,1
1224120,42829,1403,41426,Australia,Entire home/apt,1,0,145,1,8,8,6,f,1
9481660,42829,1176,41653,Australia,Private room,2,1,70,1,10,10,6,f,1
14658862,42829,916,41913,Australia,Entire home/apt,1.5,2,315,1,10,10,10,t,1
2075926,42829,1256,41573,Australia,Entire home/apt,1,1,196,10,9,10,9,f,1
3321090,42829,1025,41804,Australia,Entire home/apt,1,2,116,3,9,9,9,f,1
15903943,42829,690,42139,Australia,Entire home/apt,1,1,187,3,10,10,10,t,1
3844255,42829,1110,41719,Australia,Private room,1,1,100,9,10,10,10,f,1
10659835,42829,579,42250,Australia,Entire home/apt,1,2,156,3,8,8,9,f,1
15904262,42829,239,42590,Australia,Private room,1,1,250,0,,,,t,1
928416,42829,1912,40917,Australia,Entire home/apt,1,2,349,4,6,8,6,t,1
7645844,42829,1135,41694,Australia,Entire home/apt,2,2,321,41,10,10,10,t,1
14788444,42829,2048,40781,Australia,Entire home/apt,1,1,180,8,9,9,8,f,1
15834031,42829,932,41897,Australia,Entire home/apt,1,1,200,1,8,10,8,f,1
3319288,42829,1139,41690,Australia,Entire home/apt,1,2,250,17,10,10,9,f,1
10525604,42829,449,42380,Australia,Entire home/apt,2,2,346,1,10,10,10,f,1
7117728,42829,962,41867,Australia,Entire home/apt,1.5,2,74,2,10,10,10,f,1
16098725,42829,1644,41185,Australia,Entire home/apt,1,1,150,1,,,,f,1
10004793,42829,1241,41588,Australia,Entire home/apt,1.5,3,91,6,9,9,9,t,1
3578165,42829,997,41832,Australia,Entire home/apt,2,2,137,2,10,9,9,f,1
9282706,42829,998,41831,Australia,Private room,0.5,1,63,0,,,,f,1
894042,42829,1537,41292,Australia,Entire home/apt,2,3,300,0,,,,f,1
10101841,42829,1144,41685,Australia,Entire home/apt,1.5,2,250,0,,,,f,1
9610316,42829,2201,40628,Australia,Entire home/apt,1,0,131,5,9,10,9,f,1
16557053,42829,300,42529,Australia,Entire home/apt,2,3,355,2,10,9,9,f,1
14984088,42829,850,41979,Australia,Entire home/apt,1,1,300,1,10,10,8,f,1
17344268,42829,558,42271,Australia,Entire home/apt,2,3,419,5,10,10,10,t,1
14919422,42829,1659,41170,Australia,Entire home/apt,1,0,75,4,10,10,10,t,1
11871105,42829,384,42445,Australia,Entire home/apt,1,1,250,3,9,10,9,f,1
13214432,42829,1353,41476,Australia,Private room,1,1,110,1,10,10,10,f,1
16589359,42829,1038,41791,Australia,Private room,1,1,100,1,10,10,8,f,1
1778956,42829,1277,41552,Australia,Entire home/apt,1,3,191,64,9,10,10,f,1
894181,42829,1536,41293,Australia,Entire home/apt,1,0,141,38,9,10,9,f,1
3843294,42829,968,41861,Australia,Entire home/apt,5,5,800,0,,,,f,1
15901910,42829,1232,41597,Australia,Entire home/apt,1,2,300,3,10,10,10,t,1
17909157,42829,217,42612,Australia,Shared room,1,1,50,0,,,,t,1
8129207,42829,606,42223,Australia,Private room,1,1,91,0,,,,f,1
13934982,42829,779,42050,Australia,Private room,1,2,120,1,6,8,8,f,1
15376675,42829,379,42450,Australia,Entire home/apt,1,2,315,1,,,,t,1
2269464,42829,2143,40686,Australia,Entire home/apt,1.5,3,150,3,10,10,10,f,1
3580130,42829,1215,41614,Australia,Entire home/apt,1,1,150,2,8,10,8,f,1
8396994,42829,567,42262,Australia,Entire home/apt,2,4,420,0,,,,f,1
11969378,42829,1159,41670,Australia,Entire home/apt,1,1,150,1,10,10,10,f,1
3087613,42829,1051,41778,Australia,Entire home/apt,1,1,166,27,10,10,10,f,1
8690461,42829,550,42279,Australia,Entire home/apt,3,3,470,0,,,,f,1
2136796,42829,1191,41638,Australia,Entire home/apt,1,1,141,1,10,10,10,t,1
17275568,42829,770,42059,Australia,Entire home/apt,1.5,2,359,0,,,,f,1
14391952,42829,666,42163,Australia,Entire home/apt,1,2,250,0,,,,f,1
3448912,42829,1305,41524,Australia,Entire home/apt,2,3,184,0,,,,f,1
4431882,42829,891,41938,Australia,Private room,1,1,43,17,10,10,10,t,1
4792177,42829,1469,41360,Australia,Entire home/apt,1,2,225,58,9,10,9,f,1
4824724,42829,873,41956,Australia,Entire home/apt,1,2,91,0,,,,f,1
2268659,42829,1167,41662,Australia,Private room,2,1,66,3,7,9,5,t,1
4987110,42829,822,42007,Australia,Entire home/apt,1,1,148,68,10,10,10,f,1
4496370,42829,1321,41508,Australia,Private room,1,1,79,38,10,9,10,f,1
9673660,42829,743,42086,Australia,Entire home/apt,1,1,189,14,10,10,10,f,1
16260018,42829,1659,41170,Australia,Entire home/apt,1,2,225,1,10,10,10,f,1
4888070,42829,848,41981,Australia,Entire home/apt,1,2,150,6,9,10,10,f,1
8296892,42829,746,42083,Australia,Entire home/apt,1,1,91,30,9,10,9,t,1
1350061,42829,1367,41462,Australia,Entire home/apt,2.5,4,775,0,,,,f,1
9738609,42829,491,42338,Australia,Entire home/apt,1,2,225,10,9,10,9,f,1
17175943,42829,1040,41789,Australia,Private room,1.5,1,60,0,,,,f,1
7641683,42829,668,42161,Australia,Entire home/apt,1,2,180,2,9,10,9,f,1
15522117,42829,678,42151,Australia,Entire home/apt,2,5,501,2,10,10,10,f,1
8558410,42829,557,42272,Australia,Private room,3,1,70,0,,,,f,1
4624812,42829,867,41962,Australia,Entire home/apt,2,2,139,63,8,10,9,t,1
5281228,42829,791,42038,Australia,Private room,2.5,1,100,5,9,10,10,f,1
4624359,42829,880,41949,Australia,Entire home/apt,2.5,4,991,0,,,,f,1
16257866,42829,139,42690,Australia,Private room,1,1,120,1,6,10,10,f,1
13047753,42829,325,42504,Australia,Entire home/apt,1,1,99,1,,,,t,1
15832969,42829,985,41844,Australia,Entire home/apt,1,3,300,1,10,10,10,f,1
103395,42829,2169,40660,Australia,Private room,2.5,1,185,54,10,9,9,f,1
14520479,42829,306,42523,Australia,Entire home/apt,1,2,230,24,10,10,10,f,1
15514919,42829,708,42121,Australia,Entire home/apt,1,2,200,15,10,10,10,f,1
11931773,42829,380,42449,Australia,Entire home/apt,1,0,88,0,,,,f,1
17533411,42829,845,41984,Australia,Entire home/apt,2,0,700,0,,,,f,1
14322123,42829,357,42472,Australia,Entire home/apt,1,1,501,0,,,,f,1
11046465,42829,746,42083,Australia,Entire home/apt,2,2,298,45,9,10,9,t,1
7638582,42829,637,42192,Australia,Entire home/apt,1,2,150,5,9,10,9,f,1
16616848,42829,710,42119,Australia,Private room,1,1,70,2,10,9,9,t,1
14323077,42829,1624,41205,Australia,Entire home/apt,1,1,451,1,10,10,10,f,1
2001182,42829,1223,41606,Australia,Entire home/apt,1,2,250,0,,,,f,1
9734069,42829,491,42338,Australia,Private room,1,1,80,0,,,,f,1
10389247,42829,1392,41437,Australia,Entire home/apt,1.5,3,169,9,9,10,9,f,1
15633120,42829,1575,41254,Australia,Entire home/apt,1,3,280,0,,,,f,1
3638976,42829,1140,41689,Australia,Entire home/apt,1,2,349,51,9,10,9,f,1
3442385,42829,1012,41817,Australia,Entire home/apt,1,2,137,1,6,8,8,f,1
15634075,42829,909,41920,Australia,Entire home/apt,1,2,300,2,10,9,10,f,1
15566983,42829,603,42226,Australia,Entire home/apt,1,0,150,7,10,10,9,f,1
7440498,42829,1156,41673,Australia,Entire home/apt,2.5,3,2060,0,,,,f,1
9497576,42829,740,42089,Australia,Entire home/apt,1,2,346,0,,,,t,1
15685161,42829,1518,41311,Australia,Entire home/apt,1,2,300,1,10,10,10,f,1
754387,42829,1622,41207,Australia,Entire home/apt,1,3,295,15,9,10,9,f,1
7569923,42829,617,42212,Australia,Entire home/apt,4,6,950,5,10,10,9,f,1
16351123,42829,408,42421,Australia,Private room,1.5,1,100,0,,,,f,1
16678642,42829,1091,41738,Australia,Private room,1,1,90,0,,,,f,1
17924269,42829,624,42205,Australia,Entire home/apt,1,0,130,0,,,,f,1
13157942,42829,316,42513,Australia,Entire home/apt,1,2,170,0,,,,f,1
16218980,42829,123,42706,Australia,Entire home/apt,2.5,2,201,0,,,,f,1
8616548,42829,554,42275,Australia,Entire home/apt,1,1,94,1,10,,,f,1
16415097,42829,1350,41479,Australia,Entire home/apt,1,2,105,1,10,10,8,f,1
15104311,42829,492,42337,Australia,Private room,1,1,100,0,,,,f,1
16074636,42829,393,42436,Australia,Private room,1,1,69,2,10,10,9,f,1
13335506,42829,306,42523,Australia,Entire home/apt,2.5,3,430,2,10,10,10,t,1
7665107,42829,819,42010,Australia,Entire home/apt,2.5,2,350,0,,,,f,1
9336254,42829,1321,41508,Australia,Private room,1,1,100,30,10,10,10,f,1
9204994,42829,520,42309,Australia,Entire home/apt,1,2,250,2,7,10,9,f,1
14761503,42829,827,42002,Australia,Entire home/apt,1,1,168,2,,,,f,1
14579169,42829,252,42577,Australia,Entire home/apt,3.5,5,1500,0,,,,t,1
17592048,42829,809,42020,Australia,Entire home/apt,3,4,1800,0,,,,f,1
17533218,42829,1015,41814,Australia,Entire home/apt,2,2,215,0,,,,f,1
5126717,42829,804,42025,Australia,Private room,1,1,105,26,10,10,10,f,1
17983936,42828,221,42607,Australia,Private room,2,1,75,0,,,,f,1
2255280,42828,1294,41534,Australia,Entire home/apt,1,2,250,50,10,10,9,f,1
13199799,42828,1229,41599,Australia,Private room,1,1,66,2,10,10,10,f,1
4419970,42828,1862,40966,Australia,Entire home/apt,1,2,115,1,10,10,10,f,1
7956662,42828,593,42235,Australia,Entire home/apt,3,4,350,1,10,10,10,f,1
7039955,42828,645,42183,Australia,Entire home/apt,3,4,750,3,10,9,10,f,1
1271772,42828,1388,41440,Australia,Entire home/apt,1,2,180,6,9,10,10,f,1
6186828,42828,707,42121,Australia,Entire home/apt,1,2,165,1,,,,t,1
9266895,42828,817,42011,Australia,Entire home/apt,1,1,290,0,,,,f,1
12819560,42828,488,42340,Australia,Entire home/apt,1.5,1,100,0,,,,f,1
14968400,42828,1658,41170,Australia,Entire home/apt,1,1,149,6,10,10,8,f,1
8392955,42828,781,42047,Australia,Entire home/apt,2.5,3,325,3,10,9,9,f,1
1270967,42828,1389,41439,Australia,Entire home/apt,2,4,300,2,10,7,7,t,1
4590307,42828,2691,40137,Australia,Entire home/apt,1,0,145,2,8,9,9,f,1
15360982,42828,181,42647,Australia,Entire home/apt,4.5,5,495,3,9,10,10,f,1
8806530,42828,1391,41437,Australia,Private room,1.5,1,69,55,9,10,9,t,1
506549,42828,1770,41058,Australia,Private room,2,1,90,6,10,10,10,f,1
14061229,42828,259,42569,Australia,Entire home/apt,2,3,579,1,10,10,10,f,1
17981181,42828,1292,41536,Australia,Entire home/apt,1,1,176,0,,,,t,1
2071793,42828,1335,41493,Australia,Private room,1,1,121,1,6,8,10,f,1
13852212,42828,458,42370,Australia,Entire home/apt,1,1,220,19,10,10,10,f,1
2448898,42828,1134,41694,Australia,Entire home/apt,2,2,320,32,10,9,9,f,1
4218338,42828,918,41910,Australia,Entire home/apt,1,1,225,37,10,10,9,f,1
1793879,42828,2021,40807,Australia,Entire home/apt,1,1,149,1,10,10,10,f,1
15032141,42828,1674,41154,Australia,Entire home/apt,1,1,160,4,9,9,10,f,1
10705522,42828,1658,41170,Australia,Entire home/apt,1,0,149,20,10,10,9,t,1
6773243,42828,663,42165,Australia,Entire home/apt,3,3,250,0,,,,f,1
17848820,42828,12,42816,Australia,Entire home/apt,2,4,294,0,,,,t,1
5069402,42828,1387,41441,Australia,Entire home/apt,1,1,107,3,10,9,9,f,1
13851225,42828,603,42225,Australia,Private room,1,1,69,0,,,,f,1
15290065,42828,1645,41183,Australia,Entire home/apt,1,1,180,10,10,10,9,t,1
3337444,42828,1022,41806,Australia,Entire home/apt,1,2,250,3,10,10,10,f,1
11423923,42828,643,42185,Australia,Private room,1.5,1,60,0,,,,t,1
15552640,42828,168,42660,Australia,Entire home/apt,2,4,686,11,9,10,9,f,1
10375179,42828,1391,41437,Australia,Private room,1,1,115,27,9,10,9,t,1
13914132,42828,855,41973,Australia,Private room,1,1,62,0,,,,f,1
15486968,42828,540,42288,Australia,Private room,1,1,80,4,10,10,10,f,1
15749105,42828,155,42673,Australia,Entire home/apt,1,1,140,2,10,10,10,f,1
2379710,42828,1183,41645,Australia,Entire home/apt,1,1,180,26,10,10,10,f,1
9261531,42828,553,42275,Australia,Private room,1,1,149,0,,,,f,1
15677410,42828,1134,41694,Australia,Entire home/apt,2,4,590,1,8,10,10,f,1
9650342,42828,1126,41702,Australia,Entire home/apt,1.5,3,195,2,10,10,10,f,1
9415176,42828,1437,41391,Australia,Entire home/apt,2,2,250,1,4,8,6,f,1
472566,42828,1789,41039,Australia,Entire home/apt,1,2,210,25,9,9,9,f,1
14431809,42828,1736,41092,Australia,Entire home/apt,1,1,75,1,8,8,8,f,1
908809,42828,1527,41301,Australia,Private room,1,1,125,106,10,10,10,t,1
8990196,42828,532,42296,Australia,Private room,1,1,110,4,9,10,10,t,1
17460680,42828,159,42669,Australia,Entire home/apt,1,1,180,2,10,10,10,t,1
9316126,42828,778,42050,Australia,Entire home/apt,1,2,400,2,10,10,10,f,1
14034076,42828,1391,41437,Australia,Private room,1.5,1,90,8,9,10,8,t,1
6824022,42828,1319,41509,Australia,Entire home/apt,4.5,5,750,0,,,,f,1
2565041,42828,1116,41712,Australia,Entire home/apt,1,3,769,3,8,9,9,f,1
794508,42828,1597,41231,Australia,Entire home/apt,3,5,1199,2,10,10,10,f,1
1187080,42828,1415,41413,Australia,Entire home/apt,1,1,180,23,10,9,9,f,1
11214072,42828,1215,41613,Australia,Entire home/apt,1,2,300,5,6,9,7,f,1
16571152,42828,1534,41294,Australia,Private room,1,1,90,1,4,8,8,f,1
9772749,42828,868,41960,Australia,Entire home/apt,2,2,250,0,,,,f,1
5527924,42828,1066,41762,Australia,Entire home/apt,2,3,380,1,6,10,8,f,1
2185816,42828,1180,41648,Australia,Private room,1,1,169,17,9,10,9,f,1
16456191,42828,310,42518,Australia,Entire home/apt,1,0,185,14,10,10,10,t,1
17375768,42828,1030,41798,Australia,Private room,1,1,80,1,10,10,10,f,1
1122772,42828,1692,41136,Australia,Entire home/apt,1,1,180,5,10,10,10,f,1
15931505,42828,236,42592,Australia,Entire home/apt,2,4,551,5,10,10,10,t,1
15210604,42828,652,42176,Australia,Private room,1,1,90,0,,,,t,1
3518136,42828,1002,41826,Australia,Entire home/apt,1,2,235,43,10,10,9,f,1
16783408,42828,799,42029,Australia,Entire home/apt,3.5,5,600,0,,,,f,1
4396902,42828,1513,41315,Australia,Entire home/apt,2,2,210,0,,,,f,1
16520931,42828,98,42730,Australia,Private room,1.5,3,71,0,,,,t,1
17504597,42828,760,42068,Australia,Private room,1,1,72,0,,,,f,1
8720086,42828,547,42281,Australia,Entire home/apt,2,4,893,8,8,9,8,f,1
3870394,42828,964,41864,Australia,Entire home/apt,1,1,100,3,9,10,10,f,1
16125604,42828,1330,41498,Australia,Entire home/apt,2,2,300,0,,,,f,1
12324502,42828,530,42298,Australia,Entire home/apt,2,4,1250,0,,,,f,1
15142492,42828,1630,41198,Australia,Entire home/apt,2,2,250,1,10,10,10,f,1
9700340,42828,959,41869,Australia,Private room,1,1,66,3,8,10,9,f,1
4904872,42828,1940,40888,Australia,Private room,1,1,149,0,,,,f,1
15536458,42828,289,42539,Australia,Entire home/apt,1,2,300,0,,,,f,1
6033723,42828,718,42110,Australia,Private room,1,1,100,18,9,10,9,t,1
8720139,42828,549,42279,Australia,Entire home/apt,2,2,370,0,,,,f,1
6426355,42828,1037,41791,Australia,Entire home/apt,1,1,185,1,10,10,10,f,1
4919014,42828,826,42002,Australia,Entire home/apt,1,1,256,11,10,10,10,t,1
17175676,42828,603,42225,Australia,Entire home/apt,4,5,1250,0,,,,t,1
11342933,42828,1345,41483,Australia,Entire home/apt,2,5,495,2,10,10,9,f,1
1184719,42828,1414,41414,Australia,Private room,2,1,149,6,9,10,9,f,1
1184688,42828,1414,41414,Australia,Entire home/apt,2,2,275,13,9,10,10,f,1
15471368,42828,1367,41461,Australia,Entire home/apt,1,2,478,23,10,10,10,t,1
10193496,42828,464,42364,Australia,Entire home/apt,3,4,300,0,,,,f,1
5379360,42828,1244,41584,Australia,Entire home/apt,1,1,131,0,,,,f,1
16454890,42828,1226,41602,Australia,Private room,1,1,100,1,10,10,10,f,1
13806947,42828,756,42072,Australia,Private room,1.5,1,75,2,9,10,10,f,1
7014683,42828,647,42181,Australia,Entire home/apt,3,5,650,0,,,,f,1
12211761,42828,740,42088,Australia,Entire home/apt,3.5,4,413,0,,,,f,1
9831571,42828,484,42344,Australia,Entire home/apt,2,3,400,4,9,10,9,f,1
5347383,42828,1515,41313,Australia,Entire home/apt,2.5,3,750,0,,,,f,1
16974941,42828,1218,41610,Australia,Entire home/apt,1,1,195,2,7,9,7,t,1
5571547,42828,1120,41708,Australia,Entire home/apt,1,1,121,14,8,10,10,f,1
9700156,42828,850,41978,Australia,Entire home/apt,1,2,180,13,9,10,9,f,1
7734449,42828,745,42083,Australia,Entire home/apt,1,1,176,40,9,10,9,t,1
13238770,42828,1427,41401,Australia,Entire home/apt,1,2,330,1,10,10,10,f,1
17301978,42828,910,41918,Australia,Entire home/apt,2,2,149,0,,,,t,1
9437632,42828,507,42321,Australia,Entire home/apt,2,4,625,0,,,,f,1
12190420,42828,1456,41372,Australia,Entire home/apt,1.5,1,100,1,10,10,10,f,1
1704656,42828,1288,41540,Australia,Entire home/apt,2.5,4,695,3,10,10,10,f,1
10027193,42828,745,42083,Australia,Entire home/apt,1,1,163,50,9,10,9,t,1
9783078,42828,946,41882,Australia,Private room,1,1,66,2,10,10,10,t,1
4849756,42828,838,41990,Australia,Entire home/apt,2,4,901,3,10,10,9,f,1
9240661,42828,519,42309,Australia,Entire home/apt,1.5,3,499,1,8,6,4,t,1
4325424,42828,1320,41508,Australia,Entire home/apt,1.5,2,300,1,10,8,10,f,1
1048608,42828,2199,40629,Australia,Entire home/apt,1,1,170,10,9,10,9,f,1
16056334,42828,1000,41828,Australia,Entire home/apt,1,2,182,0,,,,f,1
13333143,42829,306,42523,Australia,Entire home/apt,1,0,191,10,10,10,10,f,1
9959154,42830,1284,41546,Australia,Entire home/apt,1,2,135,0,,,,f,1
14253858,42830,787,42043,Australia,Entire home/apt,1,1,141,24,9,10,10,t,1
16355929,42830,346,42484,Australia,Private room,1,1,80,1,10,10,10,t,1
17753761,42830,550,42280,Australia,Private room,1,1,120,1,10,10,10,f,1
1004363,42828,1491,41337,Australia,Private room,1.5,1,94,0,,,,f,1
6939886,42829,1152,41677,Australia,Private room,1,1,55,0,,,,f,1
16711244,42830,973,41857,Australia,Entire home/apt,2.5,2,280,1,10,10,10,t,1
10025563,42830,476,42354,Australia,Private room,2,1,45,3,7,9,9,f,1
2016367,42829,1539,41290,Australia,Entire home/apt,1,2,159,35,9,10,9,t,1
14282306,42830,787,42043,Australia,Entire home/apt,1,1,160,7,10,10,10,f,1
11723413,42829,612,42217,Australia,Private room,1,1,100,12,9,10,9,t,1
2112418,42829,1198,41631,Australia,Entire home/apt,1,2,250,16,10,10,9,f,1
9356682,42829,1778,41051,Australia,Private room,2,1,89,2,10,9,9,f,1
11387388,42829,1454,41375,Australia,Private room,2,1,85,1,,,,f,1
13770205,42829,1794,41035,Australia,Entire home/apt,1,1,142,36,10,10,10,f,1
5896392,42830,731,42099,Australia,Entire home/apt,1,1,109,3,9,10,9,f,1
17659161,42830,613,42217,Australia,Entire home/apt,1,1,148,1,10,10,10,f,1
1808241,42829,1280,41549,Australia,Private room,1,1,85,23,9,10,9,f,1
9826166,42830,598,42232,Australia,Private room,2,1,150,2,10,10,9,f,1
8971812,42830,1173,41657,Australia,Private room,1,1,75,4,10,10,10,f,1
4566973,42829,977,41852,Australia,Private room,1,1,279,0,,,,f,1
1637249,42830,1650,41180,Australia,Private room,1,1,70,36,9,9,9,f,1
17928006,42829,42829,,Australia,Private room,1,1,45,0,,,,f,1
16640514,42830,1011,41819,Australia,Private room,1,1,91,2,9,9,10,f,1
16019364,42830,1372,41458,Australia,Private room,1,1,84,4,10,10,10,f,1
9565498,42830,1613,41217,Australia,Entire home/apt,2.5,5,665,0,,,,f,1
15988066,42829,140,42689,Australia,Entire home/apt,1,2,290,2,10,10,8,t,1
15241011,42829,758,42071,Australia,Private room,1,1,60,15,10,10,10,f,1
8036800,42829,1094,41735,Australia,Entire home/apt,1,2,191,5,9,10,9,f,1
16336236,42829,619,42210,Australia,Private room,2.5,1,67,0,,,,f,1
9980134,42829,477,42352,Australia,Private room,1,1,68,3,9,9,9,f,1
16885905,42829,1331,41498,Australia,Private room,1,1,64,9,10,10,10,t,1
717906,42829,1649,41180,Australia,Private room,1,1,49,161,9,9,8,f,1
16768938,42829,1179,41650,Australia,Private room,1,1,250,1,10,10,10,f,1
4711201,42829,855,41974,Australia,Entire home/apt,1,2,180,2,10,10,10,t,1
9828411,42829,485,42344,Australia,Private room,1,1,85,50,10,9,9,f,1
9945894,42829,1182,41647,Australia,Private room,1,1,56,47,10,10,10,f,1
10549608,42829,867,41962,Australia,Private room,1,1,75,3,9,10,10,f,1
10157281,42830,469,42361,Australia,Private room,1.5,1,30,1,10,10,10,f,1
13366217,42830,1214,41616,Australia,Entire home/apt,1,2,180,3,10,10,10,f,1
7227844,42829,1500,41329,Australia,Entire home/apt,3,5,700,1,8,8,10,f,1
4597917,42829,870,41959,Australia,Entire home/apt,2,3,300,1,8,10,8,f,1
17271164,42829,49,42780,Australia,Private room,1,1,80,4,9,10,10,f,1
4717731,42830,856,41974,Australia,Private room,1.5,1,200,2,8,8,8,f,1
4191738,42829,1415,41414,Australia,Private room,1,1,100,2,9,10,10,f,1
14920485,42829,529,42300,Australia,Entire home/apt,2,3,451,7,9,9,8,f,1
9764717,42830,490,42340,Australia,Entire home/apt,1,1,80,1,10,8,10,f,1
10418777,42829,1150,41679,Australia,Entire home/apt,1,1,150,5,10,10,10,f,1
14983066,42829,1100,41729,Australia,Entire home/apt,1,2,250,1,,,,f,1
5827318,42830,911,41919,Australia,Entire home/apt,1,2,180,3,9,10,10,f,1
15692765,42829,576,42253,Australia,Entire home/apt,1,2,300,0,,,,t,1
17348822,42830,182,42648,Australia,Private room,1,1,46,3,10,10,10,f,1
4504701,42829,1146,41683,Australia,Entire home/apt,1,1,80,117,9,10,9,f,1
11192474,42829,551,42278,Australia,Entire home/apt,1,0,141,14,10,10,10,f,1
10091732,42829,692,42137,Australia,Entire home/apt,1,0,145,6,8,9,8,f,1
16033106,42829,171,42658,Australia,Entire home/apt,3,7,650,0,,,,f,1
1113059,42829,1782,41047,Australia,Private room,1,1,85,127,9,10,9,f,1
5007349,42830,2218,40612,Australia,Entire home/apt,2,4,399,2,10,10,9,f,1
16243631,42829,121,42708,Australia,Entire home/apt,1,1,155,1,10,10,10,t,1
4246783,42829,915,41914,Australia,Entire home/apt,1,1,280,10,10,10,10,f,1
11591264,42829,421,42408,Australia,Entire home/apt,1.5,2,125,0,,,,f,1
5562787,42829,1762,41067,Australia,Entire home/apt,1,2,321,7,9,9,9,f,1
9477770,42829,506,42323,Australia,Entire home/apt,1,2,152,1,10,10,10,f,1
13051933,42829,845,41984,Australia,Entire home/apt,1,2,175,2,10,10,9,f,1
9433810,42830,603,42227,Australia,Entire home/apt,4,5,1600,1,6,10,8,f,1
14718949,42829,1459,41370,Australia,Entire home/apt,1,1,152,0,,,,f,1
4053849,42829,941,41888,Australia,Entire home/apt,1,1,154,64,9,10,9,f,1
4112740,42829,933,41896,Australia,Private room,1,1,120,0,,,,f,1
6066722,42829,730,42099,Australia,Entire home/apt,2.5,3,399,0,,,,f,1
8726747,42830,1005,41825,Australia,Entire home/apt,1,1,141,20,10,9,9,f,1
9632777,42830,602,42228,Australia,Private room,2,1,80,0,,,,t,1
9101358,42829,880,41949,Australia,Entire home/apt,1,1,200,2,9,10,10,f,1
1236874,42829,1967,40862,Australia,Entire home/apt,1,1,159,34,10,10,9,f,1
11724852,42830,1149,41681,Australia,Entire home/apt,1,1,75,1,6,10,10,f,1
4977705,42830,821,42009,Australia,Private room,1.5,1,70,0,,,,f,1
16167347,42830,1283,41547,Australia,Entire home/apt,1,3,250,1,10,10,10,f,1
5687785,42829,1794,41035,Australia,Entire home/apt,1.5,2,290,13,10,10,10,f,1
11400259,42830,1157,41673,Australia,Entire home/apt,5,5,2963,0,,,,f,1
16978159,42829,1158,41671,Australia,Private room,1,1,79,0,,,,f,1
10023360,42830,1109,41721,Australia,Entire home/apt,2,3,300,0,,,,f,1
13215375,42830,430,42400,Australia,Entire home/apt,1,1,95,0,,,,f,1
7465485,42830,1146,41684,Australia,Entire home/apt,1,1,160,1,10,10,10,f,1
10000370,42829,512,42317,Australia,Entire home/apt,1,2,180,3,9,10,10,f,1
9367944,42829,1496,41333,Australia,Private room,2,1,58,0,,,,f,1
16175986,42829,640,42189,Australia,Entire home/apt,1,1,399,1,10,8,8,f,1
13642663,42829,1684,41145,Australia,Private room,1.5,1,39,0,,,,t,1
9999349,42829,633,42196,Australia,Entire home/apt,1,1,198,43,10,10,10,f,1
15591584,42830,1994,40836,Australia,Private room,1,1,200,0,,,,f,1
9371114,42830,1157,41673,Australia,Entire home/apt,4.5,4,2197,0,,,,f,1
403909,42829,1835,40994,Australia,Private room,1,1,75,1,10,10,8,f,1
13441053,42829,1343,41486,Australia,Private room,1,1,53,0,,,,f,1
16634393,42830,120,42710,Australia,Private room,1,1,80,16,10,9,10,f,1
10141227,42829,469,42360,Australia,Private room,1,1,89,24,10,10,10,f,1
13521124,42830,1106,41724,Australia,Private room,1.5,1,120,0,,,,f,1
12315120,42830,1427,41403,Australia,Entire home/apt,2,3,349,3,10,10,9,f,1
6022129,42829,1364,41465,Australia,Entire home/apt,6,5,1248,1,,,,f,1
15225060,42829,190,42639,Australia,Entire home/apt,1,1,87,1,10,10,10,t,1
17003204,42829,1738,41091,Australia,Entire home/apt,1,0,176,0,,,,f,1
15198450,42830,1365,41465,Australia,Entire home/apt,4,4,624,1,10,10,10,f,1
6559773,42829,679,42150,Australia,Entire home/apt,1,2,200,2,10,8,10,f,1
10092447,42830,472,42358,Australia,Entire home/apt,1,1,110,22,9,9,9,f,1
5165396,42830,800,42030,Australia,Private room,1,1,120,16,10,10,10,f,1
4450964,42830,972,41858,Australia,Entire home/apt,2,4,560,0,,,,f,1
14220780,42830,1062,41768,Australia,Private room,1,1,95,17,10,10,10,f,1
16044705,42830,651,42179,Australia,Private room,1,1,70,1,6,8,8,f,1
17422628,42829,1377,41452,Australia,Shared room,1,1,60,0,,,,t,1
16042452,42829,136,42693,Australia,Entire home/apt,1,1,150,30,10,10,10,t,1
2473731,42829,1134,41695,Australia,Entire home/apt,1,2,250,27,10,10,10,f,1
15917190,42829,938,41891,Australia,Entire home/apt,2.5,3,800,0,,,,f,1
8242755,42829,1548,41281,Australia,Entire home/apt,1,1,200,3,9,8,7,f,1
16446228,42830,106,42724,Australia,Private room,1.5,1,67,0,,,,t,1
16382253,42829,827,42002,Australia,Entire home/apt,1,0,127,2,8,6,7,f,1
9683620,42829,494,42335,Australia,Private room,1,1,60,1,10,10,10,f,1
16417916,42829,1842,40987,Australia,Entire home/apt,1,3,265,3,10,10,10,f,1
10523754,42829,1664,41165,Australia,Private room,1,1,91,20,10,10,10,f,1
13999192,42829,358,42471,Australia,Entire home/apt,1,1,55,2,10,10,10,t,1
3792665,42829,1364,41465,Australia,Entire home/apt,3,4,499,1,10,8,10,f,1
5502481,42830,766,42064,Australia,Entire home/apt,1,1,191,0,,,,f,1
12371696,42829,728,42101,Australia,Private room,1,1,50,0,,,,f,1
4646939,42830,903,41927,Australia,Entire home/apt,2,2,385,38,10,10,10,t,1
6677630,42829,671,42158,Australia,Private room,1,1,135,39,10,10,10,f,1
16289359,42829,1909,40920,Australia,Entire home/apt,2.5,4,480,5,10,10,10,f,1
17881295,42829,855,41974,Australia,Entire home/apt,1,2,389,0,,,,t,1
3210185,42830,1051,41779,Australia,Entire home/apt,2,2,275,59,10,10,10,f,1
2183999,42829,2234,40595,Australia,Entire home/apt,1,2,191,86,8,10,9,t,1
16355224,42829,1078,41751,Australia,Private room,1.5,1,219,1,8,10,10,f,1
15859289,42830,1699,41131,Australia,Entire home/apt,2,2,250,3,10,10,10,f,1
9097566,42829,617,42212,Australia,Entire home/apt,5,4,2199,0,,,,f,1
8942973,42830,770,42060,Australia,Entire home/apt,1,1,160,60,9,10,9,t,1
16179728,42829,251,42578,Australia,Entire home/apt,2,3,349,5,10,10,10,f,1
16549868,42829,96,42733,Australia,Entire home/apt,1,1,91,1,,,,f,1
10129213,42829,1208,41621,Australia,Entire home/apt,1,1,198,0,,,,f,1
12905079,42830,800,42030,Australia,Entire home/apt,1,0,150,6,9,9,9,f,1
6466017,42829,701,42128,Australia,Entire home/apt,1,2,395,0,,,,f,1
9870285,42829,483,42346,Australia,Private room,1,1,80,3,8,8,8,f,1
16620514,42829,1644,41185,Australia,Entire home/apt,2,3,399,0,,,,f,1
11657383,42829,561,42268,Australia,Private room,1.5,1,60,1,10,10,10,f,1
16900298,42829,1614,41215,Australia,Entire home/apt,1,1,117,5,10,10,8,f,1
17027421,42829,738,42091,Australia,Private room,1,1,110,0,,,,f,1
15663040,42830,535,42295,Australia,Private room,2,1,120,12,10,10,10,f,1
16355778,42829,534,42295,Australia,Entire home/apt,1,1,300,0,,,,t,1
9617244,42829,1777,41052,Australia,Entire home/apt,1,2,305,1,10,10,10,f,1
16783555,42829,415,42414,Australia,Private room,1,1,70,1,10,10,10,f,1
3795958,42829,1429,41400,Australia,Entire home/apt,1,1,135,142,10,10,9,f,1
4263996,42829,1207,41622,Australia,Entire home/apt,1,2,290,0,,,,f,1
8689663,42829,619,42210,Australia,Private room,1,1,62,2,10,10,9,f,1
11327716,42829,459,42370,Australia,Entire home/apt,1,1,125,0,,,,f,1
847003,42829,1762,41067,Australia,Entire home/apt,2,3,495,84,9,10,9,f,1
255090,42829,1986,40843,Australia,Entire home/apt,1,1,105,14,8,9,8,f,1
1886465,42829,1829,41000,Australia,Entire home/apt,1,2,200,30,10,10,9,f,1
12575583,42829,2408,40421,Australia,Private room,1,1,191,0,,,,f,1
14340751,42829,255,42574,Australia,Entire home/apt,3,4,460,0,,,,f,1
16633515,42829,1604,41225,Australia,Entire home/apt,1,2,200,4,10,10,10,f,1
1759931,42830,1783,41047,Australia,Entire home/apt,2,3,750,25,9,10,9,f,1
17406570,42829,2535,40294,Australia,Entire home/apt,2,2,242,0,,,,f,1
5481937,42829,1715,41114,Australia,Entire home/apt,1,2,950,0,,,,f,1
11122823,42829,582,42247,Australia,Entire home/apt,1.5,2,371,2,8,10,8,f,1
13226637,42829,1036,41793,Australia,Entire home/apt,1,2,800,1,,,,f,1
6679855,42829,672,42157,Australia,Private room,2,1,95,0,,,,f,1
9494702,42829,1043,41786,Australia,Entire home/apt,1.5,3,451,0,,,,f,1
15133202,42830,1157,41673,Australia,Entire home/apt,2,3,603,0,,,,f,1
8637658,42829,675,42154,Australia,Entire home/apt,2,3,300,33,9,10,9,f,1
12574548,42829,2408,40421,Australia,Entire home/apt,1,2,200,5,10,10,10,f,1
784031,42830,1605,41225,Australia,Entire home/apt,1.5,3,210,2,10,10,10,f,1
6338053,42829,849,41980,Australia,Entire home/apt,2,2,169,7,8,9,10,f,1
9036251,42829,530,42299,Australia,Entire home/apt,2.5,4,424,4,9,10,10,f,1
11328277,42829,1129,41700,Australia,Entire home/apt,2.5,3,599,3,10,10,10,f,1
15792217,42829,1777,41052,Australia,Entire home/apt,2,2,395,0,,,,f,1
8834219,42829,1287,41542,Australia,Entire home/apt,1,1,127,0,,,,f,1
17799733,42829,1877,40952,Australia,Entire home/apt,1,2,191,0,,,,t,1
12525083,42829,350,42479,Australia,Entire home/apt,1,1,95,0,,,,f,1
9495873,42829,2124,40705,Australia,Entire home/apt,1,1,160,0,,,,f,1
9960522,42830,479,42351,Australia,Entire home/apt,1,1,120,3,9,10,9,f,1
16429091,42829,1803,41026,Australia,Entire home/apt,1,1,130,11,6,9,8,t,1
9432391,42829,1538,41291,Australia,Entire home/apt,1,2,405,28,9,10,9,f,1
9882974,42829,658,42171,Australia,Entire home/apt,1,1,150,1,10,10,10,f,1
5232331,42829,1173,41656,Australia,Entire home/apt,2.5,3,650,32,10,10,9,f,1
6662712,42830,672,42158,Australia,Entire home/apt,1,1,105,1,6,10,10,f,1
9094783,42829,527,42302,Australia,Entire home/apt,1,2,180,8,10,10,10,f,1
1615247,42829,1581,41248,Australia,Entire home/apt,1,1,162,3,10,9,9,f,1
6616444,42830,963,41867,Australia,Private room,1,1,45,21,10,10,10,f,1
9013001,42829,1086,41743,Australia,Entire home/apt,1,2,173,2,8,10,9,f,1
16101192,42829,1585,41244,Australia,Entire home/apt,2,3,336,0,,,,t,1
4511951,42829,1480,41349,Australia,Entire home/apt,1,1,166,13,9,10,9,f,1
7535811,42830,620,42210,Australia,Entire home/apt,1,2,130,2,6,9,8,f,1
16966476,42829,855,41974,Australia,Private room,1,1,80,0,,,,t,1
6616939,42830,675,42155,Australia,Entire home/apt,1,1,137,0,,,,f,1
16260903,42829,569,42260,Australia,Entire home/apt,2,4,250,0,,,,t,1
11606715,42829,629,42200,Australia,Private room,1.5,1,70,0,,,,f,1
16165648,42829,1043,41786,Australia,Entire home/apt,2,3,501,0,,,,f,1
3210463,42830,1559,41271,Australia,Private room,1,1,35,1,10,10,10,f,1
6276440,42829,701,42128,Australia,Entire home/apt,2,3,180,0,,,,f,1
16246002,42829,1101,41728,Australia,Private room,1.5,1,70,1,10,8,10,t,1
15481981,42830,1197,41633,Australia,Private room,1,1,125,13,10,10,10,f,1
16446845,42829,1631,41198,Australia,Entire home/apt,1,0,250,0,,,,t,1
16356294,42829,468,42361,Australia,Entire home/apt,1,1,150,3,9,10,10,t,1
3775902,42829,975,41854,Australia,Private room,1,1,141,78,10,10,9,f,1
9154637,42829,534,42295,Australia,Entire home/apt,1,1,250,2,10,9,9,f,1
16354404,42829,307,42522,Australia,Private room,1,1,64,0,,,,f,1
17883358,42829,783,42046,Australia,Entire home/apt,1,2,180,0,,,,f,1
4746531,42830,986,41844,Australia,Private room,1,1,60,2,2,10,6,f,1
14228004,42829,975,41854,Australia,Entire home/apt,2,2,505,5,7,9,9,f,1
16579796,42830,972,41858,Australia,Private room,1.5,1,91,0,,,,t,1
16579991,42830,972,41858,Australia,Entire home/apt,1.5,2,194,9,10,10,9,t,1
15791337,42830,693,42137,Australia,Entire home/apt,1,1,451,0,,,,f,1
9367671,42830,1498,41332,Australia,Entire home/apt,1,1,100,2,9,10,10,f,1
8890741,42829,1474,41355,Australia,Entire home/apt,1,0,300,0,,,,f,1
16886921,42829,398,42431,Australia,Private room,1,1,130,0,,,,f,1
5166218,42829,1147,41682,Australia,Private room,1,1,95,0,,,,f,1
14506316,42829,1380,41449,Australia,Entire home/apt,1,1,200,1,10,10,10,f,1
5826920,42830,737,42093,Australia,Entire home/apt,1,0,89,1,10,10,10,t,1
16247299,42830,121,42709,Australia,Private room,1,2,80,0,,,,f,1
2222028,42830,1176,41654,Australia,Entire home/apt,1,2,200,8,9,10,10,f,1
9763760,42829,489,42340,Australia,Entire home/apt,1,1,135,2,10,6,8,f,1
9829029,42830,486,42344,Australia,Entire home/apt,2,2,200,1,10,10,10,f,1
9993987,42830,2045,40785,Australia,Entire home/apt,1.5,3,300,2,6,10,8,f,1
13207505,42829,2044,40785,Australia,Private room,1.5,1,50,0,,,,f,1
13497111,42829,1199,41630,Australia,Entire home/apt,1,2,296,7,10,10,10,f,1
13804724,42829,1333,41496,Australia,Entire home/apt,1,1,120,5,10,10,10,f,1
14475280,42829,1295,41534,Australia,Entire home/apt,2.5,4,800,0,,,,f,1
15197312,42829,835,41994,Australia,Entire home/apt,1.5,2,1500,0,,,,t,1
15269483,42830,892,41938,Australia,Entire home/apt,1,2,349,3,10,10,10,f,1
4543070,42829,876,41953,Australia,Entire home/apt,4,4,600,1,10,10,10,f,1
7251346,42829,898,41931,Australia,Entire home/apt,1,1,130,62,8,10,9,f,1
15503955,42829,176,42653,Australia,Entire home/apt,1,2,155,5,10,9,9,f,1
5145140,42829,802,42027,Australia,Entire home/apt,1,2,250,5,10,10,10,f,1
1154461,42829,1471,41358,Australia,Entire home/apt,1,2,501,0,,,,f,1
17895855,42828,565,42263,Australia,Entire home/apt,1,1,79,0,,,,t,1
9206802,42830,521,42309,Australia,Entire home/apt,2.5,5,501,1,8,10,10,f,1
16357788,42829,552,42277,Australia,Entire home/apt,1,2,200,2,10,10,9,f,1
15243105,42829,2053,40776,Australia,Entire home/apt,1,2,219,1,10,10,10,t,1
4258189,42830,1365,41465,Australia,Entire home/apt,2.5,3,374,0,,,,f,1
1907078,42830,1243,41587,Australia,Entire home/apt,1,1,135,4,9,9,9,f,1
4709330,42829,868,41961,Australia,Entire home/apt,1,2,325,1,10,10,10,f,1
6940556,42830,654,42176,Australia,Entire home/apt,1,1,110,1,10,10,10,f,1
4325515,42828,2534,40294,Australia,Entire home/apt,2,3,400,2,8,10,8,f,1
11534602,42828,748,42080,Australia,Entire home/apt,1,2,204,0,,,,f,1
15991067,42828,138,42690,Australia,Entire home/apt,1,1,180,7,10,10,10,f,1
16318907,42828,116,42712,Australia,Private room,2,1,60,1,4,10,6,t,1
9633845,42828,712,42116,Australia,Entire home/apt,2,3,600,1,,,,t,1
4456788,42828,1064,41764,Australia,Entire home/apt,1.5,3,207,3,8,10,8,f,1
16318811,42828,118,42710,Australia,Private room,1,1,80,1,10,10,10,f,1
9372080,42828,551,42277,Australia,Entire home/apt,2.5,5,650,1,10,10,10,f,1
11929568,42828,379,42449,Australia,Entire home/apt,3,3,590,0,,,,f,1
16123452,42828,564,42264,Australia,Entire home/apt,1,1,121,0,,,,f,1
7800394,42828,915,41913,Australia,Entire home/apt,2.5,3,901,1,10,10,10,f,1
17962950,42828,720,42108,Australia,Entire home/apt,1,2,201,0,,,,t,1
12256963,42828,1612,41216,Australia,Private room,2,1,66,0,,,,f,1
6096678,42828,713,42115,Australia,Private room,1,1,69,0,,,,f,1
8390428,42828,567,42261,Australia,Entire home/apt,1,1,185,1,8,8,8,f,1
853810,42828,1564,41264,Australia,Entire home/apt,1,1,300,3,7,9,7,f,1
18024266,42828,1703,41125,Australia,Entire home/apt,1,1,250,0,,,,t,1
17727832,42828,1363,41465,Australia,Entire home/apt,4,3,624,0,,,,f,1
16713767,42828,164,42664,Australia,Entire home/apt,2.5,3,220,1,10,10,10,f,1
12474037,42828,1135,41693,Australia,Private room,1,1,149,15,10,10,10,f,1
5376097,42828,792,42036,Australia,Entire home/apt,1,2,250,37,9,10,9,f,1
7460711,42828,1083,41745,Australia,Entire home/apt,1,1,105,0,,,,f,1
8260719,42828,1580,41248,Australia,Entire home/apt,1,1,90,6,9,10,9,f,1
15575147,42828,837,41991,Australia,Entire home/apt,1,2,102,2,10,10,10,f,1
4589843,42828,869,41959,Australia,Entire home/apt,2,2,350,1,10,10,10,f,1
9636133,42828,1776,41052,Australia,Entire home/apt,1,1,199,5,10,10,9,f,1
1903786,42828,1242,41586,Australia,Entire home/apt,1,1,135,2,10,8,10,f,1
12853593,42828,1776,41052,Australia,Entire home/apt,1,2,242,1,10,10,10,f,1
11611341,42828,1358,41470,Australia,Private room,1,1,72,3,5,8,6,f,1
17107394,42828,925,41903,Australia,Private room,1,1,75,1,8,10,10,f,1
4917699,42828,1047,41781,Australia,Entire home/apt,1.5,3,250,4,9,10,9,f,1
10060209,42828,1141,41687,Australia,Entire home/apt,1,0,90,4,10,10,10,t,1
15796778,42828,1428,41400,Australia,Private room,3.5,1,121,0,,,,f,1
8784469,42828,1584,41244,Australia,Entire home/apt,1,1,121,0,,,,f,1
14265450,42828,1675,41153,Australia,Entire home/apt,1,0,119,1,10,10,10,t,1
658080,42828,1690,41138,Australia,Private room,1,1,90,20,10,10,10,f,1
15010470,42828,1058,41770,Australia,Entire home/apt,1,2,400,0,,,,f,1
7211718,42828,642,42186,Australia,Entire home/apt,1.5,3,220,0,,,,f,1
17304266,42828,332,42496,Australia,Private room,1,1,60,0,,,,t,1
8850133,42828,957,41871,Australia,Entire home/apt,3,4,901,0,,,,f,1
12520176,42828,350,42478,Australia,Entire home/apt,2,3,482,0,,,,t,1
15534839,42828,841,41987,Australia,Entire home/apt,1.5,3,180,1,8,10,8,f,1
13173204,42828,1227,41601,Australia,Entire home/apt,1,1,110,1,10,10,10,f,1
10095352,42828,1513,41315,Australia,Entire home/apt,1,1,111,23,9,9,9,t,1
66009,42828,2297,40531,Australia,Private room,1,1,100,1,10,10,10,f,1
461746,42828,2060,40768,Australia,Entire home/apt,2.5,2,350,7,10,10,10,f,1
4787478,42828,1154,41674,Australia,Entire home/apt,1,2,295,31,10,10,9,f,1
15666488,42828,629,42199,Australia,Entire home/apt,2,2,199,6,10,10,10,f,1
9319914,42828,513,42315,Australia,Private room,1.5,1,59,1,10,10,8,f,1
2171961,42828,1375,41453,Australia,Entire home/apt,2,3,275,4,10,10,10,f,1
9695925,42828,1702,41126,Australia,Entire home/apt,3,3,339,5,8,10,10,f,1
9839703,42828,810,42018,Australia,Entire home/apt,1,2,201,6,10,10,10,f,1
10101853,42828,470,42358,Australia,Entire home/apt,1,3,350,0,,,,f,1
17572964,42828,478,42350,Australia,Entire home/apt,1,1,130,0,,,,f,1
7680967,42828,1484,41344,Australia,Entire home/apt,1,1,176,13,10,10,9,f,1
16327807,42828,1664,41164,Australia,Entire home/apt,1,2,300,1,10,10,10,f,1
17642461,42828,1182,41646,Australia,Entire home/apt,2,3,201,0,,,,t,1
2316339,42828,1699,41129,Australia,Entire home/apt,1,3,201,1,8,6,8,f,1
13376229,42828,2127,40701,Australia,Entire home/apt,1,2,69,0,,,,f,1
15400604,42828,1154,41674,Australia,Entire home/apt,4,5,750,2,7,10,5,f,1
2043462,42828,1424,41404,Australia,Private room,1,1,176,19,10,10,10,f,1
16587544,42828,1149,41679,Australia,Private room,1.5,1,94,1,10,8,8,f,1
7941720,42828,599,42229,Australia,Entire home/apt,1,2,201,3,10,10,10,f,1
5643020,42828,753,42075,Australia,Entire home/apt,1,1,185,21,10,10,9,t,1
15929763,42828,285,42543,Australia,Private room,2,1,66,3,5,8,7,f,1
12655429,42828,860,41968,Australia,Private room,1,1,90,5,10,10,10,t,1
17895868,42828,1061,41767,Australia,Private room,2,1,69,0,,,,t,1
16259937,42828,293,42535,Australia,Private room,1,1,69,0,,,,f,1
5050814,42828,938,41890,Australia,Private room,2.5,1,90,1,10,10,10,f,1
12330251,42828,358,42470,Australia,Entire home/apt,2,4,380,2,7,10,9,t,1
14427437,42828,293,42535,Australia,Private room,1,1,68,3,7,9,9,f,1
4731897,42828,852,41976,Australia,Entire home/apt,1,2,149,25,9,10,10,f,1
5446559,42828,770,42058,Australia,Private room,1,1,100,0,,,,f,1
7873858,42828,598,42230,Australia,Entire home/apt,1,3,600,0,,,,f,1
14561908,42828,230,42598,Australia,Entire home/apt,2,2,551,0,,,,t,1
16755629,42828,538,42290,Australia,Private room,1,1,69,0,,,,t,1
17895954,42828,470,42358,Australia,Entire home/apt,1,1,90,0,,,,f,1
14886243,42828,742,42086,Australia,Entire home/apt,4,5,1100,0,,,,f,1
1516913,42828,1519,41309,Australia,Entire home/apt,2,3,350,15,10,10,9,f,1
9851044,42828,487,42341,Australia,Entire home/apt,1,1,149,12,9,9,9,f,1
9842431,42828,484,42344,Australia,Private room,2,1,80,0,,,,f,1
17112107,42828,898,41930,Australia,Private room,1,1,59,0,,,,f,1
15763037,42828,521,42307,Australia,Entire home/apt,1,1,145,9,9,10,10,f,1
791240,42828,1599,41229,Australia,Private room,1,1,90,1,10,10,10,f,1
12857158,42828,334,42494,Australia,Entire home/apt,1,2,250,2,10,9,10,f,1
12655753,42828,1405,41423,Australia,Entire home/apt,1,1,225,1,10,10,10,f,1
15861733,42828,994,41834,Australia,Entire home/apt,1,1,220,1,10,10,8,t,1
9482514,42828,1269,41559,Australia,Private room,1,1,50,3,9,10,10,f,1
14952078,42828,208,42620,Australia,Entire home/apt,2,2,350,0,,,,f,1
17303150,42828,1042,41786,Australia,Entire home/apt,2,3,499,0,,,,f,1
9530260,42828,502,42326,Australia,Private room,1,1,55,1,6,10,6,f,1
2689003,42828,1098,41730,Australia,Entire home/apt,1,2,485,0,,,,f,1
10040390,42828,1260,41568,Australia,Entire home/apt,1,2,290,0,,,,f,1
17573586,42828,36,42792,Australia,Entire home/apt,6,4,1500,0,,,,t,1
16328391,42828,306,42522,Australia,Private room,1,1,85,6,9,10,10,t,1
12070783,42828,834,41994,Australia,Entire home/apt,2,3,700,0,,,,f,1
1967742,42828,1242,41586,Australia,Entire home/apt,3,5,1199,1,8,10,10,f,1
16396200,42828,659,42169,Australia,Entire home/apt,2,2,250,0,,,,f,1
11723351,42828,1807,41021,Australia,Private room,1,1,121,8,10,10,10,f,1
15736150,42828,629,42199,Australia,Entire home/apt,2.5,2,299,2,10,9,10,f,1
4988257,42828,1875,40953,Australia,Entire home/apt,1,2,149,3,9,10,10,f,1
14622106,42828,1134,41694,Australia,Private room,1,1,80,0,,,,f,1
11279771,42828,638,42190,Australia,Entire home/apt,1,3,499,0,,,,f,1
6563757,42828,1114,41714,Australia,Entire home/apt,1,1,140,13,10,10,10,f,1
12918190,42828,658,42170,Australia,Entire home/apt,3,4,950,0,,,,f,1
12915830,42828,404,42424,Australia,Entire home/apt,1,1,165,25,10,10,10,f,1
17115437,42828,2424,40404,Australia,Private room,1,1,115,0,,,,f,1
10102802,42828,572,42256,Australia,Entire home/apt,4,5,2000,0,,,,f,1
929864,42828,1827,41001,Australia,Entire home/apt,2,1,135,7,6,9,7,f,1
17243660,42828,721,42107,Australia,Private room,1,1,63,2,10,8,8,t,1
6826060,42828,659,42169,Australia,Entire home/apt,2,2,281,0,,,,f,1
3070159,42828,1524,41304,Australia,Entire home/apt,2,2,220,2,,,,f,1
7483513,42828,1369,41459,Australia,Entire home/apt,1,1,145,26,9,10,9,f,1
11801910,42828,386,42442,Australia,Entire home/apt,2.5,3,330,2,8,4,2,f,1
4724056,42828,882,41946,Australia,Entire home/apt,2,2,295,1,,,,f,1
12957823,42828,1584,41244,Australia,Entire home/apt,1.5,3,339,0,,,,f,1
9843912,42828,484,42344,Australia,Entire home/apt,1,1,89,4,7,10,9,f,1
10234151,42828,1776,41052,Australia,Entire home/apt,2,2,321,1,10,10,8,f,1
13052207,42828,1818,41010,Australia,Entire home/apt,1,1,180,0,,,,f,1
4794681,42828,1446,41382,Australia,Entire home/apt,1,1,101,20,10,9,9,f,1
5775111,42828,1870,40958,Australia,Entire home/apt,1,2,199,4,10,10,9,f,1
971523,42828,1491,41337,Australia,Private room,1.5,1,69,0,,,,f,1
13117801,42828,1695,41133,Australia,Entire home/apt,1,2,4500,0,,,,f,1
13052270,42828,1769,41059,Australia,Entire home/apt,1,2,140,0,,,,f,1
17849407,42828,1703,41125,Australia,Entire home/apt,1,2,168,0,,,,t,1
9447796,42828,1541,41287,Australia,Entire home/apt,1,1,93,13,10,10,10,f,1
1056570,42828,1457,41371,Australia,Entire home/apt,1,0,100,33,9,10,9,f,1
8742743,42828,550,42278,Australia,Private room,1.5,1,45,0,,,,f,1
7832487,42828,739,42089,Australia,Entire home/apt,5.5,5,1199,0,,,,f,1
731535,42828,1637,41191,Australia,Private room,1,1,125,146,8,10,9,f,1
11088183,42828,423,42405,Australia,Private room,2,1,201,0,,,,f,1
11741655,42828,532,42296,Australia,Private room,1.5,1,121,3,10,10,10,f,1
13240062,42828,312,42516,Australia,Entire home/apt,4,6,1500,1,10,10,10,f,1
17270093,42828,193,42635,Australia,Private room,1,1,55,6,10,9,10,f,1
1552818,42828,1322,41506,Australia,Entire home/apt,2.5,2,495,43,9,10,9,t,1
8132312,42828,1363,41465,Australia,Entire home/apt,2,3,595,0,,,,t,1
16394817,42828,1386,41442,Australia,Private room,1,3,69,0,,,,f,1
16654402,42828,1407,41421,Australia,Entire home/apt,1,2,300,16,10,10,10,f,1
10345580,42828,918,41910,Australia,Private room,1,1,87,3,8,10,10,f,1
15275816,42828,1203,41625,Australia,Private room,1,1,69,2,10,9,10,f,1
17050290,42828,845,41983,Australia,Entire home/apt,1,1,100,1,8,10,10,f,1
15933576,42828,661,42167,Australia,Private room,1,2,80,0,,,,f,1
9052353,42828,1695,41133,Australia,Entire home/apt,2,2,1000,0,,,,f,1
15512027,42828,171,42657,Australia,Entire home/apt,1,1,130,1,,,,f,1
9450975,42828,1322,41506,Australia,Entire home/apt,1,1,125,1,10,10,10,f,1
11482451,42828,1089,41739,Australia,Entire home/apt,2.5,3,370,0,,,,f,1
13771083,42828,1870,40958,Australia,Entire home/apt,1,1,128,7,10,10,10,f,1
17768789,42828,705,42123,Australia,Private room,1,1,64,0,,,,f,1
9907033,42828,511,42317,Australia,Entire home/apt,2,3,700,0,,,,f,1
14890464,42828,450,42378,Australia,Entire home/apt,1,2,350,3,10,10,9,f,1
15210449,42828,1579,41249,Australia,Private room,1,1,94,31,10,10,9,t,1
9317240,42828,600,42228,Australia,Entire home/apt,1,1,250,0,,,,f,1
16652269,42828,194,42634,Australia,Entire home/apt,1,1,180,10,9,10,9,f,1
4862410,42828,836,41992,Australia,Private room,1,1,62,0,,,,f,1
7941005,42828,670,42158,Australia,Entire home/apt,3,3,600,4,10,10,10,f,1
17111031,42828,58,42770,Australia,Private room,1.5,0,121,1,6,10,10,t,1
5364892,42828,778,42050,Australia,Entire home/apt,1,3,149,3,10,9,9,f,1
5117952,42828,2501,40327,Australia,Entire home/apt,1,1,128,0,,,,f,1
13929739,42828,436,42392,Australia,Private room,1,1,66,0,,,,f,1
17642166,42828,1704,41124,Australia,Private room,1,1,60,3,7,9,8,f,1
4403896,42828,1118,41710,Australia,Entire home/apt,1,2,220,25,10,10,9,f,1
9188031,42828,665,42163,Australia,Private room,1,1,69,6,8,9,9,f,1
16264193,42828,957,41871,Australia,Entire home/apt,1,2,165,0,,,,f,1
8450145,42828,634,42194,Australia,Entire home/apt,1,1,250,0,,,,f,1
11089276,42828,1464,41364,Australia,Entire home/apt,2,4,638,8,8,10,9,f,1
9776834,42828,488,42340,Australia,Private room,1.5,1,50,0,,,,f,1
8958039,42828,664,42164,Australia,Entire home/apt,2.5,4,800,0,,,,f,1
4533332,42828,876,41952,Australia,Entire home/apt,2,2,700,0,,,,f,1
14361109,42828,241,42587,Australia,Entire home/apt,2,3,329,21,9,10,9,t,1
16785960,42828,78,42750,Australia,Private room,1,0,67,0,,,,t,1
2234548,42828,1171,41657,Australia,Private room,1,1,149,0,,,,f,1
2108533,42828,1208,41620,Australia,Private room,1,1,169,2,8,9,9,f,1
5052611,42828,1035,41793,Australia,Entire home/apt,1,2,248,29,10,10,9,f,1
1258281,42828,1392,41436,Australia,Private room,1,1,90,0,,,,f,1
9443536,42828,904,41924,Australia,Private room,1,1,85,0,,,,f,1
15572820,42828,167,42661,Australia,Entire home/apt,2.5,3,400,1,10,10,10,t,1
16264913,42828,184,42644,Australia,Entire home/apt,2,3,328,0,,,,f,1
15194496,42828,192,42636,Australia,Entire home/apt,2,3,300,0,,,,f,1
8871394,42828,538,42290,Australia,Entire home/apt,1,1,210,23,9,9,9,f,1
16977688,42828,1157,41671,Australia,Private room,1.5,1,100,2,9,10,10,f,1
15208275,42828,1695,41133,Australia,Entire home/apt,2,4,2000,0,,,,f,1
14735337,42828,304,42524,Australia,Private room,3,1,75,2,6,10,7,f,1
2305292,42828,1363,41465,Australia,Entire home/apt,2,3,350,11,8,9,9,f,1
6101331,42828,1087,41741,Australia,Entire home/apt,1,2,281,17,9,9,8,f,1
15667138,42828,1154,41674,Australia,Private room,1,1,160,0,,,,f,1
921554,42828,2060,40768,Australia,Entire home/apt,2.5,3,1800,2,10,10,10,f,1
203165,42828,2085,40743,Australia,Entire home/apt,2,4,397,17,9,10,9,f,1
13179347,42828,804,42024,Australia,Entire home/apt,1,1,149,3,10,9,10,f,1
16196513,42828,1565,41263,Australia,Entire home/apt,4,4,400,0,,,,f,1
16060482,42828,1777,41051,Australia,Entire home/apt,1,1,600,1,10,10,10,f,1
6227445,42828,704,42124,Australia,Entire home/apt,1,2,168,1,10,10,10,f,1
7939025,42828,1631,41197,Australia,Entire home/apt,1,1,110,5,7,9,9,f,1
16306238,42828,682,42146,Australia,Entire home/apt,2,2,750,2,9,10,9,t,1
16355694,42828,610,42218,Australia,Private room,1,1,41,4,9,10,10,t,1
3095413,42828,1584,41244,Australia,Entire home/apt,1.5,3,311,4,10,9,10,f,1
16073840,42828,750,42078,Australia,Private room,1,1,55,1,10,10,10,f,1
16408405,42828,460,42368,Australia,Private room,1,2,55,1,10,10,10,f,1
16333839,42828,1244,41584,Australia,Entire home/apt,6.5,5,1150,0,,,,f,1
9649399,42828,495,42333,Australia,Entire home/apt,1,1,94,1,8,8,10,t,1
7486724,42828,621,42207,Australia,Entire home/apt,2.5,3,300,8,9,10,10,f,1
15678790,42828,845,41983,Australia,Entire home/apt,2,2,165,0,,,,f,1
9374282,42828,510,42318,Australia,Entire home/apt,1.5,3,250,2,10,10,10,f,1
15875600,42828,221,42607,Australia,Entire home/apt,1,3,499,2,9,10,9,f,1
10370628,42828,454,42374,Australia,Private room,1,1,69,24,10,10,9,f,1
3032249,42828,1089,41739,Australia,Entire home/apt,1,1,121,1,10,10,10,f,1
9715319,42828,491,42337,Australia,Private room,1.5,1,75,4,8,10,10,f,1
16353917,42828,1779,41049,Australia,Private room,2,1,121,0,,,,t,1
15381802,42828,601,42227,Australia,Entire home/apt,3.5,5,2000,0,,,,f,1
3032327,42828,1089,41739,Australia,Entire home/apt,2.5,3,300,4,10,9,10,f,1
9800325,42828,985,41843,Australia,Entire home/apt,1,0,100,1,4,8,6,f,1
10416471,42828,453,42375,Australia,Entire home/apt,2,2,240,1,,,,f,1
10502085,42828,448,42380,Australia,Entire home/apt,1,1,250,2,7,10,8,f,1
4145131,42828,928,41900,Australia,Entire home/apt,1,1,121,6,9,10,9,f,1
6097784,42828,855,41973,Australia,Entire home/apt,1,2,400,1,10,10,10,f,1
12796018,42828,338,42490,Australia,Entire home/apt,1,1,69,11,9,9,9,f,1
6439109,42828,835,41993,Australia,Entire home/apt,1,2,100,0,,,,f,1
2901406,42828,1071,41757,Australia,Entire home/apt,1,1,121,6,9,10,9,f,1
16007489,42828,137,42691,Australia,Private room,1,1,75,4,10,10,9,t,1
7487902,42828,702,42126,Australia,Entire home/apt,1,2,160,7,9,10,9,f,1
9516448,42828,1763,41065,Australia,Entire home/apt,1,2,275,3,9,9,9,f,1
10040845,42828,1596,41232,Australia,Private room,1,1,80,0,,,,f,1
17121809,42828,130,42698,Australia,Private room,1,1,90,10,10,10,9,t,1
14693809,42828,1224,41604,Australia,Entire home/apt,1,1,100,27,9,9,9,t,1
1131054,42828,1431,41397,Australia,Entire home/apt,1,2,419,26,10,10,10,f,1
15826315,42828,1532,41296,Australia,Entire home/apt,1,1,121,11,10,10,9,f,1
8074905,42828,838,41990,Australia,Entire home/apt,1,0,121,0,,,,f,1
15745618,42828,1732,41096,Australia,Private room,1,1,63,1,8,10,10,f,1
17449591,42828,629,42199,Australia,Entire home/apt,1,1,115,0,,,,t,1
9942465,42828,479,42349,Australia,Entire home/apt,2,3,400,0,,,,f,1
10371747,42828,572,42256,Australia,Entire home/apt,3,5,1199,0,,,,f,1
16335540,42828,189,42639,Australia,Private room,1,1,64,0,,,,t,1
14828238,42828,216,42612,Australia,Entire home/apt,2.5,3,750,0,,,,f,1
14304755,42828,1350,41478,Australia,Private room,1,1,126,14,10,10,10,f,1
13782,42828,2915,39913,Australia,Entire home/apt,1,1,90,70,10,10,9,f,1
12796754,42828,338,42490,Australia,Entire home/apt,1,1,201,0,,,,f,1
11852451,42828,1390,41438,Australia,Entire home/apt,1,2,250,40,10,10,10,f,1
15156057,42828,1390,41438,Australia,Entire home/apt,1,2,220,22,8,10,9,t,1
3618636,42828,1282,41546,Australia,Private room,1,1,55,99,9,10,9,f,1
3752823,42828,993,41835,Australia,Entire home/apt,1.5,2,300,3,7,9,7,f,1
9716608,42828,491,42337,Australia,Entire home/apt,2.5,3,650,0,,,,f,1
13318121,42828,1429,41399,Australia,Private room,1,1,90,0,,,,f,1
15745979,42828,1769,41059,Australia,Entire home/apt,2,2,499,1,10,10,10,f,1
897387,42828,1754,41074,Australia,Private room,1,1,80,1,6,10,10,f,1
7682113,42828,1004,41824,Australia,Entire home/apt,1,2,220,19,9,10,10,f,1
10369172,42828,740,42088,Australia,Private room,1,1,79,3,10,10,10,f,1
15811575,42828,1154,41674,Australia,Entire home/apt,1.5,2,300,3,10,10,9,f,1
16726182,42828,1605,41223,Australia,Entire home/apt,2,2,100,3,8,9,9,f,1
7813278,42828,907,41921,Australia,Entire home/apt,2,2,195,35,10,10,10,f,1
9910516,42828,717,42111,Australia,Entire home/apt,2.5,2,201,1,10,10,10,f,1
16768730,42828,604,42224,Australia,Entire home/apt,1,2,165,6,10,10,10,f,1
13515046,42828,1215,41613,Australia,Entire home/apt,1,1,190,4,9,10,9,f,1
16532508,42828,318,42510,Australia,Entire home/apt,2.5,4,450,1,10,10,10,f,1
11417934,42828,406,42422,Australia,Private room,2,1,166,0,,,,f,1
6961534,42828,651,42177,Australia,Entire home/apt,1,1,189,1,,,,f,1
15483960,42828,235,42593,Australia,Entire home/apt,1,2,190,1,10,10,10,t,1
3947037,42828,959,41869,Australia,Entire home/apt,1,0,101,4,10,10,9,f,1
13318845,42828,1781,41047,Australia,Private room,1,1,130,4,10,10,10,f,1
7423995,42828,1701,41127,Australia,Entire home/apt,1,1,185,60,10,10,9,f,1
15976945,42828,139,42689,Australia,Private room,2,1,80,2,10,10,10,t,1
14524280,42828,2100,40728,Australia,Private room,1.5,1,66,0,,,,f,1
16649251,42828,1170,41658,Australia,Private room,1,1,100,3,10,10,9,f,1
15195699,42828,1251,41577,Australia,Entire home/apt,2.5,3,485,0,,,,f,1
16074361,42828,1507,41321,Australia,Entire home/apt,1,1,170,3,9,9,9,f,1
3563801,42828,1714,41114,Australia,Entire home/apt,3.5,4,3000,1,10,10,10,f,1
13321907,42828,1695,41133,Australia,Entire home/apt,2,4,7700,0,,,,f,1
15746794,42828,749,42079,Australia,Entire home/apt,2.5,4,680,0,,,,f,1
804583,42828,1590,41238,Australia,Entire home/apt,1.5,2,400,0,,,,f,1
5654261,42828,778,42050,Australia,Entire home/apt,1,2,400,1,,,,f,1
17516300,42828,775,42053,Australia,Entire home/apt,1,1,92,5,10,10,9,t,1
13518618,42828,293,42535,Australia,Private room,1,1,35,5,9,9,9,t,1
5196072,42828,1418,41410,Australia,Entire home/apt,1,1,115,50,10,10,9,f,1
4867910,42828,1693,41135,Australia,Entire home/apt,1,2,189,55,9,10,9,f,1
9390036,42828,1420,41408,Australia,Entire home/apt,1,2,185,2,7,9,8,f,1
15025498,42828,929,41899,Australia,Private room,1,1,68,9,9,9,9,f,1
16665279,42828,295,42533,Australia,Private room,0.5,1,75,0,,,,f,1
3361316,42828,1020,41808,Australia,Entire home/apt,2,3,170,0,,,,f,1
5360268,42828,842,41986,Australia,Entire home/apt,1,2,250,1,10,10,10,f,1
16740750,42828,316,42512,Australia,Private room,1,1,71,10,9,10,9,t,1
17812241,42828,827,42001,Australia,Private room,1,1,121,0,,,,t,1
5786236,42828,1077,41751,Australia,Private room,1.5,1,80,1,8,10,10,f,1
9298367,42828,1495,41333,Australia,Private room,1,1,98,0,,,,f,1
2034794,42828,1215,41613,Australia,Private room,1,1,69,0,,,,f,1
17910425,42828,243,42585,Australia,Entire home/apt,1,2,121,1,10,10,10,f,1
4672155,42828,1363,41465,Australia,Entire home/apt,2.5,4,1560,0,,,,f,1
16338235,42828,1363,41465,Australia,Entire home/apt,4,4,624,0,,,,f,1
5661278,42828,1168,41660,Australia,Private room,1,1,80,0,,,,f,1
1985859,42828,1870,40958,Australia,Private room,1,1,69,4,10,10,10,f,1
15228087,42828,189,42639,Australia,Entire home/apt,1,2,281,0,,,,t,1
15879534,42828,963,41865,Australia,Private room,1,1,100,1,,,,t,1
17698059,42828,1644,41184,Australia,Entire home/apt,1,1,180,0,,,,f,1
10046874,42828,473,42355,Australia,Private room,1,1,235,0,,,,f,1
10111788,42828,469,42359,Australia,Private room,2,1,59,2,8,9,9,f,1
3492696,42828,1005,41823,Australia,Entire home/apt,2,3,345,5,9,10,9,f,1
10570636,42828,910,41918,Australia,Private room,1,1,60,6,10,10,10,f,1
4869063,42828,1432,41396,Australia,Entire home/apt,1,1,170,1,6,10,8,f,1
14175213,42828,1243,41585,Australia,Private room,1,1,69,1,6,10,10,f,1
15748080,42828,1558,41270,Australia,Entire home/apt,1,2,145,5,10,10,10,f,1
16338029,42828,163,42665,Australia,Private room,1,1,62,0,,,,f,1
8801399,42828,1335,41493,Australia,Private room,1,1,90,0,,,,f,1
9260169,42828,715,42113,Australia,Entire home/apt,1,2,149,1,10,10,10,f,1
13252472,42828,740,42088,Australia,Private room,1,1,48,0,,,,f,1
11685397,42828,2000,40828,Australia,Private room,1.5,1,55,2,9,9,10,f,1
11947897,42828,1239,41589,Australia,Entire home/apt,4,4,499,7,8,10,9,f,1
15290238,42828,1363,41465,Australia,Entire home/apt,2,3,457,0,,,,f,1
15355548,42828,1363,41465,Australia,Entire home/apt,3,4,1000,1,10,8,10,f,1
15421803,42828,1545,41283,Australia,Entire home/apt,2.5,3,450,1,10,8,10,f,1
15815067,42828,1363,41465,Australia,Entire home/apt,3,4,338,0,,,,f,1
13849309,42828,1513,41315,Australia,Private room,1,1,60,0,,,,f,1
10664046,42828,980,41848,Australia,Entire home/apt,1,2,229,1,10,8,8,f,1
10506913,42828,782,42046,Australia,Private room,1,1,60,0,,,,f,1
16107970,42828,711,42117,Australia,Entire home/apt,3,4,750,14,10,10,10,t,1
13980509,42828,655,42173,Australia,Private room,1,1,69,1,10,10,10,t,1
16420313,42828,286,42542,Australia,Shared room,2,1,66,1,6,8,10,f,1
10179402,42828,959,41869,Australia,Entire home/apt,2,3,176,13,10,10,9,f,1
6378556,42828,831,41997,Australia,Private room,1,1,50,10,10,9,10,f,1
13521989,42828,803,42025,Australia,Entire home/apt,1,1,105,1,10,10,10,t,1
11229035,42828,427,42401,Australia,Entire home/apt,2.5,4,800,0,,,,f,1
6378601,42828,691,42137,Australia,Private room,1,1,68,54,10,10,10,f,1
14309233,42828,329,42499,Australia,Private room,1,1,50,5,8,9,8,f,1
10638525,42828,510,42318,Australia,Private room,1,1,85,24,9,10,10,f,1
9721034,42828,697,42131,Australia,Entire home/apt,1,2,176,1,10,10,10,f,1
13209124,42828,618,42210,Australia,Entire home/apt,2,4,600,0,,,,f,1
7165126,42828,2314,40514,Australia,Private room,1,1,94,83,10,10,10,f,1
17519934,42828,716,42112,Australia,Entire home/apt,1,1,121,0,,,,f,1
7165420,42828,1219,41609,Australia,Private room,1,1,201,1,10,10,10,f,1
9591767,42828,498,42330,Australia,Private room,1,1,75,2,9,10,10,f,1
15664308,42828,161,42667,Australia,Entire home/apt,1,2,235,16,10,10,9,f,1
10835496,42828,926,41902,Australia,Entire home/apt,1,1,140,11,9,10,9,f,1
4085316,42828,1324,41504,Australia,Entire home/apt,5,4,1350,0,,,,f,1
17847883,42828,1251,41577,Australia,Entire home/apt,1,1,100,0,,,,f,1
16340579,42828,1369,41459,Australia,Private room,1,1,80,0,,,,f,1
10966647,42828,1161,41667,Australia,Entire home/apt,1,1,201,0,,,,f,1
1857221,42828,1252,41576,Australia,Entire home/apt,3,4,700,0,,,,f,1
2447095,42828,1135,41693,Australia,Entire home/apt,1,1,130,14,10,10,10,f,1
6902748,42828,655,42173,Australia,Entire home/apt,1,1,130,13,10,10,10,f,1
4740062,42828,1353,41475,Australia,Entire home/apt,2,3,551,29,9,10,9,f,1
9451693,42828,507,42321,Australia,Private room,1.5,1,69,2,10,10,10,f,1
2068171,42828,1208,41620,Australia,Private room,1,1,169,4,8,9,7,f,1
16036604,42828,137,42691,Australia,Private room,1,1,75,6,9,9,9,t,1
7791654,42828,1770,41058,Australia,Entire home/apt,2,2,215,5,10,10,10,f,1
6576243,42828,677,42151,Australia,Private room,1,1,90,3,10,10,10,f,1
9066612,42828,1110,41718,Australia,Entire home/apt,1,1,199,8,10,10,9,f,1
5855366,42828,736,42092,Australia,Private room,1,1,90,0,,,,f,1
15161501,42828,1363,41465,Australia,Entire home/apt,5,6,1300,0,,,,f,1
3149537,42828,1066,41762,Australia,Private room,1,1,135,0,,,,f,1
806337,42828,1589,41239,Australia,Entire home/apt,1.5,3,139,55,9,9,9,f,1
15751496,42828,1695,41133,Australia,Entire home/apt,1,2,425,1,10,10,10,f,1
17848732,42828,1513,41315,Australia,Private room,1,1,69,0,,,,f,1
15620499,42828,211,42617,Australia,Entire home/apt,1,2,149,0,,,,f,1
6904241,42828,934,41894,Australia,Entire home/apt,1,1,155,8,9,10,9,f,1
9842758,42828,484,42344,Australia,Entire home/apt,2,3,1000,0,,,,f,1
15555031,42828,167,42661,Australia,Private room,1,1,75,0,,,,f,1
12873548,42829,708,42121,Australia,Entire home/apt,1,1,149,6,10,10,10,f,1
4876001,42828,833,41995,Australia,Private room,1,1,69,77,8,10,9,t,1
13787599,42828,1714,41114,Australia,Entire home/apt,2.5,4,1199,4,10,10,10,f,1
17655959,42828,373,42455,Australia,Private room,1,1,73,1,10,10,10,t,1
5857722,42828,926,41902,Australia,Private room,1,1,50,58,9,10,10,f,1
7889373,42828,596,42232,Australia,Entire home/apt,1.5,3,551,3,10,10,10,f,1
13930855,42828,1281,41547,Australia,Entire home/apt,1,2,130,4,10,10,10,f,1
10707440,42828,442,42386,Australia,Entire home/apt,1,1,135,0,,,,f,1
15824106,42829,717,42112,Australia,Entire home/apt,3,3,675,1,10,10,10,f,1
17655993,42828,1305,41523,Australia,Entire home/apt,1,2,350,0,,,,t,1
16690761,42828,85,42743,Australia,Entire home/apt,1,0,201,1,10,10,10,f,1
2710334,42828,1167,41661,Australia,Entire home/apt,2.5,2,300,9,10,10,9,f,1
13919667,42828,850,41978,Australia,Private room,1,1,100,3,9,9,9,t,1
15101875,42830,667,42163,Australia,Entire home/apt,1,1,130,4,10,10,10,f,1
9103064,42828,1183,41645,Australia,Entire home/apt,3.5,4,750,1,10,10,10,f,1
17850940,42828,75,42753,Australia,Private room,1,1,47,0,,,,t,1
1991238,42828,1224,41604,Australia,Entire home/apt,1,2,201,2,10,10,10,f,1
5661309,42828,854,41974,Australia,Private room,1.5,1,90,4,9,9,8,f,1
14575975,42828,270,42558,Australia,Entire home/apt,2,2,275,6,10,10,10,f,1
3955698,42828,959,41869,Australia,Entire home/apt,1,1,135,6,9,10,9,f,1
16443118,42828,747,42081,Australia,Entire home/apt,3,3,425,0,,,,f,1
12522757,42828,890,41938,Australia,Private room,1,1,121,11,10,10,10,f,1
4548620,42829,876,41953,Australia,Private room,1,1,250,22,10,10,9,f,1
9735179,42828,1210,41618,Australia,Entire home/apt,1,1,185,3,10,10,10,f,1
16148968,42828,454,42374,Australia,Entire home/apt,1,2,165,0,,,,t,1
17718354,42828,680,42148,Australia,Entire home/apt,1,2,180,0,,,,f,1
14388485,42828,1174,41654,Australia,Entire home/apt,2,5,750,1,,,,t,1
875649,42828,1551,41277,Australia,Entire home/apt,1,1,149,2,10,10,9,f,1
290929,42829,1937,40892,Australia,Entire home/apt,1,2,240,6,9,10,9,f,1
15274415,42828,404,42424,Australia,Entire home/apt,2,4,950,0,,,,f,1
14772246,42829,369,42460,Australia,Entire home/apt,3.5,5,2000,0,,,,f,1
11514563,42829,894,41935,Australia,Entire home/apt,1,2,190,0,,,,f,1
11890813,42829,1247,41582,Australia,Entire home/apt,2,3,450,0,,,,f,1
4876841,42828,1129,41699,Australia,Entire home/apt,1,2,201,7,10,10,9,f,1
17654650,42828,24,42804,Australia,Entire home/apt,1,1,135,0,,,,f,1
3109045,42829,1085,41744,Australia,Entire home/apt,1,1,190,6,8,9,8,f,1
3631772,42828,1413,41415,Australia,Private room,1,1,121,17,10,10,10,f,1
17323053,42828,886,41942,Australia,Shared room,1,1,31,4,10,9,10,f,1
15889687,42829,2425,40404,Australia,Entire home/apt,1,2,300,1,,,,f,1
9595606,42828,672,42156,Australia,Entire home/apt,1,2,201,3,10,10,10,f,1
5137418,42828,929,41899,Australia,Entire home/apt,2,2,250,5,10,10,9,f,1
9102568,42828,535,42293,Australia,Entire home/apt,1.5,3,1500,0,,,,f,1
10575238,42828,1776,41052,Australia,Entire home/apt,1.5,2,320,1,10,10,10,f,1
14411274,42828,1165,41663,Australia,Entire home/apt,1,0,90,29,9,10,10,t,1
16278603,42828,379,42449,Australia,Private room,1.5,1,35,1,,,,t,1
813853,42828,1950,40878,Australia,Entire home/apt,1,2,180,33,9,10,9,f,1
11850472,42828,828,42000,Australia,Entire home/apt,2.5,2,499,2,10,10,10,f,1
5738409,42828,1050,41778,Australia,Entire home/apt,1,2,195,2,10,10,9,f,1
17611925,42828,1404,41424,Australia,Entire home/apt,1,1,130,0,,,,f,1
4617520,42829,1200,41629,Australia,Entire home/apt,2,1,149,1,10,10,10,f,1
5139261,42828,1035,41793,Australia,Entire home/apt,2,2,195,47,10,10,10,f,1
16147716,42828,1589,41239,Australia,Entire home/apt,1,1,160,2,7,10,10,f,1
4388883,42828,895,41933,Australia,Private room,1,1,100,1,10,10,10,f,1
9070673,42829,1396,41433,Australia,Entire home/apt,1,1,180,1,,,,f,1
16355825,42828,906,41922,Australia,Entire home/apt,1.5,2,201,0,,,,f,1
16817469,42829,1450,41379,Australia,Entire home/apt,1.5,2,350,0,,,,f,1
222559,42828,2216,40612,Australia,Private room,1,1,100,30,10,10,10,f,1
4875837,42828,932,41896,Australia,Entire home/apt,1,2,250,1,10,10,10,f,1
6320686,42829,1649,41180,Australia,Private room,1,1,69,1,2,10,2,t,1
6577816,42828,676,42152,Australia,Entire home/apt,1,0,100,1,8,6,10,f,1
15625170,42828,451,42377,Australia,Entire home/apt,1,2,300,1,10,10,10,f,1
13398615,42829,42829,,Australia,Entire home/apt,1,1,235,0,,,,f,1
12215726,42828,1695,41133,Australia,Entire home/apt,3.5,4,2800,0,,,,f,1
16608233,42828,910,41918,Australia,Private room,1,1,75,0,,,,f,1
12940019,42828,1469,41359,Australia,Entire home/apt,1,2,180,1,,,,f,1
11625944,42828,1140,41688,Australia,Entire home/apt,1,1,160,2,7,10,8,f,1
14248993,42828,905,41923,Australia,Entire home/apt,1,1,115,7,9,9,9,f,1
5862093,42830,760,42070,Australia,Entire home/apt,1,2,325,4,7,10,9,f,1
4615303,42829,1585,41244,Australia,Entire home/apt,2.5,4,554,1,6,10,8,f,1
16016967,42828,499,42329,Australia,Entire home/apt,2,3,700,0,,,,t,1
8940690,42829,536,42293,Australia,Entire home/apt,2,2,245,1,10,10,10,f,1
16498131,42829,42829,,Australia,Entire home/apt,1,1,110,5,,,,f,1
9133932,42828,951,41877,Australia,Private room,1,1,66,4,10,10,10,f,1
10250103,42829,1777,41052,Australia,Entire home/apt,1,1,244,3,8,10,9,f,1
16605092,42828,90,42738,Australia,Private room,1.5,1,499,0,,,,t,1
1990574,42828,1251,41577,Australia,Private room,1,1,135,14,10,10,10,f,1
7716061,42829,1912,40917,Australia,Private room,1.5,1,66,3,10,9,10,f,1
2911570,42829,1071,41758,Australia,Entire home/apt,2,3,600,1,8,10,10,f,1
6578124,42828,676,42152,Australia,Entire home/apt,1,1,220,0,,,,f,1
290146,42829,2535,40294,Australia,Entire home/apt,2,2,208,5,6,10,8,f,1
5205390,42829,1865,40964,Australia,Entire home/apt,1,1,195,0,,,,f,1
9530830,42829,1230,41599,Australia,Entire home/apt,1,2,300,0,,,,f,1
12612697,42829,1391,41438,Australia,Entire home/apt,1.5,3,849,1,,,,f,1
2977417,42829,1253,41576,Australia,Private room,1.5,1,80,0,,,,f,1
16348284,42829,1213,41616,Australia,Entire home/apt,3,4,750,0,,,,t,1
16017289,42828,137,42691,Australia,Entire home/apt,1,2,195,13,10,10,10,f,1
1799336,42829,1268,41561,Australia,Private room,1,1,85,4,10,10,8,f,1
4746932,42829,1043,41786,Australia,Entire home/apt,4,5,2199,0,,,,f,1
9594241,42828,1058,41770,Australia,Private room,1,1,130,1,6,10,6,f,1
11826366,42829,728,42101,Australia,Shared room,1,1,30,0,,,,f,1
6516480,42829,1462,41367,Australia,Entire home/apt,3,5,700,4,9,10,10,f,1
11799834,42828,454,42374,Australia,Private room,1,1,75,1,,,,f,1
17131505,42828,1370,41458,Australia,Entire home/apt,4.5,5,478,0,,,,f,1
17590263,42828,714,42114,Australia,Private room,1,1,80,0,,,,f,1
9793295,42829,488,42341,Australia,Private room,1.5,1,50,5,8,9,10,f,1
4486372,42829,1094,41735,Australia,Entire home/apt,1.5,4,941,0,,,,f,1
3783686,42828,1573,41255,Australia,Entire home/apt,1,0,109,3,10,10,10,f,1
15471241,42829,444,42385,Australia,Private room,1,1,100,1,,,,f,1
3730499,42830,982,41848,Australia,Entire home/apt,1,2,210,1,8,8,8,f,1
13890065,42830,349,42481,Australia,Entire home/apt,1,2,210,35,8,10,9,f,1
6974679,42830,655,42175,Australia,Private room,2,1,64,1,10,10,8,f,1
4494329,42830,1044,41786,Australia,Entire home/apt,2,2,501,0,,,,f,1
6453047,42830,729,42101,Australia,Entire home/apt,1,2,240,3,10,10,10,f,1
5862743,42830,735,42095,Australia,Private room,1,1,80,0,,,,f,1
14076976,42830,261,42569,Australia,Entire home/apt,3,4,451,1,10,10,8,f,1
784457,42829,1895,40934,Australia,Entire home/apt,1,2,350,15,10,10,9,f,1
9958009,42830,1183,41647,Australia,Entire home/apt,1,2,100,4,9,10,10,f,1
10254436,42829,788,42041,Australia,Entire home/apt,3,3,600,0,,,,f,1
15104097,42829,681,42148,Australia,Entire home/apt,1,2,231,14,9,10,9,f,1
16872087,42830,890,41940,Australia,Entire home/apt,1,2,180,1,10,10,10,f,1
9599887,42830,947,41883,Australia,Private room,1,1,100,5,9,10,10,f,1
14579699,42830,231,42599,Australia,Entire home/apt,1,1,125,0,,,,f,1
8943975,42829,535,42294,Australia,Entire home/apt,1,3,250,0,,,,f,1
1603947,42829,1312,41517,Australia,Entire home/apt,1,1,140,2,10,9,10,f,1
10058160,42829,601,42228,Australia,Private room,1,1,84,36,10,10,10,f,1
9533906,42829,824,42005,Australia,Entire home/apt,1,2,499,7,9,10,10,f,1
3106129,42829,1049,41780,Australia,Private room,1,1,75,0,,,,f,1
15759841,42829,1156,41673,Australia,Entire home/apt,2,4,1669,0,,,,f,1
5204990,42830,797,42033,Australia,Entire home/apt,2,3,260,1,10,10,10,f,1
2456142,42829,1134,41695,Australia,Entire home/apt,1,2,160,3,7,7,7,f,1
9622302,42829,1008,41821,Australia,Private room,2,4,380,1,,,,f,1
2937640,42829,2112,40717,Australia,Entire home/apt,2,2,50,0,,,,f,1
15792636,42830,154,42676,Australia,Entire home/apt,1.5,2,275,6,10,10,10,f,1
3994532,42830,951,41879,Australia,Entire home/apt,1,0,194,127,10,10,10,f,1
840637,42829,1725,41104,Australia,Private room,2.5,1,49,8,7,10,8,f,1
14187189,42829,379,42450,Australia,Entire home/apt,2.5,5,499,3,6,9,8,f,1
9697449,42830,731,42099,Australia,Entire home/apt,2,2,349,0,,,,f,1
14639872,42829,758,42071,Australia,Entire home/apt,1,2,275,3,8,10,9,f,1
16618612,42829,778,42051,Australia,Private room,1,1,125,1,10,10,10,f,1
4085526,42829,951,41878,Australia,Entire home/apt,1,2,230,17,8,9,8,f,1
4379798,42829,1770,41059,Australia,Entire home/apt,1,1,130,5,10,10,9,f,1
14537992,42829,1268,41561,Australia,Entire home/apt,1,2,600,5,10,9,10,f,1
17683753,42829,1043,41786,Australia,Entire home/apt,3,3,501,0,,,,f,1
4218431,42829,960,41869,Australia,Entire home/apt,2,1,150,0,,,,f,1
4380057,42829,1270,41559,Australia,Entire home/apt,1,2,150,15,10,9,10,f,1
12122369,42829,474,42355,Australia,Entire home/apt,1,0,118,0,,,,f,1
4970020,42829,1021,41808,Australia,Private room,1,1,80,0,,,,f,1
17159741,42829,1793,41036,Australia,Private room,2,1,150,1,6,10,8,f,1
10868306,42829,741,42088,Australia,Entire home/apt,1,1,200,0,,,,f,1
17421957,42829,1043,41786,Australia,Entire home/apt,1,1,250,0,,,,f,1
4387919,42830,921,41909,Australia,Entire home/apt,1,2,180,0,,,,f,1
990957,42830,1484,41346,Australia,Private room,,1,95,39,9,9,9,f,1
13333873,42829,1585,41244,Australia,Entire home/apt,2,3,300,1,,,,f,1
9689012,42829,858,41971,Australia,Entire home/apt,1,1,116,4,9,10,10,f,1
4504175,42829,1626,41203,Australia,Entire home/apt,1,2,200,0,,,,f,1
10394470,42829,682,42147,Australia,Entire home/apt,2.5,3,200,2,10,10,10,f,1
16017935,42829,1730,41099,Australia,Entire home/apt,2,3,350,1,10,8,10,t,1
9796749,42829,865,41964,Australia,Entire home/apt,2.5,4,849,0,,,,f,1
17225986,42829,280,42549,Australia,Entire home/apt,1,1,150,0,,,,f,1
9564515,42830,502,42328,Australia,Entire home/apt,1,1,200,0,,,,f,1
11589951,42829,1024,41805,Australia,Entire home/apt,1,1,126,2,8,10,10,f,1
16243056,42829,1204,41625,Australia,Entire home/apt,1,1,198,0,,,,f,1
9338070,42829,513,42316,Australia,Entire home/apt,1,2,169,39,9,10,9,f,1
4381087,42829,2092,40737,Australia,Private room,1.5,1,88,2,5,10,9,f,1
6192397,42829,1137,41692,Australia,Entire home/apt,2,3,350,2,8,10,10,t,1
15718828,42829,559,42270,Australia,Private room,1,1,80,5,10,10,10,f,1
16243156,42829,211,42618,Australia,Private room,1,1,70,0,,,,f,1
818515,42829,1585,41244,Australia,Entire home/apt,,4,1050,0,,,,f,1
4816218,42829,843,41986,Australia,Entire home/apt,1,2,135,0,,,,f,1
10410510,42829,1777,41052,Australia,Entire home/apt,1,2,218,2,8,9,8,f,1
17514391,42829,514,42315,Australia,Entire home/apt,1,1,135,0,,,,f,1
3201591,42829,1056,41773,Australia,Entire home/apt,1,1,127,0,,,,f,1
1080742,42829,1450,41379,Australia,Private room,1,1,125,26,10,10,10,f,1
6019694,42829,1043,41786,Australia,Entire home/apt,2,3,399,1,10,10,10,f,1
17095299,42829,175,42654,Australia,Private room,1,1,175,0,,,,f,1
7501298,42829,622,42207,Australia,Private room,1.5,1,60,0,,,,f,1
9739781,42829,1398,41431,Australia,Entire home/apt,2.5,3,451,0,,,,f,1
6520319,42829,2036,40793,Australia,Private room,1,1,66,10,10,10,10,f,1
7920496,42829,772,42057,Australia,Entire home/apt,1,4,290,16,9,9,9,f,1
18012941,42829,467,42362,Australia,Entire home/apt,1,1,260,0,,,,f,1
11761129,42830,481,42349,Australia,Entire home/apt,1,1,80,0,,,,f,1
16505618,42829,144,42685,Australia,Entire home/apt,3,4,1500,0,,,,f,1
15719196,42829,602,42227,Australia,Entire home/apt,2,1,499,6,10,10,9,f,1
9597591,42830,1368,41462,Australia,Entire home/apt,1,2,300,0,,,,f,1
17530464,42829,1715,41114,Australia,Entire home/apt,1,2,590,0,,,,f,1
3052819,42829,1420,41409,Australia,Entire home/apt,1,2,149,9,10,10,9,f,1
12114752,42830,1778,41052,Australia,Entire home/apt,2,3,263,0,,,,f,1
10059490,42829,1777,41052,Australia,Entire home/apt,3,4,839,0,,,,f,1
16505868,42829,100,42729,Australia,Entire home/apt,2,4,650,0,,,,f,1
13687842,42829,2066,40763,Australia,Private room,1,1,95,0,,,,f,1
13425742,42829,977,41852,Australia,Entire home/apt,1,1,70,3,10,10,10,f,1
11826454,42830,1157,41673,Australia,Entire home/apt,4,5,2214,0,,,,f,1
973925,42829,2061,40768,Australia,Entire home/apt,2,3,219,216,10,10,10,f,1
16149381,42830,841,41989,Australia,Entire home/apt,1,2,330,0,,,,f,1
10017940,42829,759,42070,Australia,Entire home/apt,1.5,2,1500,0,,,,f,1
4816807,42829,843,41986,Australia,Entire home/apt,2,2,300,0,,,,f,1
10870053,42829,1615,41214,Australia,Entire home/apt,2,2,219,1,,,,f,1
16244025,42829,287,42542,Australia,Entire home/apt,1,2,155,12,10,10,10,f,1
16928652,42829,70,42759,Australia,Private room,1,0,53,0,,,,t,1
10256482,42829,1916,40913,Australia,Private room,2,1,66,25,10,10,10,f,1
7134701,42829,1098,41731,Australia,Entire home/apt,2,4,296,19,8,10,10,f,1
10141729,42829,469,42360,Australia,Entire home/apt,1,2,110,0,,,,f,1
4775564,42829,1421,41408,Australia,Entire home/apt,1.5,3,700,9,10,10,9,f,1
9011542,42829,2672,40157,Australia,Private room,1,1,90,0,,,,f,1
2156473,42830,1639,41191,Australia,Private room,1,1,109,51,10,10,10,f,1
1999330,42829,1224,41605,Australia,Entire home/apt,1,2,201,5,10,10,10,f,1
13105207,42830,1138,41692,Australia,Private room,1,1,38,2,10,10,10,f,1
5538323,42829,1568,41261,Australia,Entire home/apt,1,1,94,2,10,10,10,f,1
14956138,42829,1075,41754,Australia,Entire home/apt,1.5,4,329,3,8,9,9,f,1
17626554,42830,353,42477,Australia,Private room,1,1,150,0,,,,f,1
6980229,42829,1011,41818,Australia,Private room,1,1,90,0,,,,f,1
13963713,42830,1365,41465,Australia,Entire home/apt,4,6,2429,0,,,,f,1
9667235,42829,828,42001,Australia,Entire home/apt,2,4,378,0,,,,t,1
12157612,42829,369,42460,Australia,Entire home/apt,1,2,250,7,10,10,9,f,1
8942380,42830,548,42282,Australia,Private room,1,1,120,8,10,10,10,f,1
9696389,42830,494,42336,Australia,Entire home/apt,2,3,551,0,,,,t,1
16072832,42829,133,42696,Australia,Entire home/apt,1,1,201,0,,,,f,1
10524124,42829,643,42186,Australia,Private room,1,1,100,0,,,,f,1
16742092,42829,111,42718,Australia,Private room,1,1,121,1,10,10,10,t,1
7827651,42830,1044,41786,Australia,Entire home/apt,4,3,2000,0,,,,f,1
12092261,42829,372,42457,Australia,Entire home/apt,1,1,320,0,,,,f,1
9814161,42829,1164,41665,Australia,Private room,1,1,90,16,10,10,9,f,1
9012133,42829,602,42227,Australia,Entire home/apt,3.5,5,1199,1,8,10,10,f,1
16679897,42829,42829,,Australia,Entire home/apt,4,5,1500,0,,,,f,1
17335271,42829,1377,41452,Australia,Entire home/apt,1,1,220,3,10,10,10,t,1
11699188,42829,42829,,Australia,Entire home/apt,1,2,201,1,10,10,10,t,1
11955837,42830,380,42450,Australia,Entire home/apt,2,2,250,0,,,,f,1
14579237,42830,231,42599,Australia,Entire home/apt,2,2,286,4,10,10,10,f,1
11823407,42829,638,42191,Australia,Entire home/apt,1,1,180,0,,,,f,1
17723919,42830,712,42118,Australia,Entire home/apt,1,1,75,0,,,,t,1
9049685,42829,817,42012,Australia,Entire home/apt,2.5,3,290,0,,,,f,1
10913383,42829,582,42247,Australia,Private room,2,1,100,9,10,10,10,f,1
15706331,42830,1252,41578,Australia,Entire home/apt,1,2,56,1,10,10,10,f,1
11497851,42830,404,42426,Australia,Entire home/apt,3,4,399,1,8,10,10,f,1
9860783,42830,485,42345,Australia,Private room,1,1,105,2,10,10,9,f,1
16086899,42829,608,42221,Australia,Shared room,2,1,55,0,,,,f,1
17032065,42829,2044,40785,Australia,Private room,1.5,2,100,0,,,,f,1
15136300,42830,1697,41133,Australia,Entire home/apt,2,4,19999,0,,,,f,1
11596205,42830,490,42340,Australia,Private room,1,1,80,0,,,,f,1
8972439,42830,898,41932,Australia,Entire home/apt,1,1,205,1,8,10,10,f,1
6914738,42829,655,42174,Australia,Entire home/apt,3.5,3,271,0,,,,f,1
4228136,42829,1585,41244,Australia,Entire home/apt,1,2,210,1,10,10,10,f,1
9536584,42829,1427,41402,Australia,Entire home/apt,1,2,210,6,10,10,9,f,1
2786443,42829,1086,41743,Australia,Private room,1,1,91,46,10,10,10,f,1
16417975,42829,108,42721,Australia,Entire home/apt,1,1,600,0,,,,f,1
15959236,42829,1125,41704,Australia,Private room,1,1,75,1,10,10,10,f,1
16352482,42829,1658,41171,Australia,Entire home/apt,1,1,219,4,10,10,10,f,1
15961242,42829,296,42533,Australia,Entire home/apt,2.5,4,675,0,,,,f,1
4754030,42829,884,41945,Australia,Entire home/apt,1,1,200,2,8,10,9,t,1
13535871,42829,297,42532,Australia,Entire home/apt,3.5,4,349,3,10,10,10,f,1
8293390,42829,644,42185,Australia,Private room,1,1,70,13,10,10,10,f,1
756958,42829,1682,41147,Australia,Entire home/apt,1,2,250,3,9,9,9,f,1
11832073,42829,391,42438,Australia,Entire home/apt,3.5,4,800,0,,,,f,1
2919469,42829,1090,41739,Australia,Entire home/apt,1,2,300,0,,,,f,1
5803271,42829,911,41918,Australia,Entire home/apt,2,3,476,26,9,10,9,f,1
16138971,42829,128,42701,Australia,Entire home/apt,1,2,300,14,10,8,9,t,1
4624028,42829,1107,41722,Australia,Entire home/apt,1,2,250,7,10,9,9,f,1
429733,42829,2147,40682,Australia,Entire home/apt,1,1,150,1,10,10,10,f,1
1151506,42829,1426,41403,Australia,Entire home/apt,2,3,290,25,9,9,9,f,1
9080746,42829,527,42302,Australia,Entire home/apt,1,1,191,0,,,,f,1
13930895,42829,537,42292,Australia,Entire home/apt,2.5,4,495,22,10,10,10,f,1
10063617,42829,473,42356,Australia,Entire home/apt,1,2,200,3,9,9,9,f,1
4755217,42829,1659,41170,Australia,Entire home/apt,1,1,125,74,10,10,10,f,1
60644,42829,2328,40501,Australia,Private room,1,1,169,16,9,10,9,f,1
17796730,42829,490,42339,Australia,Private room,1,1,51,0,,,,t,1
9672118,42829,1173,41656,Australia,Entire home/apt,1,2,166,1,8,10,6,f,1
9671980,42829,1881,40948,Australia,Entire home/apt,1,0,100,13,9,10,8,f,1
10392584,42829,454,42375,Australia,Entire home/apt,1,2,150,1,10,10,10,f,1
10666820,42829,442,42387,Australia,Entire home/apt,1,1,250,2,8,10,8,f,1
13866507,42829,354,42475,Australia,Entire home/apt,2,2,200,0,,,,t,1
7902593,42829,597,42232,Australia,Private room,1,2,91,1,10,10,10,f,1
10655788,42829,443,42386,Australia,Private room,1,1,89,2,10,9,10,f,1
16619594,42829,287,42542,Australia,Private room,1,2,219,0,,,,f,1
12687443,42829,512,42317,Australia,Entire home/apt,2.5,4,515,0,,,,f,1
15833304,42829,1777,41052,Australia,Entire home/apt,1,1,150,0,,,,f,1
9475817,42829,506,42323,Australia,Entire home/apt,1.5,2,330,9,10,10,10,f,1
6264596,42829,1478,41351,Australia,Entire home/apt,1.5,3,202,11,10,10,10,f,1
9476515,42829,1346,41483,Australia,Entire home/apt,1,1,150,10,8,10,9,f,1
14524902,42829,1022,41807,Australia,Entire home/apt,1,1,200,0,,,,f,1
15440358,42829,1157,41672,Australia,Entire home/apt,1,1,250,1,10,10,10,t,1
6068724,42829,2315,40514,Australia,Private room,2,2,80,62,9,10,9,f,1
728222,42829,1961,40868,Australia,Entire home/apt,1,2,999,3,9,10,9,t,1
2989254,42829,1218,41611,Australia,Entire home/apt,1,2,130,1,10,10,10,f,1
13180227,42829,315,42514,Australia,Private room,1,1,109,0,,,,f,1
10755635,42829,441,42388,Australia,Entire home/apt,1,1,399,0,,,,f,1
15637117,42829,862,41967,Australia,Private room,1,1,150,0,,,,f,1
1941409,42829,1416,41413,Australia,Entire home/apt,1,1,130,8,8,9,9,f,1
9869991,42829,1185,41644,Australia,Entire home/apt,1,1,130,0,,,,f,1
2105370,42829,1213,41616,Australia,Private room,1,1,120,24,10,10,10,f,1
12918930,42829,1376,41453,Australia,Entire home/apt,1,0,100,0,,,,f,1
17146016,42829,1101,41728,Australia,Private room,1,1,93,2,10,10,8,f,1
14917866,42829,2521,40308,Australia,Entire home/apt,2,3,800,2,8,10,8,f,1
16521966,42829,753,42076,Australia,Private room,1,1,79,4,9,9,10,f,1
1087946,42829,1447,41382,Australia,Private room,1,1,68,1,10,10,10,f,1
14394630,42829,305,42524,Australia,Entire home/apt,1,2,130,0,,,,f,1
13675660,42829,783,42046,Australia,Private room,1,1,60,0,,,,t,1
3388593,42829,1017,41812,Australia,Entire home/apt,1,1,225,3,6,9,9,f,1
7719465,42829,619,42210,Australia,Private room,1,1,64,1,,,,f,1
84137,42829,2204,40625,Australia,Entire home/apt,,2,150,9,8,10,8,f,1
14995576,42829,418,42411,Australia,Private room,1,1,43,0,,,,f,1
4631435,42829,866,41963,Australia,Private room,1,1,70,3,9,10,10,f,1
15904865,42829,765,42064,Australia,Entire home/apt,1,3,321,6,9,10,9,t,1
16560217,42829,738,42091,Australia,Entire home/apt,1,2,191,14,10,10,10,f,1
6467656,42829,778,42051,Australia,Private room,1,1,55,14,9,10,10,f,1
16429081,42829,107,42722,Australia,Entire home/apt,2.5,3,476,3,8,10,10,f,1
15970334,42829,1364,41465,Australia,Entire home/apt,4,4,624,0,,,,f,1
16166869,42829,126,42703,Australia,Private room,2,1,45,0,,,,t,1
1637981,42830,1305,41525,Australia,Entire home/apt,4,4,451,14,10,10,10,f,1
7502489,42830,622,42208,Australia,Private room,1,1,80,0,,,,f,1
16415980,42830,219,42611,Australia,Private room,1,1,60,17,9,10,10,t,1
9698377,42830,1169,41661,Australia,Entire home/apt,1,1,296,2,6,10,10,f,1
16087040,42830,1688,41142,Australia,Entire home/apt,1,2,275,30,10,10,9,f,1
12176259,42830,1222,41608,Australia,Private room,1,1,110,1,8,8,10,f,1
9696462,42830,929,41901,Australia,Entire home/apt,2,3,451,0,,,,f,1
11971782,42830,380,42450,Australia,Entire home/apt,1,1,91,0,,,,f,1
6367621,42830,694,42136,Australia,Entire home/apt,1,2,551,0,,,,f,1
9566310,42830,2421,40409,Australia,Entire home/apt,1,2,200,0,,,,f,1
9630576,42830,1930,40900,Australia,Entire home/apt,2,3,490,0,,,,f,1
9761627,42830,490,42340,Australia,Entire home/apt,1.5,4,551,0,,,,f,1
9761593,42830,490,42340,Australia,Entire home/apt,1,0,130,2,6,8,6,f,1
3209018,42830,1044,41786,Australia,Entire home/apt,2,3,501,1,10,10,10,f,1
1996287,42830,1229,41601,Australia,Entire home/apt,1,1,120,11,9,10,9,f,1
14579154,42830,231,42599,Australia,Private room,1,1,75,0,,,,f,1
17756673,42830,22,42808,Australia,Entire home/apt,1,2,250,0,,,,f,1
9335189,42830,514,42316,Australia,Private room,0,1,47,0,,,,f,1
13891173,42830,978,41852,Australia,Private room,1,1,60,2,10,10,10,f,1
16445591,42830,320,42510,Australia,Entire home/apt,1,2,260,0,,,,f,1
17625162,42830,28,42802,Australia,Entire home/apt,1,2,225,1,10,10,10,f,1
15134761,42830,1697,41133,Australia,Private room,2,1,8800,0,,,,f,1
223221,42830,2030,40800,Australia,Private room,1,1,95,118,10,10,9,f,1
12611443,42830,348,42482,Australia,Entire home/apt,1,3,399,0,,,,f,1
1175900,42830,1419,41411,Australia,Entire home/apt,1,1,130,17,9,9,9,f,1
17756503,42830,1036,41794,Australia,Shared room,1,1,32,0,,,,f,1
16444502,42830,1603,41227,Australia,Private room,1,1,62,6,9,9,8,f,1
6351454,42830,2410,40420,Australia,Private room,2,1,51,0,,,,f,1
1370654,42830,1364,41466,Australia,Entire home/apt,1,1,160,1,10,10,10,f,1
16443871,42830,106,42724,Australia,Entire home/apt,1,2,180,2,2,10,6,f,1
17033148,42830,63,42767,Australia,Entire home/apt,2,3,700,0,,,,t,1
2009012,42830,1223,41607,Australia,Private room,2.5,1,135,5,9,10,10,f,1
8973146,42830,535,42295,Australia,Entire home/apt,1.5,2,480,1,10,6,8,f,1
16246089,42829,120,42709,Australia,Entire home/apt,1,3,250,1,8,6,8,f,1
9490637,42829,505,42324,Australia,Entire home/apt,1,1,150,1,8,10,6,f,1
15328394,42829,1685,41144,Australia,Entire home/apt,5.5,4,1200,0,,,,f,1
9203333,42830,1078,41752,Australia,Entire home/apt,1,1,169,8,9,10,9,f,1
16164798,42830,1157,41673,Australia,Entire home/apt,3.5,3,1205,0,,,,f,1
6742940,42829,694,42135,Australia,Entire home/apt,1.5,3,346,17,10,10,10,f,1
9780018,42829,488,42341,Australia,Entire home/apt,1,1,145,2,9,10,9,f,1
16507663,42829,2188,40641,Australia,Private room,1,1,95,3,10,9,10,f,1
9479766,42830,1527,41303,Australia,Entire home/apt,2,2,501,0,,,,f,1
4186050,42829,1492,41337,Australia,Entire home/apt,6,5,1401,18,10,10,10,f,1
16245426,42829,1156,41673,Australia,Entire home/apt,2,3,1080,0,,,,f,1
13066790,42829,1364,41465,Australia,Entire home/apt,4,5,1000,2,10,10,8,f,1
15523240,42829,1062,41767,Australia,Entire home/apt,1,1,150,0,,,,f,1
4776066,42829,2001,40828,Australia,Private room,1.5,1,70,4,8,9,8,f,1
16506921,42829,573,42256,Australia,Entire home/apt,2.5,4,750,1,10,10,10,f,1
16898275,42829,131,42698,Australia,Private room,1,1,110,6,9,10,9,f,1
12931790,42829,582,42247,Australia,Entire home/apt,1,0,95,3,9,10,10,f,1
1823379,42829,1518,41311,Australia,Entire home/apt,2.5,4,850,0,,,,f,1
2445946,42829,1136,41693,Australia,Entire home/apt,2,4,1150,2,10,10,10,f,1
11719218,42829,525,42304,Australia,Private room,2.5,1,60,3,7,7,6,f,1
14864952,42829,1364,41465,Australia,Entire home/apt,4.5,4,1248,0,,,,f,1
10060075,42829,2026,40803,Australia,Entire home/apt,1,3,250,0,,,,t,1
16491251,42829,776,42053,Australia,Private room,1,1,100,1,10,10,10,f,1
17348671,42829,903,41926,Australia,Private room,1,1,70,1,10,8,10,f,1
17944894,42829,1200,41629,Australia,Private room,1,1,70,0,,,,f,1
13226011,42829,1364,41465,Australia,Entire home/apt,3,3,1000,0,,,,f,1
1626103,42829,2203,40626,Australia,Entire home/apt,1,0,95,5,9,9,10,f,1
5230581,42829,793,42036,Australia,Entire home/apt,1,0,100,2,10,9,9,f,1
15749053,42829,270,42559,Australia,Entire home/apt,1.5,2,200,2,10,10,10,f,1
10211151,42829,598,42231,Australia,Entire home/apt,1,2,150,1,10,10,8,f,1
5459642,42829,1383,41446,Australia,Private room,1,1,169,12,10,10,10,f,1
9883287,42829,959,41870,Australia,Private room,1,1,80,7,10,10,10,f,1
17485436,42829,843,41986,Australia,Entire home/apt,1,2,179,0,,,,f,1
13192792,42829,1749,41080,Australia,Private room,1,1,145,17,10,10,10,f,1
4640056,42829,1252,41577,Australia,Entire home/apt,1,2,310,31,10,10,9,f,1
15944827,42829,2004,40825,Australia,Entire home/apt,1,1,125,12,10,10,10,f,1
15649633,42829,679,42150,Australia,Private room,1,1,130,0,,,,f,1
16469382,42829,1785,41044,Australia,Private room,1,1,80,6,9,8,8,f,1
16338297,42829,1585,41244,Australia,Entire home/apt,1,2,244,2,10,10,8,t,1
3032291,42829,1090,41739,Australia,Entire home/apt,1,2,166,2,5,10,7,f,1
7390285,42829,1454,41375,Australia,Entire home/apt,2,3,240,4,,,,f,1
16588977,42829,1055,41774,Australia,Private room,1,1,70,4,9,10,10,f,1
10144746,42829,468,42361,Australia,Entire home/apt,1,1,650,0,,,,f,1
16368534,42829,1156,41673,Australia,Entire home/apt,1,2,371,1,10,10,10,f,1
2749926,42829,1353,41476,Australia,Entire home/apt,1,0,125,33,10,10,9,f,1
15680268,42829,602,42227,Australia,Entire home/apt,3.5,4,1500,0,,,,f,1
15778310,42829,1856,40973,Australia,Private room,1,1,110,4,10,10,9,f,1
4113023,42829,1157,41672,Australia,Entire home/apt,1.5,3,1249,0,,,,f,1
1231445,42829,1470,41359,Australia,Private room,2,1,191,0,,,,f,1
8571377,42829,1531,41298,Australia,Entire home/apt,1,2,219,47,9,10,9,f,1
8636906,42829,848,41981,Australia,Entire home/apt,1,2,135,3,9,10,9,f,1
3721635,42829,981,41848,Australia,Entire home/apt,4.5,5,1000,0,,,,f,1
16042354,42829,324,42505,Australia,Entire home/apt,1,1,100,18,10,10,10,f,1
17385805,42829,2234,40595,Australia,Private room,1,1,100,0,,,,f,1
4639027,42829,879,41950,Australia,Private room,2,1,80,1,6,10,10,f,1
3721456,42829,2280,40549,Australia,Private room,1,1,75,9,10,10,10,f,1
17320138,42829,328,42501,Australia,Private room,1,1,169,0,,,,f,1
9357286,42829,512,42317,Australia,Private room,1,1,205,0,,,,f,1
15058895,42829,1256,41573,Australia,Entire home/apt,2,2,300,1,10,10,10,f,1
3786673,42829,1500,41329,Australia,Entire home/apt,2.5,3,300,2,10,10,10,t,1
10634807,42829,473,42356,Australia,Private room,1,1,120,0,,,,f,1
12897199,42829,333,42496,Australia,Entire home/apt,1,1,80,3,9,9,10,f,1
16433626,42829,106,42723,Australia,Private room,1.5,1,150,1,8,10,6,f,1
12370397,42829,372,42457,Australia,Entire home/apt,2,2,349,0,,,,f,1
2474440,42829,1179,41650,Australia,Entire home/apt,1,1,187,4,8,10,10,f,1
14860736,42829,696,42133,Australia,Entire home/apt,1,2,155,0,,,,f,1
13287786,42829,1136,41693,Australia,Entire home/apt,2.5,3,399,0,,,,f,1
5109126,42829,1051,41778,Australia,Entire home/apt,2,4,750,0,,,,f,1
14327850,42829,486,42343,Australia,Entire home/apt,2,4,700,2,10,10,10,t,1
15114510,42829,1797,41032,Australia,Private room,1,1,60,17,9,10,10,f,1
4768694,42829,2492,40337,Australia,Entire home/apt,1,1,244,1,10,10,10,f,1
8959354,42829,796,42033,Australia,Private room,1,1,135,0,,,,f,1
9945084,42829,1778,41051,Australia,Entire home/apt,2,2,399,1,8,10,8,f,1
9741063,42829,490,42339,Australia,Entire home/apt,1,1,349,0,,,,f,1
15318915,42829,184,42645,Australia,Private room,1,1,70,1,10,10,8,f,1
3981172,42829,1364,41465,Australia,Entire home/apt,4,5,935,0,,,,f,1
16039776,42829,472,42357,Australia,Entire home/apt,1,2,200,1,10,10,10,t,1
3522081,42829,1540,41289,Australia,Entire home/apt,1,1,175,10,9,10,9,f,1
4832701,42829,841,41988,Australia,Private room,1,1,100,1,10,10,6,f,1
409800,42829,2317,40512,Australia,Entire home/apt,1,1,99,1,6,10,8,f,1
8371393,42829,814,42015,Australia,Entire home/apt,1,1,95,0,,,,f,1
15973461,42829,739,42090,Australia,Private room,1,1,58,2,10,10,10,f,1
8895488,42829,702,42127,Australia,Private room,1,1,64,8,10,9,10,f,1
17317668,42829,1730,41099,Australia,Private room,1,1,79,3,9,10,10,f,1
16301835,42829,1172,41657,Australia,Private room,1,1,91,13,9,10,10,f,1
9978885,42829,1777,41052,Australia,Entire home/apt,1,1,271,1,8,4,2,t,1
6666912,42829,671,42158,Australia,Entire home/apt,1,1,78,1,10,10,10,f,1
12230539,42829,474,42355,Australia,Entire home/apt,1,0,95,3,10,10,10,f,1
16693681,42829,85,42744,Australia,Entire home/apt,1,1,200,0,,,,f,1
2662127,42829,1103,41726,Australia,Entire home/apt,1,1,120,0,,,,f,1
16759060,42829,738,42091,Australia,Private room,1,1,95,0,,,,f,1
15775938,42829,998,41831,Australia,Private room,1,1,64,0,,,,f,1
6146815,42829,1267,41562,Australia,Private room,1,1,53,0,,,,f,1
3639647,42829,995,41834,Australia,Private room,1,1,60,16,10,10,10,f,1
6011829,42829,721,42108,Australia,Private room,3,1,91,0,,,,f,1
16235349,42829,131,42698,Australia,Entire home/apt,1,1,99,1,10,10,10,t,1
5622099,42829,956,41873,Australia,Private room,1.5,1,95,43,10,10,10,f,1
11778036,42829,1696,41133,Australia,Entire home/apt,2,3,6000,0,,,,f,1
15119908,42829,1076,41753,Australia,Entire home/apt,2,3,300,0,,,,t,1
17722329,42829,255,42574,Australia,Private room,1,1,63,5,9,9,9,f,1
13153710,42829,896,41933,Australia,Entire home/apt,2,3,650,5,9,10,9,f,1
16430386,42829,1364,41465,Australia,Entire home/apt,1,2,208,2,8,10,10,f,1
16299308,42829,846,41983,Australia,Entire home/apt,1,2,200,5,10,10,10,f,1
2629351,42829,1518,41311,Australia,Entire home/apt,3,2,225,1,4,10,10,f,1
4568165,42829,1270,41559,Australia,Entire home/apt,2.5,3,349,3,10,10,10,f,1
7582765,42829,680,42149,Australia,Entire home/apt,1,3,318,6,9,10,9,f,1
5551092,42829,1043,41786,Australia,Entire home/apt,4,6,2000,1,10,10,10,f,1
2601973,42829,1266,41563,Australia,Entire home/apt,2.5,3,451,0,,,,t,1
16102369,42829,1777,41052,Australia,Entire home/apt,1,1,191,0,,,,f,1
6009764,42829,724,42105,Australia,Private room,2,1,50,0,,,,f,1
15972167,42829,1518,41311,Australia,Entire home/apt,1,2,180,2,8,10,9,f,1
11515482,42829,1500,41329,Australia,Entire home/apt,1,1,200,1,10,10,10,f,1
14594467,42829,765,42064,Australia,Entire home/apt,1,0,148,5,9,10,10,f,1
16560532,42829,686,42143,Australia,Private room,1,2,68,6,10,9,10,f,1
15118688,42829,197,42632,Australia,Private room,1,1,101,27,10,10,10,t,1
4632865,42829,1156,41673,Australia,Entire home/apt,2.5,3,780,0,,,,f,1
17019153,42829,659,42170,Australia,Entire home/apt,1,2,150,0,,,,f,1
12366051,42829,358,42471,Australia,Entire home/apt,2,3,750,0,,,,f,1
4042961,42829,956,41873,Australia,Private room,1,1,600,3,10,10,8,f,1
14256153,42829,397,42432,Australia,Entire home/apt,1,2,148,6,10,10,9,f,1
16168934,42829,1355,41474,Australia,Entire home/apt,1,1,120,4,10,9,8,f,1
4731891,42829,2282,40547,Australia,Entire home/apt,2.5,4,290,24,10,10,10,f,1
9222068,42829,874,41955,Australia,Private room,1,1,88,3,10,10,10,f,1
9739931,42829,787,42042,Australia,Private room,1,1,175,4,10,10,10,f,1
7321501,42829,631,42198,Australia,Entire home/apt,2,2,180,14,7,10,9,f,1
8511011,42829,1115,41714,Australia,Private room,1,1,75,0,,,,f,1
9613456,42829,1230,41599,Australia,Private room,1,1,60,2,8,9,9,f,1
9351314,42829,513,42316,Australia,Entire home/apt,1,2,200,0,,,,t,1
6926442,42829,881,41948,Australia,Entire home/apt,1.5,2,349,20,9,10,9,f,1
12234852,42829,1723,41106,Australia,Entire home/apt,1,1,194,1,6,10,6,f,1
2731895,42829,1518,41311,Australia,Entire home/apt,3,4,900,0,,,,f,1
8957705,42829,534,42295,Australia,Entire home/apt,1,2,349,4,9,10,9,f,1
16232109,42829,121,42708,Australia,Private room,1,1,127,7,10,10,9,f,1
16560904,42829,1995,40834,Australia,Entire home/apt,2,3,285,10,10,10,9,t,1
6926972,42829,653,42176,Australia,Entire home/apt,3,4,451,0,,,,f,1
14223460,42829,1199,41630,Australia,Private room,1,1,89,1,10,10,10,f,1
13349341,42829,680,42149,Australia,Private room,1,1,78,1,10,10,10,f,1
16559248,42829,985,41844,Australia,Entire home/apt,1,1,125,0,,,,f,1
17673315,42829,2122,40707,Australia,Entire home/apt,1,2,150,0,,,,t,1
9219159,42829,1583,41246,Australia,Entire home/apt,1,1,250,0,,,,f,1
16101820,42829,132,42697,Australia,Entire home/apt,2,3,399,1,10,10,10,t,1
9546328,42829,1729,41100,Australia,Entire home/apt,1,2,180,1,6,10,6,f,1
14920247,42829,1051,41778,Australia,Entire home/apt,1,1,166,1,10,10,10,f,1
16427490,42829,958,41871,Australia,Entire home/apt,1,1,120,7,10,9,10,f,1
13740486,42829,555,42274,Australia,Entire home/apt,1,2,230,24,10,10,10,f,1
1022780,42829,1470,41359,Australia,Entire home/apt,1,2,250,0,,,,f,1
13020636,42829,1430,41399,Australia,Private room,1,1,75,9,10,10,10,f,1
16104117,42829,131,42698,Australia,Entire home/apt,4,5,600,0,,,,f,1
15904083,42829,512,42317,Australia,Entire home/apt,1,1,160,0,,,,f,1
14131567,42829,1436,41393,Australia,Entire home/apt,2.5,3,349,1,10,10,8,f,1
3647398,42829,995,41834,Australia,Entire home/apt,1,2,200,5,10,10,10,f,1
4730376,42829,1364,41465,Australia,Entire home/apt,3,4,950,8,8,9,9,f,1
4959002,42829,1220,41609,Australia,Entire home/apt,2.5,2,201,2,10,10,10,f,1
17017618,42829,926,41903,Australia,Private room,1,1,70,2,10,9,10,f,1
15706890,42829,2134,40695,Australia,Entire home/apt,1,2,150,1,,,,f,1
7842502,42829,601,42228,Australia,Entire home/apt,1.5,2,260,64,10,10,10,f,1
8170174,42829,859,41970,Australia,Entire home/apt,1,1,138,23,10,9,9,t,1
5024426,42829,814,42015,Australia,Entire home/apt,1,2,399,13,10,10,10,f,1
17999390,42829,783,42046,Australia,Private room,1,1,91,0,,,,t,1
6596071,42829,731,42098,Australia,Entire home/apt,1,0,150,0,,,,f,1
12298430,42829,646,42183,Australia,Entire home/apt,1,2,355,0,,,,f,1
10252660,42829,1777,41052,Australia,Entire home/apt,2,2,373,0,,,,f,1
14787954,42829,294,42535,Australia,Entire home/apt,1,0,99,6,10,10,9,t,1
4531335,42829,1541,41288,Australia,Entire home/apt,1.5,2,296,6,10,10,10,f,1
1811556,42829,1280,41549,Australia,Entire home/apt,2,4,551,2,9,10,8,f,1
435912,42829,2402,40427,Australia,Entire home/apt,1,1,150,58,9,10,9,f,1
10167054,42829,2050,40779,Australia,Entire home/apt,2,2,191,1,10,10,10,f,1
10658506,42829,705,42124,Australia,Private room,1,1,80,0,,,,f,1
9478810,42829,573,42256,Australia,Entire home/apt,3,3,1500,0,,,,f,1
17408667,42829,671,42158,Australia,Entire home/apt,1,2,230,0,,,,f,1
13215015,42829,313,42516,Australia,Private room,1,1,80,0,,,,f,1
14656800,42829,360,42469,Australia,Entire home/apt,4.5,4,1401,0,,,,f,1
14427389,42829,2535,40294,Australia,Entire home/apt,1,2,255,1,10,10,10,f,1
9479391,42829,783,42046,Australia,Entire home/apt,1,1,150,3,8,8,8,f,1
15901068,42829,587,42242,Australia,Private room,1,1,75,9,9,10,9,f,1
9019724,42829,874,41955,Australia,Entire home/apt,1.5,2,145,20,10,10,10,f,1
5513521,42829,1383,41446,Australia,Entire home/apt,3,3,875,2,10,10,9,f,1
14845303,42829,1426,41403,Australia,Entire home/apt,1,1,169,1,6,8,8,f,1
14393542,42829,1083,41746,Australia,Entire home/apt,1,2,131,4,9,10,10,f,1
9282390,42829,517,42312,Australia,Entire home/apt,2,2,430,2,10,10,10,f,1
15803218,42829,652,42177,Australia,Entire home/apt,2,3,250,4,9,10,9,f,1
3580737,42829,1252,41577,Australia,Private room,1,1,50,1,10,10,10,f,1
14326923,42829,1696,41133,Australia,Entire home/apt,6,6,1750,0,,,,f,1
3054512,42829,1290,41539,Australia,Entire home/apt,2,2,250,5,10,10,10,f,1
2333579,42829,1725,41104,Australia,Private room,2,1,54,10,8,10,9,f,1
14523108,42829,974,41855,Australia,Private room,1,1,116,14,10,10,10,t,1
16818294,42829,778,42051,Australia,Private room,1,1,60,0,,,,f,1
9957392,42829,1100,41729,Australia,Entire home/apt,2,1,175,1,10,10,10,f,1
16392258,42829,1441,41388,Australia,Entire home/apt,2,2,126,19,9,10,9,f,1
5742634,42829,2672,40157,Australia,Entire home/apt,1,3,225,2,9,10,9,f,1
3022851,42829,1104,41725,Australia,Private room,1,1,80,0,,,,f,1
10788811,42829,1393,41436,Australia,Private room,1,1,59,30,9,10,10,f,1
9302002,42829,1518,41311,Australia,Entire home/apt,2,2,219,3,9,8,9,f,1
7445137,42829,624,42205,Australia,Entire home/apt,1,1,130,14,10,10,9,f,1
8035930,42829,1792,41037,Australia,Entire home/apt,1,1,141,15,10,10,10,f,1
5807666,42829,738,42091,Australia,Entire home/apt,2,2,300,1,10,10,10,f,1
1546866,42829,1325,41504,Australia,Entire home/apt,1,2,349,2,10,10,10,f,1
17897740,42829,495,42334,Australia,Entire home/apt,1,2,219,0,,,,t,1
16914573,42829,220,42609,Australia,Private room,1,1,100,0,,,,f,1
17995896,42829,4,42825,Australia,Private room,1,1,110,0,,,,t,1
11706145,42829,489,42340,Australia,Private room,1,1,60,1,4,8,8,f,1
16358450,42829,112,42717,Australia,Private room,1,1,60,3,10,10,10,f,1
11212782,42829,418,42411,Australia,Private room,1,1,75,0,,,,f,1
17798846,42829,109,42720,Australia,Entire home/apt,3.5,3,451,0,,,,t,1
4711731,42829,965,41864,Australia,Entire home/apt,1,1,141,119,10,10,9,f,1
4823517,42829,1814,41015,Australia,Entire home/apt,1,1,250,0,,,,f,1
9017809,42829,602,42227,Australia,Entire home/apt,4,5,1700,1,10,10,10,f,1
8427876,42829,791,42038,Australia,Entire home/apt,1,1,89,1,10,10,10,f,1
7181790,42829,1406,41423,Australia,Entire home/apt,1,1,116,1,10,10,10,f,1
4298067,42829,1624,41205,Australia,Entire home/apt,2,3,402,109,9,10,9,t,1
5281017,42829,951,41878,Australia,Private room,1,1,70,15,9,10,9,f,1
17799117,42829,378,42451,Australia,Entire home/apt,1,1,150,1,10,10,10,f,1
15636337,42829,163,42666,Australia,Entire home/apt,1,0,109,11,9,10,9,t,1
6066662,42829,1182,41647,Australia,Entire home/apt,1,2,451,9,10,10,9,f,1
13537705,42829,330,42499,Australia,Private room,1,1,50,24,9,10,9,f,1
16617787,42829,730,42099,Australia,Private room,1,1,70,0,,,,f,1
15044639,42829,1426,41403,Australia,Entire home/apt,2,3,650,1,10,10,10,f,1
11243451,42829,1401,41428,Australia,Entire home/apt,1,3,300,0,,,,f,1
16617402,42829,636,42193,Australia,Entire home/apt,3.5,4,1165,0,,,,t,1
13210561,42829,313,42516,Australia,Entire home/apt,2,1,230,11,10,10,10,t,1
16159555,42829,1364,41465,Australia,Entire home/apt,4,3,483,0,,,,f,1
14062388,42829,264,42565,Australia,Entire home/apt,1,3,300,0,,,,t,1
9081512,42829,584,42245,Australia,Entire home/apt,3,4,1000,4,10,10,9,f,1
5606560,42829,757,42072,Australia,Entire home/apt,1,1,120,5,9,9,9,f,1
5280761,42829,788,42041,Australia,Private room,1,1,160,0,,,,f,1
9276019,42829,1283,41546,Australia,Private room,1,1,55,34,10,10,10,t,1
15894914,42829,1364,41465,Australia,Entire home/apt,3,4,520,0,,,,f,1
4623703,42829,867,41962,Australia,Entire home/apt,1,1,130,3,9,9,9,f,1
1281339,42829,1399,41430,Australia,Entire home/apt,1,1,120,11,10,10,10,f,1
2000929,42829,1223,41606,Australia,Entire home/apt,1,3,325,99,9,10,9,f,1
9537447,42829,1632,41197,Australia,Entire home/apt,2,2,183,1,10,10,10,f,1
5539711,42829,1498,41331,Australia,Entire home/apt,1,1,142,6,9,10,10,f,1
9865086,42829,1265,41564,Australia,Entire home/apt,1,2,285,1,10,10,10,f,1
9669563,42829,922,41907,Australia,Entire home/apt,1,2,160,0,,,,f,1
1280717,42829,2535,40294,Australia,Entire home/apt,2,2,300,12,10,10,9,f,1
10259117,42829,1247,41582,Australia,Entire home/apt,1,1,120,3,9,7,5,f,1
1869962,42829,1317,41512,Australia,Entire home/apt,4,5,1200,0,,,,f,1
7309436,42829,1585,41244,Australia,Entire home/apt,2,3,399,0,,,,f,1
13418731,42829,1881,40948,Australia,Entire home/apt,1.5,2,200,2,9,9,9,f,1
17449168,42829,830,41999,Australia,Entire home/apt,3,5,1249,0,,,,f,1
13468795,42829,297,42532,Australia,Private room,1.5,1,100,4,10,10,10,f,1
15959102,42829,1049,41780,Australia,Entire home/apt,1,3,551,0,,,,t,1
10256817,42829,780,42049,Australia,Entire home/apt,1,2,201,7,10,10,10,f,1
426398,42829,1828,41001,Australia,Entire home/apt,1,0,105,83,9,10,9,f,1
16356680,42829,947,41882,Australia,Entire home/apt,1,2,115,6,9,8,8,f,1
3768209,42829,1284,41545,Australia,Entire home/apt,1,1,100,3,6,9,8,f,1
9535005,42829,502,42327,Australia,Entire home/apt,2,3,281,0,,,,f,1
9928069,42829,860,41969,Australia,Private room,2,1,90,1,10,10,10,f,1
11375756,42829,409,42420,Australia,Private room,1,1,75,9,9,10,10,f,1
3243725,42829,1763,41066,Australia,Private room,2,1,94,44,9,10,9,f,1
11513739,42829,402,42427,Australia,Entire home/apt,1,2,400,0,,,,f,1
15875867,42829,147,42682,Australia,Entire home/apt,1,2,220,1,,,,t,1
2128508,42829,1194,41635,Australia,Entire home/apt,2,4,554,3,10,10,10,f,1
1669469,42829,1311,41518,Australia,Entire home/apt,1,2,400,3,9,9,9,f,1
7203331,42829,980,41849,Australia,Private room,1,1,66,1,8,10,8,t,1
6518475,42829,965,41864,Australia,Entire home/apt,3.5,5,600,6,10,10,10,f,1
16545478,42829,144,42685,Australia,Entire home/apt,2,3,800,1,10,,,f,1
11105926,42829,423,42406,Australia,Entire home/apt,1,1,320,30,10,10,10,f,1
15722011,42829,1385,41444,Australia,Private room,1,1,149,0,,,,f,1
16834961,42829,76,42753,Australia,Private room,2,1,69,0,,,,t,1
5666218,42829,751,42078,Australia,Entire home/apt,1,1,75,9,9,10,10,f,1
15103381,42829,42829,,Australia,Private room,1,1,79,2,,,,f,1
14839874,42829,587,42242,Australia,Entire home/apt,2,2,201,2,10,10,10,f,1
9714807,42828,491,42337,Australia,Entire home/apt,1,2,170,1,10,10,10,f,1
6615005,42828,819,42009,Australia,Private room,1,1,80,0,,,,f,1
4810700,42828,1379,41449,Australia,Private room,1,1,149,1,8,10,10,f,1
1927075,42828,1744,41084,Australia,Entire home/apt,1.5,2,380,10,10,10,10,f,1
9594640,42828,632,42196,Australia,Entire home/apt,1,1,229,7,10,9,10,f,1
16148167,42828,587,42241,Australia,Entire home/apt,1,1,250,0,,,,f,1
16147418,42828,1322,41506,Australia,Entire home/apt,2,3,250,3,10,9,10,f,1
16277111,42828,1293,41535,Australia,Entire home/apt,1,1,185,2,10,10,10,f,1
14389530,42828,240,42588,Australia,Entire home/apt,2,2,250,2,10,10,10,f,1
16410243,42828,593,42235,Australia,Entire home/apt,1,1,100,0,,,,f,1
4679084,42828,1572,41256,Australia,Entire home/apt,1,3,400,9,9,10,9,f,1
4810097,42828,843,41985,Australia,Entire home/apt,1,2,201,27,9,10,10,t,1
26174,42828,2541,40287,Australia,Private room,1,1,69,23,10,10,9,t,1
3760508,42828,1096,41732,Australia,Private room,1.5,1,100,0,,,,f,1
13590634,42828,1083,41745,Australia,Entire home/apt,1,2,149,0,,,,f,1
12410855,42828,2084,40744,Australia,Entire home/apt,2,3,454,28,10,10,10,f,1
12476395,42828,1605,41223,Australia,Entire home/apt,1,1,180,0,,,,f,1
1990277,42828,1666,41162,Australia,Entire home/apt,1.5,2,237,6,8,9,8,f,1
16146044,42828,839,41989,Australia,Private room,1,1,121,1,10,8,8,f,1
36909,42828,2463,40365,Australia,Private room,1,1,80,8,9,10,10,f,1
5594605,42828,756,42072,Australia,Entire home/apt,1,1,69,0,,,,f,1
17799307,42828,14,42814,Australia,Entire home/apt,1,2,149,1,10,10,10,f,1
3095085,42828,1584,41244,Australia,Entire home/apt,2,3,300,0,,,,f,1
15929307,42828,1068,41760,Australia,Entire home/apt,1,2,250,1,10,10,10,f,1
8870961,42828,986,41842,Australia,Entire home/apt,1,1,110,1,10,8,8,f,1
8281113,42828,588,42240,Australia,Entire home/apt,1,2,400,0,,,,t,1
17390540,42828,384,42444,Australia,Entire home/apt,1,2,201,0,,,,t,1
16341900,42828,196,42632,Australia,Entire home/apt,1,1,149,1,8,10,8,f,1
14506840,42828,492,42336,Australia,Entire home/apt,1,2,398,5,10,10,9,f,1
15721779,42828,976,41852,Australia,Private room,1,1,101,2,10,10,9,f,1
15870320,42828,1356,41472,Australia,Private room,1,1,66,0,,,,f,1
16472687,42828,143,42685,Australia,Entire home/apt,1.5,1,350,1,10,10,10,f,1
12933728,42828,353,42475,Australia,Entire home/apt,1,1,100,5,10,9,10,t,1
2841155,42828,1174,41654,Australia,Entire home/apt,1,1,145,71,9,10,9,t,1
4673338,42828,859,41969,Australia,Entire home/apt,2,2,130,3,10,10,10,f,1
17783331,42828,15,42813,Australia,Entire home/apt,2,4,497,1,8,10,8,t,1
13717608,42828,294,42534,Australia,Entire home/apt,2,2,330,44,10,10,10,f,1
7884856,42828,1282,41546,Australia,Entire home/apt,1,1,189,10,10,10,9,f,1
232795,42828,2216,40612,Australia,Private room,1,1,90,17,10,10,10,f,1
232793,42828,2216,40612,Australia,Private room,1,1,90,37,10,10,9,f,1
16207865,42828,146,42682,Australia,Entire home/apt,4,4,1500,3,10,10,10,f,1
16338931,42828,1170,41658,Australia,Entire home/apt,2,3,364,0,,,,f,1
12472216,42828,1129,41699,Australia,Entire home/apt,1.5,2,295,9,9,10,10,f,1
13914593,42828,1084,41744,Australia,Entire home/apt,2,4,425,13,10,10,9,f,1
17191202,42828,1042,41786,Australia,Entire home/apt,1,2,300,1,10,10,10,f,1
804455,42828,1776,41052,Australia,Private room,1,1,75,29,10,10,9,f,1
12531701,42828,676,42152,Australia,Entire home/apt,1,1,139,5,10,10,10,f,1
540789,42828,1777,41051,Australia,Private room,2,1,85,95,9,9,9,f,1
13251780,42828,684,42144,Australia,Private room,1,1,52,0,,,,f,1
209776,42828,2203,40625,Australia,Entire home/apt,1,1,140,17,8,9,7,f,1
9122297,42828,1331,41497,Australia,Entire home/apt,1,1,115,7,9,9,9,f,1
1257571,42828,1392,41436,Australia,Entire home/apt,1,2,139,23,7,9,7,f,1
12594320,42828,1048,41780,Australia,Entire home/apt,1,1,249,8,10,10,10,f,1
796971,42828,1833,40995,Australia,Entire home/apt,1,1,69,19,8,9,9,f,1
16263468,42828,562,42266,Australia,Entire home/apt,1,1,220,0,,,,f,1
6276518,42828,700,42128,Australia,Private room,1.5,1,50,2,,,,f,1
9120472,42828,1695,41133,Australia,Entire home/apt,4,3,2800,1,10,10,10,f,1
11085400,42828,898,41930,Australia,Private room,1,1,100,2,7,10,9,f,1
15821634,42828,249,42579,Australia,Entire home/apt,1,1,130,6,9,9,9,t,1
17836052,42828,673,42155,Australia,Entire home/apt,3,3,350,0,,,,f,1
15845702,42828,1216,41612,Australia,Entire home/apt,1,2,201,4,10,10,10,f,1
5906496,42828,1574,41254,Australia,Entire home/apt,3,3,901,1,10,10,10,f,1
16195552,42828,123,42705,Australia,Entire home/apt,2.5,3,275,3,9,10,8,t,1
16261075,42828,1934,40894,Australia,Entire home/apt,2,3,1000,0,,,,f,1
16260443,42828,511,42317,Australia,Entire home/apt,3,4,720,0,,,,f,1
17370723,42828,1431,41397,Australia,Entire home/apt,2,3,975,0,,,,f,1
14555779,42828,231,42597,Australia,Private room,1,1,60,10,10,10,9,t,1
5840004,42828,734,42094,Australia,Entire home/apt,1,1,201,0,,,,f,1
9051098,42828,771,42057,Australia,Entire home/apt,1,2,339,1,10,8,8,f,1
4528234,42828,877,41951,Australia,Entire home/apt,1,2,499,6,9,10,9,f,1
16259148,42828,312,42516,Australia,Entire home/apt,1,2,201,1,8,8,8,f,1
4787863,42828,1714,41114,Australia,Entire home/apt,1,1,170,9,9,10,9,f,1
8392326,42828,566,42262,Australia,Entire home/apt,1,2,600,0,,,,f,1
17305206,42828,548,42280,Australia,Entire home/apt,1,1,140,11,10,10,10,f,1
16125427,42828,1408,41420,Australia,Entire home/apt,1.5,3,551,1,10,10,10,t,1
2100669,42828,1724,41104,Australia,Private room,3,1,75,9,9,10,8,f,1
15535508,42828,1702,41126,Australia,Entire home/apt,1,2,128,18,10,10,9,f,1
6926609,42828,1025,41803,Australia,Entire home/apt,1,2,160,18,10,10,10,f,1
13439477,42828,737,42091,Australia,Shared room,1,1,41,0,,,,f,1
9638173,42828,953,41875,Australia,Entire home/apt,1,0,110,65,9,10,9,f,1
15208167,42828,1695,41133,Australia,Entire home/apt,3,3,1901,0,,,,f,1
15340642,42828,203,42625,Australia,Private room,1,2,121,0,,,,f,1
13949092,42828,1440,41388,Australia,Private room,1,1,149,0,,,,f,1
6428036,42828,1269,41559,Australia,Entire home/apt,1.5,2,290,9,10,10,9,f,1
9667269,42828,1047,41781,Australia,Entire home/apt,1,1,121,23,8,9,8,f,1
8979997,42828,532,42296,Australia,Private room,1,1,94,8,10,10,10,f,1
7407049,42828,851,41977,Australia,Private room,1,1,125,0,,,,f,1
9700661,42828,536,42292,Australia,Entire home/apt,1,2,201,1,8,10,8,f,1
17302811,42828,46,42782,Australia,Entire home/apt,3,5,1050,0,,,,t,1
16385176,42828,313,42515,Australia,Private room,1,1,68,0,,,,f,1
7777131,42828,865,41963,Australia,Entire home/apt,1,0,121,36,10,10,10,f,1
459888,42828,1796,41032,Australia,Private room,1,1,121,0,,,,f,1
10552409,42828,1776,41052,Australia,Entire home/apt,1,2,218,1,8,10,10,f,1
18023492,42828,1765,41063,Australia,Private room,1,1,85,0,,,,f,1
7406644,42828,851,41977,Australia,Private room,1,1,250,0,,,,f,1
9391084,42828,1793,41035,Australia,Entire home/apt,1,2,250,2,10,10,10,f,1
15008735,42828,1141,41687,Australia,Entire home/apt,1,1,201,0,,,,f,1
4653849,42828,1777,41051,Australia,Private room,2,1,79,32,10,10,9,f,1
9569057,42828,509,42319,Australia,Entire home/apt,1,0,121,2,10,8,8,f,1
8847962,42828,958,41870,Australia,Entire home/apt,1,2,201,3,10,10,10,f,1
12266253,42828,485,42343,Australia,Private room,1,1,98,0,,,,f,1
3932748,42828,956,41872,Australia,Entire home/apt,1,2,201,1,10,10,10,f,1
16122416,42828,254,42574,Australia,Entire home/apt,3,4,250,1,8,10,10,f,1
7407572,42828,625,42203,Australia,Entire home/apt,1,2,229,5,10,10,9,f,1
1967351,42828,1230,41598,Australia,Entire home/apt,1,2,250,8,10,10,9,f,1
13436134,42828,313,42515,Australia,Entire home/apt,1.5,2,250,1,10,10,10,f,1
12714456,42828,1706,41122,Australia,Entire home/apt,1,2,220,10,9,10,10,f,1
16406244,42828,1372,41456,Australia,Private room,1,1,180,0,,,,t,1
10093274,42828,1683,41145,Australia,Private room,1,1,66,0,,,,f,1
16580841,42828,1861,40967,Australia,Entire home/apt,1,1,62,0,,,,t,1
2097368,42828,1202,41626,Australia,Entire home/apt,1,1,111,7,10,10,10,f,1
9961629,42828,485,42343,Australia,Private room,1,1,69,12,10,10,9,f,1
9175153,42828,833,41995,Australia,Private room,1,1,45,65,9,9,9,t,1
15204374,42828,1363,41465,Australia,Entire home/apt,1,2,260,0,,,,f,1
9262441,42828,663,42165,Australia,Private room,2,1,51,1,2,6,2,f,1
10125333,42828,469,42359,Australia,Entire home/apt,1.5,2,890,0,,,,f,1
9437268,42828,508,42320,Australia,Entire home/apt,2.5,3,400,5,10,10,9,f,1
10071934,42829,473,42356,Australia,Private room,1,1,130,0,,,,f,1
11834153,42829,1321,41508,Australia,Private room,1,1,75,8,10,10,9,f,1
16219572,42830,124,42706,Australia,Private room,2,1,60,2,6,10,10,t,1
15920193,42830,1086,41744,Australia,Private room,1,1,88,11,10,10,10,f,1
17613356,42829,27,42802,Australia,Private room,1,1,50,0,,,,f,1
17833640,42828,274,42554,Australia,Private room,1,1,45,0,,,,f,1
18014695,42829,2,42827,Australia,Private room,2,1,194,0,,,,f,1
10636031,42829,477,42352,Australia,Private room,1,1,39,1,8,10,10,f,1
17374990,42829,526,42303,Australia,Private room,1,1,50,4,10,10,10,t,1
17008360,42829,255,42574,Australia,Private room,1,1,100,0,,,,t,1
16902721,42830,94,42736,Australia,Private room,1,1,70,0,,,,t,1
1963395,42830,1232,41598,Australia,Entire home/apt,1,1,150,90,9,9,9,f,1
17164451,42830,82,42748,Australia,Private room,1,1,68,2,10,10,10,t,1
17227853,42829,275,42554,Australia,Private room,1,1,50,0,,,,f,1
16770466,42829,275,42554,Australia,Private room,1.5,1,50,1,10,10,10,f,1
15593936,42830,170,42660,Australia,Private room,1,1,99,1,10,10,10,f,1
13890052,42830,765,42065,Australia,Entire home/apt,2,2,160,9,9,10,9,f,1
15649978,42829,162,42667,Australia,Entire home/apt,2,3,171,6,9,10,10,f,1
18007729,42829,472,42357,Australia,Shared room,1,1,30,0,,,,f,1
17646409,42828,721,42107,Australia,Shared room,1,1,28,0,,,,f,1
15333943,42829,275,42554,Australia,Shared room,2,1,25,1,10,10,10,f,1
12524083,42829,555,42274,Australia,Shared room,1,1,25,9,9,8,9,f,1
15333545,42829,275,42554,Australia,Shared room,2,1,50,0,,,,f,1
17134069,42829,57,42772,Australia,Private room,1,0,47,0,,,,t,1
1620237,42829,1309,41520,Australia,Private room,1,1,39,37,10,9,10,f,1
13034712,42829,399,42430,Australia,Private room,1,1,45,14,10,9,10,f,1
11403617,42828,497,42331,Australia,Private room,1,1,128,42,9,9,9,t,1
7471411,42828,626,42202,Australia,Shared room,1,1,90,19,9,8,8,f,1
14538344,42828,239,42589,Australia,Private room,1,1,69,10,9,9,9,f,1
16325543,42828,510,42318,Australia,Entire home/apt,1,2,149,1,10,8,10,f,1
12812807,42828,352,42476,Australia,Entire home/apt,2,2,100,24,10,10,9,f,1
17239097,42828,50,42778,Australia,Entire home/apt,2,2,300,0,,,,t,1
10530021,42828,1349,41479,Australia,Private room,1,1,60,15,9,9,8,f,1
17981970,42828,3,42825,Australia,Private room,1.5,1,98,0,,,,t,1
17896071,42828,763,42065,Australia,Entire home/apt,1,1,140,0,,,,f,1
16454357,42828,522,42306,Australia,Private room,1,1,50,3,9,9,9,t,1
9638697,42828,495,42333,Australia,Private room,2,1,56,14,9,10,10,f,1
16520036,42828,98,42730,Australia,Entire home/apt,1,3,121,9,8,10,9,t,1
15476823,42828,274,42554,Australia,Shared room,1.5,1,33,1,6,,,f,1
12529851,42828,626,42202,Australia,Shared room,1,1,30,0,,,,f,1
10124383,42828,869,41959,Australia,Private room,1,1,75,1,6,8,8,f,1
982287,42828,1614,41214,Australia,Entire home/apt,1.5,2,125,5,10,9,10,f,1
10300448,42828,497,42331,Australia,Private room,1,1,98,51,10,10,9,t,1
4009145,42828,1774,41054,Australia,Entire home/apt,2,4,311,9,10,8,10,f,1
15154031,42828,460,42368,Australia,Shared room,1,1,25,8,10,10,10,f,1
15350760,42828,460,42368,Australia,Private room,1,1,50,4,9,10,8,f,1
8996056,42828,810,42018,Australia,Entire home/apt,1,2,130,2,8,10,10,f,1
17907872,42828,721,42107,Australia,Shared room,1,1,26,0,,,,f,1
10437104,42828,452,42376,Australia,Private room,1,1,48,0,,,,f,1
8599479,42828,554,42274,Australia,Shared room,1,1,20,3,10,10,10,f,1
7947191,42828,626,42202,Australia,Private room,1,1,121,2,10,7,9,f,1
17275276,42828,47,42781,Australia,Private room,1,1,69,3,9,10,10,f,1
17578818,42828,525,42303,Australia,Entire home/apt,1,1,75,0,,,,t,1
7732367,42828,607,42221,Australia,Private room,1,1,60,5,9,9,10,t,1
16534409,42828,232,42596,Australia,Entire home/apt,1,2,180,1,10,10,10,f,1
15748935,42828,522,42306,Australia,Private room,1,1,50,4,9,10,10,f,1
13820801,42828,274,42554,Australia,Shared room,1.5,1,25,0,,,,f,1
17611155,42828,28,42800,Australia,Private room,3,3,168,2,9,9,9,f,1
8022147,42828,839,41989,Australia,Private room,1,1,38,12,9,8,8,f,1
1530806,42828,1614,41214,Australia,Private room,1.5,1,55,76,9,9,10,f,1
11366444,42829,42829,,Australia,Shared room,1,1,50,0,,,,f,1
13660666,42829,285,42544,Australia,Entire home/apt,1,3,201,0,,,,t,1
17607843,42828,30,42798,Australia,Private room,8,10,80,0,,,,t,1
9884938,42829,582,42247,Australia,Private room,2,1,51,2,7,8,9,t,1
15101580,42830,234,42596,Australia,Entire home/apt,1,1,80,39,10,9,10,t,1
16997750,42829,212,42617,Australia,Entire home/apt,2,3,290,2,10,10,10,f,1
2151861,42829,1187,41642,Australia,Private room,0.5,1,120,0,,,,f,1
9794478,42830,925,41905,Australia,Entire home/apt,1,3,135,20,9,9,9,f,1
14580887,42829,559,42270,Australia,Private room,1,1,100,16,10,10,10,f,1
7724423,42829,627,42202,Australia,Shared room,1,1,30,11,10,10,10,f,1
17751475,42829,51,42778,Australia,Shared room,1,1,42,0,,,,f,1
7831738,42829,612,42217,Australia,Entire home/apt,1,1,110,19,10,10,10,f,1
12370838,42829,547,42282,Australia,Private room,1,1,70,5,9,8,9,f,1
10396095,42829,454,42375,Australia,Private room,1,1,60,0,,,,f,1
6007727,42829,1004,41825,Australia,Private room,1,1,60,16,10,10,10,f,1
17751391,42829,51,42778,Australia,Shared room,1,1,42,0,,,,f,1
16579890,42830,95,42735,Australia,Private room,1,1,60,0,,,,f,1
16325317,42830,512,42318,Australia,Shared room,1,1,25,1,10,8,10,t,1
15789677,42830,497,42333,Australia,Private room,1,1,38,5,10,7,9,f,1
16441457,42829,238,42591,Australia,Entire home/apt,1.5,3,70,3,9,10,9,f,1
10473755,42829,1350,41479,Australia,Shared room,2,1,32,22,8,8,8,f,1
17878782,42829,1178,41651,Australia,Private room,1,1,60,1,6,10,8,t,1
17613879,42829,722,42107,Australia,Shared room,1,1,28,0,,,,f,1
17021153,42829,63,42766,Australia,Private room,1,1,55,2,10,,,t,1
11908565,42829,627,42202,Australia,Shared room,1,1,30,33,9,9,10,f,1
13282892,42829,309,42520,Australia,Private room,2,1,30,1,10,10,10,f,1
17673770,42829,23,42806,Australia,Private room,1,1,75,0,,,,t,1
17997049,42829,4,42825,Australia,Shared room,1,1,24,0,,,,t,1
9874706,42829,582,42247,Australia,Private room,2,1,50,8,8,7,8,t,1
16460160,42829,174,42655,Australia,Private room,1,1,55,0,,,,f,1
17867710,42829,233,42596,Australia,Private room,1,0,49,0,,,,f,1
15312674,42829,511,42318,Australia,Private room,1,1,100,0,,,,f,1
17407356,42829,55,42774,Australia,Private room,1,1,99,1,10,10,10,t,1
4561074,42829,874,41955,Australia,Entire home/apt,1.5,2,70,1,8,10,10,f,1
16220602,42829,123,42706,Australia,Private room,1,1,60,10,10,9,10,t,1
16677914,42829,275,42554,Australia,Private room,1.5,1,50,0,,,,f,1
17593882,42829,29,42800,Australia,Private room,2,2,62,0,,,,f,1
15168714,42829,547,42282,Australia,Private room,1,1,60,4,9,9,9,f,1
12609458,42828,1162,41666,Australia,Entire home/apt,2,2,250,0,,,,f,1
15360852,42828,764,42064,Australia,Private room,1,1,60,11,9,9,9,f,1
12475575,42828,626,42202,Australia,Shared room,1,1,60,3,7,9,7,f,1
8739897,42828,546,42282,Australia,Private room,2,1,69,22,10,9,10,f,1
13520507,42828,554,42274,Australia,Private room,1,1,35,13,9,9,10,f,1
15484391,42828,802,42026,Australia,Private room,1,1,45,21,9,8,10,f,1
14374847,42828,294,42534,Australia,Private room,1,1,50,1,,,,f,1
16455766,42828,104,42724,Australia,Private room,1,0,60,4,8,9,9,t,1
12260428,42828,362,42466,Australia,Private room,1,1,79,5,9,9,9,f,1
17018432,42828,473,42355,Australia,Private room,1,1,69,0,,,,f,1
16973919,42828,66,42762,Australia,Private room,2,1,52,3,10,9,10,f,1
17896732,42828,96,42732,Australia,Private room,1,1,60,1,10,10,10,t,1
15422885,42828,460,42368,Australia,Shared room,1,1,25,5,9,10,9,f,1
17592788,42829,2206,40623,Australia,Entire home/apt,2,3,400,0,,,,t,1
17593272,42829,2206,40623,Australia,Private room,1,1,131,0,,,,t,1
18028079,42828,274,42554,Australia,Entire home/apt,1,0,121,0,,,,t,1
18013365,42829,936,41893,Australia,Private room,1,1,80,0,,,,t,1
18025081,42828,525,42303,Australia,Private room,1,1,85,0,,,,f,1
15633136,42829,778,42051,Australia,Entire home/apt,2,3,210,1,10,10,8,f,1